0.4	0.002005
0.401	0.005048
0.402	0.003782
0.403	0.007244
0.404	0.008548
0.405	0.008686
0.406	0.008686
0.407	0.008686
0.408	0.008731
0.409	0.009152
0.41	0.009125
0.411	0.007832
0.412	0.00954
0.413	0.010796
0.414	0.010785
0.415	0.009479
0.416	0.008223
0.417	0.00986
0.418	0.009794
0.419	0.013172
0.42	0.013144
0.421	0.013122
0.422	0.013144
0.423	0.01487
0.424	0.01657
0.425	0.014898
0.426	0.015257
0.427	0.012676
0.428	0.011026
0.429	0.012705
0.43	0.016954
0.431	0.01438
0.432	0.016035
0.433	0.014749
0.434	0.016038
0.435	0.019331
0.436	0.019351
0.437	0.019367
0.438	0.01807
0.439	0.019695
0.44	0.019684
0.441	0.0197
0.442	0.018371
0.443	0.020032
0.444	0.021289
0.445	0.021274
0.446	0.019992
0.447	0.021644
0.448	0.019978
0.449	0.021574
0.45	0.021652
0.451	0.021661
0.452	0.024856
0.453	0.024792
0.454	0.024895
0.455	0.024856
0.456	0.026495
0.457	0.026465
0.458	0.026301
0.459	0.026242
0.46	0.027248
0.461	0.027161
0.462	0.02463
0.463	0.024693
0.464	0.026343
0.465	0.024946
0.466	0.026147
0.467	0.026272
0.468	0.026254
0.469	0.026218
0.47	0.02629
0.471	0.029457
0.472	0.029457
0.473	0.029457
0.474	0.029479
0.475	0.029545
0.476	0.030982
0.477	0.031005
0.478	0.030958
0.479	0.030863
0.48	0.030934
0.481	0.031029
0.482	0.03091
0.483	0.029551
0.484	0.030768
0.485	0.030674
0.486	0.033394
0.487	0.03249
0.488	0.032516
0.489	0.034886
0.49	0.030697
0.491	0.032183
0.492	0.03065
0.493	0.032361
0.494	0.032464
0.495	0.032259
0.496	0.032285
0.497	0.036276
0.498	0.033817
0.499	0.034093
0.5	0.036421
0.501	0.034696
0.502	0.036363
0.503	0.036247
0.504	0.036305
0.505	0.036247
0.506	0.036276
0.507	0.036189
0.508	0.036247
0.509	0.037712
0.51	0.037742
0.511	0.037562
0.512	0.037652
0.513	0.037473
0.514	0.037503
0.515	0.041983
0.516	0.037355
0.517	0.038516
0.518	0.041538
0.519	0.038607
0.52	0.042052
0.521	0.038881
0.522	0.03882
0.523	0.041845
0.524	0.03989
0.525	0.039859
0.526	0.039735
0.527	0.04164
0.528	0.044033
0.529	0.044033
0.53	0.043962
0.531	0.043856
0.532	0.040763
0.533	0.044175
0.534	0.04457
0.535	0.044498
0.536	0.044283
0.537	0.047051
0.538	0.046751
0.539	0.046788
0.54	0.046565
0.541	0.046454
0.542	0.043415
0.543	0.044527
0.544	0.047662
0.545	0.044426
0.546	0.044731
0.547	0.046085
0.548	0.04619
0.549	0.049023
0.55	0.048792
0.551	0.048563
0.552	0.049569
0.553	0.04642
0.554	0.049415
0.555	0.047652
0.556	0.050685
0.557	0.050764
0.558	0.051119
0.559	0.050587
0.56	0.050349
0.561	0.051518
0.562	0.052781
0.563	0.055092
0.564	0.053557
0.565	0.053722
0.566	0.053764
0.567	0.055049
0.568	0.055091
0.569	0.055175
0.57	0.056816
0.571	0.057704
0.572	0.057349
0.573	0.056335
0.574	0.058381
0.575	0.058655
0.576	0.057338
0.577	0.05949
0.578	0.059962
0.579	0.061194
0.58	0.059696
0.581	0.059373
0.582	0.059236
0.583	0.05919
0.584	0.05965
0.585	0.064253
0.586	0.0625
0.587	0.063736
0.588	0.059696
0.589	0.0625
0.59	0.063851
0.591	0.062163
0.592	0.063443
0.593	0.063395
0.594	0.063201
0.595	0.063883
0.596	0.064723
0.597	0.065903
0.598	0.066156
0.599	0.067328
0.6	0.066725
0.601	0.066474
0.602	0.066125
0.603	0.068392
0.604	0.06829
0.605	0.069605
0.606	0.0695
0.607	0.070486
0.608	0.068779
0.609	0.068881
0.61	0.068932
0.611	0.07023
0.612	0.07023
0.613	0.070024
0.614	0.070075
0.615	0.070075
0.616	0.069921
0.617	0.071164
0.618	0.072386
0.619	0.071589
0.62	0.071906
0.621	0.073011
0.622	0.073436
0.623	0.072709
0.624	0.074973
0.625	0.073011
0.626	0.073064
0.627	0.073382
0.628	0.075139
0.629	0.075001
0.63	0.07608
0.631	0.074892
0.632	0.074838
0.633	0.074621
0.634	0.07586
0.635	0.075806
0.636	0.078348
0.637	0.077044
0.638	0.078508
0.639	0.080413
0.64	0.080528
0.641	0.080586
0.642	0.080643
0.643	0.07817
0.644	0.080413
0.645	0.081705
0.646	0.081647
0.647	0.081242
0.648	0.079673
0.649	0.081242
0.65	0.081531
0.651	0.083058
0.652	0.084294
0.653	0.084654
0.654	0.084957
0.655	0.080671
0.656	0.081633
0.657	0.087012
0.658	0.086399
0.659	0.086582
0.66	0.083826
0.661	0.088376
0.662	0.088313
0.663	0.08905
0.664	0.089364
0.665	0.089427
0.666	0.089427
0.667	0.0879
0.668	0.090921
0.669	0.090665
0.67	0.090538
0.671	0.09041
0.672	0.088412
0.673	0.090878
0.674	0.091189
0.675	0.091501
0.676	0.092615
0.677	0.091689
0.678	0.092741
0.679	0.092552
0.68	0.091737
0.681	0.091924
0.682	0.093218
0.683	0.094449
0.684	0.094577
0.685	0.096847
0.686	0.097043
0.687	0.097109
0.688	0.097307
0.689	0.098743
0.69	0.098343
0.691	0.098343
0.692	0.099577
0.693	0.099711
0.694	0.101288
0.695	0.101151
0.696	0.101426
0.697	0.1008
0.698	0.101421
0.699	0.103675
0.7	0.103329
0.701	0.103515
0.702	0.103583
0.703	0.103721
0.704	0.105281
0.705	0.105561
0.706	0.105631
0.707	0.106921
0.708	0.105421
0.709	0.106567
0.71	0.109001
0.711	0.11029
0.712	0.109782
0.713	0.10971
0.714	0.109854
0.715	0.109638
0.716	0.109278
0.717	0.111765
0.718	0.111912
0.719	0.11228
0.72	0.11401
0.721	0.11063
0.722	0.111912
0.723	0.112826
0.724	0.115616
0.725	0.115064
0.726	0.116046
0.727	0.115673
0.728	0.115465
0.729	0.11524
0.73	0.11554
0.731	0.116293
0.732	0.118036
0.733	0.119169
0.734	0.12135
0.735	0.122081
0.736	0.122081
0.737	0.120867
0.738	0.122072
0.739	0.122072
0.74	0.122229
0.741	0.12215
0.742	0.121923
0.743	0.121292
0.744	0.122568
0.745	0.124165
0.746	0.122725
0.747	0.123846
0.748	0.126325
0.749	0.126404
0.75	0.126164
0.751	0.125843
0.752	0.124964
0.753	0.127525
0.754	0.125767
0.755	0.126324
0.756	0.127527
0.757	0.12889
0.758	0.127205
0.759	0.131133
0.76	0.131671
0.761	0.130065
0.762	0.129821
0.763	0.131258
0.764	0.131588
0.765	0.131671
0.766	0.131753
0.767	0.131671
0.768	0.132285
0.769	0.133998
0.77	0.13356
0.771	0.13356
0.772	0.134753
0.773	0.133497
0.774	0.135968
0.775	0.136053
0.776	0.136881
0.777	0.137052
0.778	0.137309
0.779	0.138071
0.78	0.138443
0.781	0.136739
0.782	0.137985
0.783	0.139958
0.784	0.139609
0.785	0.140451
0.786	0.141243
0.787	0.141154
0.788	0.142831
0.789	0.143277
0.79	0.142565
0.791	0.142743
0.792	0.141596
0.793	0.142958
0.794	0.138834
0.795	0.143046
0.796	0.144418
0.797	0.145022
0.798	0.144629
0.799	0.144643
0.8	0.150527
0.804	0.151981
0.808	0.155715
0.812	0.157402
0.816	0.156155
0.82	0.157206
0.824	0.158223
0.828	0.159828
0.832	0.162585
0.836	0.164328
0.84	0.164467
0.844	0.165384
0.848	0.168623
0.852	0.169717
0.856	0.171707
0.86	0.172192
0.864	0.176055
0.868	0.174961
0.872	0.176138
0.876	0.177704
0.88	0.179354
0.884	0.180621
0.888	0.181101
0.892	0.181578
0.896	0.181584
0.9	0.182551
0.904	0.184183
0.908	0.185142
0.912	0.187354
0.916	0.189665
0.92	0.191361
0.924	0.191055
0.928	0.193768
0.932	0.193975
0.936	0.19733
0.94	0.197784
0.944	0.198623
0.948	0.202375
0.952	0.202195
0.956	0.202488
0.96	0.20468
0.964	0.208636
0.968	0.207909
0.972	0.210376
0.976	0.212165
0.98	0.213199
0.984	0.21174
0.988	0.210371
0.992	0.21595
0.996	0.218004
1	0.218531
1.004	0.218984
1.008	0.222524
1.012	0.222612
1.016	0.224767
1.02	0.226614
1.024	0.226495
1.028	0.228532
1.032	0.22967
1.036	0.232592
1.04	0.231823
1.044	0.233484
1.048	0.232874
1.052	0.235531
1.056	0.236266
1.06	0.239783
1.064	0.239283
1.068	0.239911
1.072	0.240683
1.076	0.244843
1.08	0.24659
1.084	0.245311
1.088	0.24772
1.092	0.249064
1.096	0.249929
1.1	0.248803
1.104	0.250322
1.108	0.251388
1.112	0.253367
1.116	0.255153
1.12	0.256361
1.124	0.259338
1.128	0.263418
1.132	0.262168
1.136	0.260496
1.14	0.259373
1.144	0.260225
1.148	0.26219
1.152	0.264172
1.156	0.267635
1.16	0.267651
1.164	0.268064
1.168	0.268612
1.172	0.270672
1.176	0.272585
1.18	0.274228
1.184	0.274398
1.188	0.275907
1.192	0.274969
1.196	0.277884
1.2	0.278175
1.204	0.27803
1.208	0.278848
1.212	0.278411
1.216	0.28116
1.22	0.283315
1.224	0.287109
1.228	0.287918
1.232	0.291722
1.236	0.292217
1.24	0.291908
1.244	0.288116
1.248	0.286552
1.252	0.29095
1.256	0.291291
1.26	0.292246
1.264	0.291938
1.268	0.291324
1.272	0.290028
1.276	0.291467
1.28	0.293051
1.284	0.293858
1.288	0.295284
1.292	0.29684
1.296	0.298789
1.3	0.298388
1.304	0.29808
1.308	0.296614
1.312	0.296157
1.316	0.297079
1.32	0.300691
1.324	0.302078
1.328	0.300919
1.332	0.304073
1.336	0.306668
1.34	0.305098
1.344	0.306991
1.348	0.303659
1.352	0.306283
1.356	0.308055
1.36	0.304737
1.364	0.30529
1.368	0.304498
1.372	0.306022
1.376	0.303963
1.38	0.300499
1.384	0.298695
1.388	0.300499
1.392	0.298945
1.396	0.298255
1.4	0.297027
1.404	0.29828
1.408	0.295693
1.412	0.298473
1.416	0.299542
1.42	0.302218
1.424	0.301829
1.428	0.300758
1.432	0.302609
1.436	0.304394
1.44	0.305312
1.444	0.304443
1.448	0.304647
1.452	0.305209
1.456	0.306235
1.46	0.305331
1.464	0.30718
1.468	0.307611
1.472	0.309004
1.476	0.308041
1.48	0.310956
1.484	0.311435
1.488	0.313051
1.492	0.312882
1.496	0.312372
1.5	0.317897
1.504	0.319923
1.508	0.32211
1.512	0.322275
1.516	0.321394
1.52	0.32323
1.524	0.323726
1.528	0.323788
1.532	0.323833
1.536	0.325945
1.54	0.328956
1.544	0.329171
1.548	0.327056
1.552	0.327388
1.556	0.330058
1.56	0.330396
1.564	0.329889
1.568	0.329932
1.572	0.332579
1.576	0.332072
1.58	0.334309
1.584	0.333165
1.588	0.335506
1.592	0.336906
1.596	0.336193
1.6	0.336218
1.604	0.336868
1.608	0.335703
1.612	0.33519
1.616	0.335019
1.62	0.336529
1.624	0.338863
1.628	0.338345
1.632	0.337657
1.636	0.336801
1.64	0.336972
1.644	0.335244
1.648	0.338191
1.652	0.337848
1.656	0.337334
1.66	0.337014
1.664	0.338055
1.668	0.339081
1.672	0.338568
1.676	0.340481
1.68	0.341785
1.684	0.340491
1.688	0.340835
1.692	0.341531
1.696	0.342225
1.7	0.346983
1.704	0.347319
1.708	0.344128
1.712	0.344992
1.716	0.343261
1.72	0.34343
1.724	0.343603
1.728	0.348791
1.732	0.345001
1.736	0.348218
1.74	0.345518
1.744	0.342742
1.748	0.344729
1.752	0.345956
1.756	0.346144
1.76	0.345968
1.764	0.345956
1.768	0.345604
1.772	0.343088
1.776	0.345169
1.78	0.348709
1.784	0.349217
1.788	0.346883
1.792	0.346023
1.796	0.34818
1.8	0.348004
1.804	0.344989
1.808	0.34585
1.812	0.348427
1.816	0.348761
1.82	0.348601
1.824	0.34758
1.828	0.348553
1.832	0.347384
1.836	0.349169
1.84	0.350534
1.844	0.349363
1.848	0.35028
1.852	0.347461
1.856	0.346241
1.86	0.345234
1.864	0.341959
1.868	0.338617
1.872	0.332241
1.876	0.328399
1.88	0.325134
1.884	0.317515
1.888	0.309002
1.892	0.299838
1.896	0.292777
1.9	0.283771
1.904	0.28049
1.908	0.275158
1.912	0.270799
1.916	0.268887
1.92	0.272485
1.924	0.277462
1.928	0.277655
1.932	0.280838
1.936	0.282238
1.94	0.285086
1.944	0.288637
1.948	0.291439
1.952	0.295116
1.956	0.298782
1.96	0.300838
1.964	0.304074
1.968	0.306131
1.972	0.306642
1.976	0.308075
1.98	0.312402
1.984	0.313421
1.988	0.317251
1.992	0.317094
1.996	0.318965
2	0.321281
2.004	0.324679
2.008	0.323714
2.012	0.321586
2.016	0.321586
2.02	0.321326
2.024	0.326035
2.028	0.329408
2.032	0.326282
2.036	0.324756
2.04	0.32444
2.044	0.32576
2.048	0.324125
2.052	0.326647
2.056	0.326172
2.06	0.326536
2.064	0.327645
2.068	0.327645
2.072	0.324608
2.076	0.326268
2.0795	0.323576
2.0803	0.323678
2.0812	0.325022
2.082	0.324989
2.0828	0.32459
2.0837	0.325286
2.0845	0.324623
2.0853	0.325057
2.0862	0.325147
2.087	0.324441
2.0879	0.324224
2.0887	0.3246
2.0895	0.324454
2.0904	0.324429
2.0912	0.32532
2.0921	0.324305
2.0929	0.323518
2.0938	0.323826
2.0946	0.32329
2.0955	0.324305
2.0963	0.325044
2.0971	0.324875
2.098	0.324783
2.0988	0.324977
2.0997	0.325767
2.1005	0.325525
2.1014	0.325092
2.1023	0.325961
2.1031	0.326213
2.104	0.325389
2.1048	0.324396
2.1057	0.323885
2.1065	0.324351
2.1074	0.324554
2.1082	0.324908
2.1091	0.325081
2.11	0.325435
2.1108	0.325743
2.1117	0.325777
2.1125	0.325331
2.1134	0.324269
2.1143	0.324406
2.1151	0.324259
2.116	0.323554
2.1168	0.323406
2.1177	0.323975
2.1186	0.325022
2.1194	0.325859
2.1203	0.326051
2.1212	0.325961
2.122	0.32564
2.1229	0.325035
2.1238	0.325092
2.1247	0.325171
2.1255	0.324726
2.1264	0.324521
2.1273	0.324327
2.1281	0.323382
2.129	0.323609
2.1299	0.322996
2.1308	0.32319
2.1316	0.324224
2.1325	0.323736
2.1334	0.323269
2.1343	0.323451
2.1352	0.323746
2.136	0.32393
2.1369	0.324112
2.1378	0.324075
2.1387	0.323484
2.1396	0.323269
2.1404	0.323484
2.1413	0.324008
2.1422	0.323885
2.1431	0.323155
2.144	0.322271
2.1449	0.321683
2.1458	0.321131
2.1466	0.32165
2.1475	0.322135
2.1484	0.322951
2.1493	0.323269
2.1502	0.32243
2.1511	0.322248
2.152	0.322113
2.1529	0.321333
2.1538	0.321501
2.1547	0.322113
2.1556	0.322193
2.1565	0.321966
2.1574	0.321919
2.1583	0.321131
2.1592	0.320553
2.1601	0.320824
2.161	0.321729
2.1619	0.322193
2.1628	0.321468
2.1637	0.321492
2.1646	0.320994
2.1655	0.320475
2.1664	0.320623
2.1673	0.32086
2.1682	0.320678
2.1691	0.320353
2.17	0.320353
2.1709	0.320441
2.1718	0.32007
2.1727	0.319654
2.1736	0.320149
2.1746	0.321264
2.1755	0.321501
2.1764	0.32087
2.1773	0.320702
2.1782	0.320229
2.1791	0.319396
2.18	0.319441
2.181	0.319711
2.1819	0.319733
2.1828	0.319666
2.1837	0.319396
2.1846	0.318891
2.1856	0.318948
2.1865	0.318891
2.1874	0.318377
2.1883	0.31802
2.1893	0.318096
2.1902	0.318534
2.1911	0.318577
2.192	0.31764
2.193	0.316882
2.1939	0.316692
2.1948	0.316491
2.1957	0.316637
2.1967	0.316947
2.1976	0.316805
2.1985	0.315948
2.1995	0.31495
2.2004	0.314773
2.2013	0.314706
2.2023	0.314266
2.2032	0.314187
2.2041	0.313869
2.2051	0.313592
2.206	0.313448
2.207	0.312854
2.2079	0.313338
2.2088	0.314153
2.2098	0.315072
2.2107	0.315439
2.2117	0.31587
2.2126	0.316448
2.2136	0.316591
2.2145	0.316458
2.2155	0.317271
2.2164	0.318443
2.2173	0.318556
2.2183	0.31925
2.2192	0.319644
2.2202	0.320274
2.2211	0.320317
2.2221	0.320162
2.2231	0.320453
2.224	0.32096
2.225	0.320972
2.2259	0.320757
2.2269	0.32078
2.2278	0.321209
2.2288	0.321468
2.2297	0.321492
2.2307	0.320982
2.2317	0.321254
2.2326	0.321446
2.2336	0.321401
2.2345	0.321131
2.2355	0.320578
2.2365	0.320207
2.2374	0.319678
2.2384	0.319419
2.2394	0.319115
2.2403	0.320149
2.2413	0.320553
2.2423	0.319195
2.2433	0.318501
2.2442	0.318029
2.2452	0.31746
2.2462	0.316713
2.2471	0.31668
2.2481	0.317527
2.2491	0.317652
2.2501	0.317472
2.251	0.317572
2.252	0.316603
2.253	0.316037
2.254	0.315326
2.255	0.31433
2.2559	0.314056
2.2569	0.313869
2.2579	0.31432
2.2589	0.314242
2.2599	0.313405
2.2609	0.313062
2.2618	0.313395
2.2628	0.313129
2.2638	0.313184
2.2648	0.313129
2.2658	0.313019
2.2668	0.312876
2.2678	0.312524
2.2688	0.312558
2.2698	0.312603
2.2708	0.312229
2.2718	0.312087
2.2728	0.312294
2.2738	0.312613
2.2747	0.312536
2.2757	0.311997
2.2767	0.31121
2.2777	0.31061
2.2787	0.310589
2.2798	0.310632
2.2808	0.310794
2.2818	0.310599
2.2828	0.31001
2.2838	0.309651
2.2848	0.309497
2.2858	0.309301
2.2868	0.30889
2.2878	0.309031
2.2888	0.309117
2.2898	0.308553
2.2908	0.308273
2.2918	0.307883
2.2929	0.30704
2.2939	0.307406
2.2949	0.307665
2.2959	0.306609
2.2969	0.305899
2.2979	0.305545
2.299	0.305201
2.3	0.30459
2.301	0.304388
2.302	0.3046
2.303	0.304301
2.3041	0.30381
2.3051	0.303595
2.3061	0.30349
2.3071	0.303127
2.3082	0.302798
2.3092	0.303277
2.3102	0.303404
2.3113	0.302978
2.3123	0.302626
2.3133	0.302765
2.3144	0.303042
2.3154	0.303191
2.3164	0.303265
2.3175	0.303147
2.3185	0.303459
2.3195	0.303937
2.3206	0.30382
2.3216	0.303478
2.3226	0.303265
2.3237	0.303628
2.3247	0.303725
2.3258	0.303329
2.3268	0.302925
2.3279	0.302626
2.3289	0.302574
2.33	0.302415
2.331	0.301799
2.3321	0.30127
2.3331	0.300877
2.3342	0.300911
2.3352	0.300571
2.3363	0.300391
2.3373	0.300191
2.3384	0.299897
2.3394	0.299181
2.3405	0.299159
2.3415	0.298948
2.3426	0.29853
2.3436	0.298382
2.3447	0.298078
2.3458	0.298111
2.3468	0.297879
2.3479	0.297076
2.349	0.296886
2.35	0.29719
2.3511	0.296386
2.3522	0.295889
2.3532	0.295793
2.3543	0.295992
2.3554	0.296595
2.3564	0.297358
2.3575	0.298509
2.3586	0.298298
2.3597	0.297891
2.3607	0.297923
2.3618	0.297692
2.3629	0.297577
2.364	0.297327
2.365	0.296877
2.3661	0.296615
2.3672	0.296545
2.3683	0.295992
2.3694	0.29568
2.3704	0.295503
2.3715	0.295025
2.3726	0.294913
2.3737	0.294726
2.3748	0.294477
2.3759	0.294994
2.377	0.295307
2.3781	0.294272
2.3791	0.29326
2.3802	0.292951
2.3813	0.29263
2.3824	0.29259
2.3835	0.292353
2.3846	0.291768
2.3857	0.291922
2.3868	0.292425
2.3879	0.292951
2.389	0.292898
2.3901	0.292046
2.3912	0.291297
2.3923	0.290726
2.3934	0.290397
2.3945	0.290326
2.3956	0.290225
2.3967	0.290267
2.3979	0.290317
2.399	0.289878
2.4001	0.289278
2.4012	0.288821
2.4023	0.288589
2.4034	0.288426
2.4045	0.289015
2.4056	0.288974
2.4068	0.288173
2.4079	0.287737
2.409	0.287364
2.4101	0.287232
2.4112	0.28691
2.4124	0.286436
2.4135	0.286407
2.4146	0.285965
2.4157	0.28528
2.4169	0.284931
2.418	0.28454
2.4191	0.283473
2.4202	0.282668
2.4214	0.282172
2.4225	0.28214
2.4236	0.281844
2.4248	0.280904
2.4259	0.280303
2.427	0.279921
2.4282	0.279399
2.4293	0.278399
2.4305	0.277579
2.4316	0.277442
2.4327	0.27717
2.4339	0.276741
2.435	0.275925
2.4362	0.275219
2.4373	0.274822
2.4385	0.273946
2.4396	0.273118
2.4408	0.272497
2.4419	0.271865
2.4431	0.271578
2.4442	0.271188
2.4454	0.270683
2.4465	0.270351
2.4477	0.269631
2.4488	0.268871
2.45	0.268173
2.4511	0.267759
2.4523	0.26745
2.4535	0.266718
2.4546	0.266465
2.4558	0.26595
2.4569	0.265317
2.4581	0.264971
2.4593	0.264737
2.4604	0.264562
2.4616	0.263727
2.4628	0.262443
2.464	0.261374
2.4651	0.260796
2.4663	0.260392
2.4675	0.260347
2.4686	0.26034
2.4698	0.260457
2.471	0.26012
2.4722	0.259124
2.4734	0.258524
2.4745	0.258443
2.4757	0.258326
2.4769	0.25761
2.4781	0.25721
2.4793	0.256679
2.4805	0.25622
2.4816	0.255923
2.4828	0.255438
2.484	0.255284
2.4852	0.255438
2.4864	0.254802
2.4876	0.254122
2.4888	0.253524
2.49	0.252679
2.4912	0.252387
2.4924	0.252529
2.4936	0.252482
2.4948	0.252208
2.496	0.252305
2.4972	0.252768
2.4984	0.252652
2.4996	0.252537
2.5008	0.251996
2.502	0.251191
2.5032	0.250829
2.5044	0.251033
2.5056	0.251226
2.5068	0.250937
2.5081	0.250556
2.5093	0.250556
2.5105	0.250126
2.5117	0.249775
2.5129	0.249977
2.5141	0.250037
2.5154	0.249748
2.5166	0.24988
2.5178	0.249846
2.519	0.249538
2.5202	0.249372
2.5215	0.249531
2.5227	0.249695
2.5239	0.249274
2.5252	0.249626
2.5264	0.250109
2.5276	0.249767
2.5289	0.2493
2.5301	0.249556
2.5313	0.249616
2.5326	0.249152
2.5338	0.24847
2.535	0.24814
2.5363	0.247939
2.5375	0.248226
2.5388	0.248365
2.54	0.24819
2.5413	0.248348
2.5425	0.248434
2.5437	0.248401
2.545	0.248803
2.5462	0.248995
2.5475	0.248995
2.5487	0.248803
2.55	0.248846
2.5513	0.248863
2.5525	0.248714
2.5538	0.248968
2.555	0.24982
2.5563	0.250478
2.5575	0.250057
2.5588	0.248322
2.5601	0.246331
2.5613	0.244444
2.5626	0.244048
2.5639	0.245322
2.5651	0.246844
2.5664	0.247739
2.5677	0.248384
2.569	0.247781
2.5702	0.246887
2.5715	0.246308
2.5728	0.245693
2.5741	0.2459
2.5753	0.246374
2.5766	0.24673
2.5779	0.248008
2.5792	0.247861
2.5805	0.24674
2.5817	0.245546
2.583	0.243647
2.5843	0.243049
2.5856	0.244041
2.5869	0.245209
2.5882	0.247487
2.5895	0.248444
2.5908	0.245693
2.5921	0.241661
2.5934	0.237711
2.5947	0.236526
2.596	0.238388
2.5973	0.241745
2.5986	0.245875
2.5999	0.248104
2.6012	0.246254
2.6025	0.243159
2.6038	0.240711
2.6051	0.239412
2.6064	0.239666
2.6077	0.240938
2.609	0.24246
2.6103	0.244152
2.6117	0.24423
2.613	0.242842
2.6143	0.241338
2.6156	0.239311
2.6169	0.236953
2.6183	0.236103
2.6196	0.236684
2.6209	0.238062
2.6222	0.238857
2.6236	0.238991
2.6249	0.239034
2.6262	0.236536
2.6275	0.23399
2.6289	0.232548
2.6302	0.231657
2.6315	0.232253
2.6329	0.23317
2.6342	0.23445
2.6356	0.235046
2.6369	0.234278
2.6382	0.233663
2.6396	0.232875
2.6409	0.231472
2.6423	0.230239
2.6436	0.228312
2.645	0.227098
2.6463	0.226746
2.6477	0.225618
2.649	0.224384
2.6504	0.222971
2.6517	0.220858
2.6531	0.219133
2.6545	0.217967
2.6558	0.216738
2.6572	0.215696
2.6585	0.214388
2.6599	0.212067
2.6613	0.208586
2.6626	0.204277
2.664	0.200715
2.6654	0.196832
2.6667	0.192156
2.6681	0.189914
2.6695	0.189422
2.6709	0.188438
2.6722	0.186771
2.6736	0.184191
2.675	0.181174
2.6764	0.17734
2.6778	0.173238
2.6791	0.169898
2.6805	0.166449
2.6819	0.161431
2.6833	0.155097
2.6847	0.14832
2.6861	0.140601
2.6875	0.132203
2.6889	0.123044
2.6903	0.113344
2.6917	0.103893
2.6931	0.094994
2.6945	0.087881
2.6959	0.082612
2.6973	0.078801
2.6987	0.075918
2.7001	0.073293
2.7015	0.071078
2.7029	0.069891
2.7043	0.069121
2.7057	0.068246
2.7071	0.06707
2.7085	0.066175
2.71	0.0654
2.7114	0.065133
2.7128	0.065106
2.7142	0.064697
2.7156	0.06363
2.7171	0.061896
2.7185	0.05966
2.7199	0.057213
2.7213	0.054883
2.7228	0.053048
2.7242	0.052037
2.7256	0.051232
2.7271	0.050038
2.7285	0.048727
2.7299	0.047246
2.7314	0.045504
2.7328	0.043994
2.7343	0.042113
2.7357	0.040336
2.7371	0.038938
2.7386	0.037661
2.74	0.036507
2.7415	0.035635
2.7429	0.035249
2.7444	0.034708
2.7458	0.033885
2.7473	0.033143
2.7488	0.032239
2.7502	0.031595
2.7517	0.030416
2.7531	0.029385
2.7546	0.028559
2.7561	0.028038
2.7575	0.027969
2.759	0.027944
2.7605	0.027992
2.7619	0.027695
2.7634	0.027552
2.7649	0.027877
2.7664	0.028093
2.7678	0.028171
2.7693	0.02853
2.7708	0.028796
2.7723	0.028589
2.7738	0.02845
2.7752	0.028176
2.7767	0.028093
2.7782	0.028165
2.7797	0.028136
2.7812	0.02823
2.7827	0.028301
2.7842	0.02826
2.7857	0.028031
2.7872	0.027934
2.7887	0.027978
2.7902	0.027712
2.7917	0.027411
2.7932	0.027303
2.7947	0.027117
2.7962	0.027129
2.7977	0.027313
2.7992	0.02753
2.8007	0.027629
2.8022	0.027454
2.8038	0.027308
2.8053	0.027196
2.8068	0.026966
2.8083	0.026732
2.8098	0.026593
2.8114	0.02632
2.8129	0.026416
2.8144	0.026341
2.8159	0.026215
2.8175	0.026428
2.819	0.026047
2.8205	0.025693
2.8221	0.025937
2.8236	0.026069
2.8252	0.026399
2.8267	0.026735
2.8282	0.02694
2.8298	0.027017
2.8313	0.026865
2.8329	0.026663
2.8344	0.026464
2.836	0.026363
2.8375	0.026483
2.8391	0.026428
2.8406	0.025918
2.8422	0.024963
2.8437	0.024968
2.8453	0.025354
2.8469	0.025655
2.8484	0.025494
2.85	0.024916
2.8516	0.024726
2.8531	0.024709
2.8547	0.024756
2.8563	0.024803
2.8579	0.024722
2.8594	0.02432
2.861	0.024224
2.8626	0.024614
2.8642	0.024554
2.8658	0.02442
2.8673	0.024829
2.8689	0.025203
2.8705	0.024744
2.8721	0.024418
2.8737	0.02454
2.8753	0.024473
2.8769	0.024332
2.8785	0.0241
2.8801	0.024186
2.8817	0.024394
2.8833	0.024203
2.8849	0.024069
2.8865	0.024305
2.8881	0.024363
2.8897	0.024372
2.8913	0.024004
2.8929	0.023877
2.8946	0.023712
2.8962	0.023695
2.8978	0.023755
2.8994	0.023879
2.901	0.024126
2.9027	0.024026
2.9043	0.024066
2.9059	0.023987
2.9075	0.023647
2.9092	0.023184
2.9108	0.02309
2.9124	0.023406
2.9141	0.023286
2.9157	0.023313
2.9174	0.023351
2.919	0.023092
2.9206	0.022834
2.9223	0.023026
2.9239	0.023478
2.9256	0.023624
2.9272	0.023772
2.9289	0.023851
2.9306	0.023805
2.9322	0.023679
2.9339	0.023415
2.9355	0.02358
2.9372	0.023614
2.9389	0.023463
2.9405	0.023466
2.9422	0.023755
2.9439	0.023894
2.9455	0.023872
2.9472	0.02375
2.9489	0.023702
2.9506	0.023984
2.9523	0.024086
2.9539	0.023978
2.9556	0.023822
2.9573	0.023737
2.959	0.023984
2.9607	0.024071
2.9624	0.024016
2.9641	0.024119
2.9658	0.023987
2.9675	0.023722
2.9692	0.023677
2.9709	0.023856
2.9726	0.024148
2.9743	0.02427
2.976	0.024343
2.9777	0.024701
2.9794	0.024921
2.9811	0.024569
2.9828	0.024375
2.9845	0.024739
2.9863	0.02482
2.988	0.024717
2.9897	0.024858
2.9914	0.024702
2.9932	0.024569
2.9949	0.024764
2.9966	0.024794
2.9984	0.025026
3.0001	0.025367
3.0018	0.025564
3.0036	0.025861
3.0053	0.025671
3.007	0.025474
3.0088	0.025504
3.0105	0.025272
3.0123	0.024911
3.014	0.025098
3.0158	0.025377
3.0176	0.025621
3.0193	0.025873
3.0211	0.025942
3.0228	0.025947
3.0246	0.025865
3.0264	0.025878
3.0281	0.025928
3.0299	0.025942
3.0317	0.025798
3.0334	0.025753
3.0352	0.025987
3.037	0.026444
3.0388	0.026174
3.0406	0.026172
3.0423	0.026389
3.0441	0.026371
3.0459	0.026583
3.0477	0.026755
3.0495	0.026837
3.0513	0.02704
3.0531	0.027136
3.0549	0.027004
3.0567	0.026952
3.0585	0.027076
3.0603	0.027217
3.0621	0.027401
3.0639	0.027411
3.0657	0.02764
3.0675	0.027797
3.0694	0.027632
3.0712	0.027627
3.073	0.027712
3.0748	0.027812
3.0766	0.028061
3.0785	0.028193
3.0803	0.02859
3.0821	0.0291
3.084	0.029043
3.0858	0.028948
3.0876	0.029038
3.0895	0.028993
3.0913	0.028938
3.0932	0.028832
3.095	0.029182
3.0969	0.029541
3.0987	0.029665
3.1006	0.029689
3.1024	0.030026
3.1043	0.030107
3.1061	0.030139
3.108	0.0301
3.1099	0.030105
3.1117	0.030272
3.1136	0.030675
3.1155	0.030957
3.1173	0.03105
3.1192	0.031002
3.1211	0.031156
3.123	0.03161
3.1249	0.031739
3.1268	0.031735
3.1286	0.031974
3.1305	0.032129
3.1324	0.032134
3.1343	0.032316
3.1362	0.032532
3.1381	0.032732
3.14	0.033036
3.1419	0.033146
3.1438	0.033357
3.1457	0.033617
3.1476	0.033801
3.1495	0.034254
3.1515	0.034631
3.1534	0.034797
3.1553	0.034742
3.1572	0.034773
3.1591	0.035072
3.1611	0.035331
3.163	0.035421
3.1649	0.035675
3.1669	0.036249
3.1688	0.036493
3.1707	0.036567
3.1727	0.036903
3.1746	0.037146
3.1766	0.037128
3.1785	0.037206
3.1805	0.037577
3.1824	0.037895
3.1844	0.038312
3.1863	0.038778
3.1883	0.03873
3.1902	0.038785
3.1922	0.038881
3.1942	0.039032
3.1961	0.039379
3.1981	0.039683
3.2001	0.039967
3.2021	0.040113
3.2041	0.040166
3.206	0.04045
3.208	0.040786
3.21	0.041205
3.212	0.041666
3.214	0.04202
3.216	0.042224
3.218	0.042159
3.22	0.042075
3.222	0.042118
3.224	0.042424
3.226	0.042808
3.228	0.043085
3.23	0.043334
3.232	0.043829
3.234	0.044261
3.2361	0.044377
3.2381	0.044513
3.2401	0.04464
3.2421	0.044676
3.2442	0.044968
3.2462	0.0454
3.2482	0.045637
3.2503	0.045769
3.2523	0.045936
3.2543	0.046401
3.2564	0.046631
3.2584	0.046599
3.2605	0.046741
3.2625	0.047092
3.2646	0.047491
3.2666	0.047862
3.2687	0.048451
3.2708	0.048837
3.2728	0.049106
3.2749	0.049208
3.277	0.049286
3.279	0.049584
3.2811	0.050095
3.2832	0.050561
3.2853	0.051199
3.2874	0.05161
3.2894	0.051775
3.2915	0.052097
3.2936	0.052268
3.2957	0.052253
3.2978	0.052485
3.2999	0.052947
3.302	0.053415
3.3041	0.053861
3.3062	0.054167
3.3083	0.054402
3.3104	0.054608
3.3126	0.054897
3.3147	0.055267
3.3168	0.055715
3.3189	0.055795
3.321	0.055785
3.3232	0.056026
3.3253	0.056169
3.3274	0.056296
3.3296	0.056485
3.3317	0.05659
3.3339	0.056789
3.336	0.056949
3.3382	0.057076
3.3403	0.057136
3.3425	0.057198
3.3446	0.057143
3.3468	0.057051
3.3489	0.057001
3.3511	0.056919
3.3533	0.056842
3.3554	0.056822
3.3576	0.056645
3.3598	0.056149
3.362	0.055806
3.3641	0.055892
3.3663	0.056004
3.3685	0.055997
3.3707	0.056
3.3729	0.055593
3.3751	0.055244
3.3773	0.055224
3.3795	0.05503
3.3817	0.054911
3.3839	0.05504
3.3861	0.055256
3.3883	0.055433
3.3906	0.055452
3.3928	0.055122
3.395	0.054842
3.3972	0.054571
3.3994	0.054225
3.4017	0.053998
3.4039	0.053597
3.4061	0.053345
3.4084	0.053227
3.4106	0.053141
3.4129	0.053011
3.4151	0.052762
3.4174	0.052555
3.4196	0.052622
3.4219	0.05316
3.4241	0.053555
3.4264	0.054031
3.4287	0.054985
3.4309	0.056256
3.4332	0.05743
3.4355	0.058312
3.4378	0.059391
3.44	0.060256
3.4423	0.06066
3.4446	0.061203
3.4469	0.061787
3.4492	0.062395
3.4515	0.063
3.4538	0.063242
3.4561	0.063743
3.4584	0.06418
3.4607	0.064156
3.463	0.064538
3.4653	0.065211
3.4677	0.065697
3.47	0.065991
3.4723	0.066432
3.4746	0.066824
3.477	0.067053
3.4793	0.067289
3.4816	0.067523
3.484	0.068008
3.4863	0.068257
3.4887	0.068403
3.491	0.068712
3.4934	0.06874
3.4957	0.068695
3.4981	0.068697
3.5004	0.068262
3.5028	0.067865
3.5052	0.06779
3.5075	0.068434
3.5099	0.069953
3.5123	0.071604
3.5147	0.073391
3.5171	0.075372
3.5195	0.077134
3.5218	0.078564
3.5242	0.079562
3.5266	0.080548
3.529	0.081493
3.5314	0.082256
3.5338	0.083083
3.5363	0.083803
3.5387	0.084503
3.5411	0.085084
3.5435	0.085737
3.5459	0.086378
3.5484	0.086778
3.5508	0.087101
3.5532	0.087768
3.5557	0.088458
3.5581	0.089034
3.5605	0.089555
3.563	0.090331
3.5654	0.090976
3.5679	0.091659
3.5704	0.091987
3.5728	0.092202
3.5753	0.092752
3.5777	0.093221
3.5802	0.093456
3.5827	0.093867
3.5852	0.094338
3.5876	0.094834
3.5901	0.095324
3.5926	0.095821
3.5951	0.096207
3.5976	0.096626
3.6001	0.097059
3.6026	0.097506
3.6051	0.097917
3.6076	0.098246
3.6101	0.098626
3.6127	0.099267
3.6152	0.099806
3.6177	0.100093
3.6202	0.100399
3.6227	0.10083
3.6253	0.101217
3.6278	0.101521
3.6304	0.101834
3.6329	0.102193
3.6355	0.102507
3.638	0.102737
3.6406	0.103285
3.6431	0.103664
3.6457	0.104076
3.6482	0.104461
3.6508	0.104641
3.6534	0.104892
3.656	0.105531
3.6585	0.106301
3.6611	0.106593
3.6637	0.106856
3.6663	0.107184
3.6689	0.107629
3.6715	0.108134
3.6741	0.108349
3.6767	0.108562
3.6793	0.108945
3.6819	0.109251
3.6845	0.109548
3.6872	0.110122
3.6898	0.11072
3.6924	0.111228
3.695	0.111532
3.6977	0.111958
3.7003	0.112439
3.703	0.112809
3.7056	0.113446
3.7083	0.113745
3.7109	0.113947
3.7136	0.114398
3.7162	0.114704
3.7189	0.114998
3.7216	0.115484
3.7242	0.115761
3.7269	0.115993
3.7296	0.116377
3.7323	0.116998
3.735	0.117262
3.7377	0.117618
3.7404	0.118231
3.7431	0.118647
3.7458	0.119049
3.7485	0.119435
3.7512	0.119619
3.7539	0.120128
3.7566	0.120597
3.7594	0.120997
3.7621	0.121353
3.7648	0.121913
3.7676	0.122408
3.7703	0.122683
3.773	0.123054
3.7758	0.123318
3.7785	0.123567
3.7813	0.124073
3.7841	0.124611
3.7868	0.124861
3.7896	0.125217
3.7924	0.125676
3.7951	0.125964
3.7979	0.126272
3.8007	0.126762
3.8035	0.127061
3.8063	0.127437
3.8091	0.128059
3.8119	0.128363
3.8147	0.128634
3.8175	0.128928
3.8203	0.129112
3.8231	0.129491
3.8259	0.130047
3.8288	0.130311
3.8316	0.130471
3.8344	0.131029
3.8373	0.131475
3.8401	0.131809
3.843	0.132141
3.8458	0.132435
3.8487	0.132639
3.8515	0.132721
3.8544	0.132957
3.8573	0.133256
3.8601	0.133801
3.863	0.134144
3.8659	0.134271
3.8688	0.134653
3.8717	0.134924
3.8746	0.135236
3.8775	0.135732
3.8804	0.135852
3.8833	0.136106
3.8862	0.136661
3.8891	0.137093
3.892	0.137412
3.8949	0.137531
3.8979	0.137581
3.9008	0.137818
3.9037	0.13805
3.9067	0.138453
3.9096	0.138847
3.9126	0.138814
3.9155	0.138996
3.9185	0.139323
3.9214	0.139568
3.9244	0.139922
3.9274	0.140355
3.9304	0.140499
3.9333	0.140577
3.9363	0.140883
3.9393	0.141278
3.9423	0.141656
3.9453	0.141836
3.9483	0.142032
3.9513	0.142171
3.9544	0.142299
3.9574	0.142496
3.9604	0.142776
3.9634	0.143109
3.9665	0.143501
3.9695	0.143819
3.9725	0.144066
3.9756	0.144056
3.9786	0.144151
3.9817	0.144355
3.9847	0.144635
3.9878	0.144817
3.9909	0.144975
3.994	0.145214
3.997	0.145681
4.0001	0.146075

