0.4	0.021067
0.401	0.025497
0.402	0.021042
0.403	0.022853
0.404	0.02549
0.405	0.024556
0.406	0.024549
0.407	0.024533
0.408	0.027165
0.409	0.028468
0.41	0.028426
0.411	0.031874
0.412	0.030557
0.413	0.033609
0.414	0.033609
0.415	0.032358
0.416	0.032506
0.417	0.034289
0.418	0.034289
0.419	0.033455
0.42	0.033608
0.421	0.032305
0.422	0.037145
0.423	0.033397
0.424	0.039332
0.425	0.039512
0.426	0.041216
0.427	0.042454
0.428	0.044078
0.429	0.042281
0.43	0.042368
0.431	0.044233
0.432	0.045429
0.433	0.043923
0.434	0.046965
0.435	0.045717
0.436	0.047068
0.437	0.04717
0.438	0.04777
0.439	0.048766
0.44	0.050834
0.441	0.05223
0.442	0.053213
0.443	0.05313
0.444	0.053006
0.445	0.057319
0.446	0.057229
0.447	0.057093
0.448	0.054709
0.449	0.056872
0.45	0.055059
0.451	0.056642
0.452	0.058068
0.453	0.057733
0.454	0.060429
0.455	0.060478
0.456	0.056275
0.457	0.061522
0.458	0.060845
0.459	0.059545
0.46	0.060987
0.461	0.062762
0.462	0.062082
0.463	0.064017
0.464	0.065385
0.465	0.063736
0.466	0.06368
0.467	0.064816
0.468	0.065211
0.469	0.06413
0.47	0.066988
0.471	0.068704
0.472	0.068581
0.473	0.066691
0.474	0.068397
0.475	0.068581
0.476	0.068458
0.477	0.074151
0.478	0.070883
0.479	0.074084
0.48	0.070695
0.481	0.071072
0.482	0.075386
0.483	0.074017
0.484	0.076592
0.485	0.074846
0.486	0.074711
0.487	0.076209
0.488	0.076453
0.489	0.077538
0.49	0.077538
0.491	0.077468
0.492	0.079184
0.493	0.079398
0.494	0.080913
0.495	0.080408
0.496	0.082925
0.497	0.086197
0.498	0.084524
0.499	0.081937
0.5	0.084827
0.501	0.087805
0.502	0.085894
0.503	0.087188
0.504	0.085513
0.505	0.08521
0.506	0.084908
0.507	0.087918
0.508	0.088231
0.509	0.088482
0.51	0.088327
0.511	0.090515
0.512	0.092892
0.513	0.091964
0.514	0.093628
0.515	0.0933
0.516	0.09245
0.517	0.095541
0.518	0.097245
0.519	0.09716
0.52	0.095707
0.521	0.097498
0.522	0.09982
0.523	0.099477
0.524	0.099306
0.525	0.102686
0.526	0.099221
0.527	0.100416
0.528	0.101524
0.529	0.099988
0.53	0.101871
0.531	0.10498
0.532	0.104527
0.533	0.105895
0.534	0.103154
0.535	0.103242
0.536	0.106629
0.537	0.110428
0.538	0.107364
0.539	0.107093
0.54	0.108376
0.541	0.111862
0.542	0.108927
0.543	0.108927
0.544	0.113274
0.545	0.11602
0.546	0.113755
0.547	0.113274
0.548	0.11556
0.549	0.116656
0.55	0.117945
0.551	0.119339
0.552	0.11993
0.553	0.11954
0.554	0.120614
0.555	0.120223
0.556	0.119738
0.557	0.120223
0.558	0.120516
0.559	0.124094
0.56	0.128333
0.561	0.130674
0.562	0.128666
0.563	0.130018
0.564	0.130765
0.565	0.128146
0.566	0.130602
0.567	0.131992
0.568	0.134917
0.569	0.136199
0.57	0.136873
0.571	0.13979
0.572	0.13858
0.573	0.140294
0.574	0.141925
0.575	0.140105
0.576	0.140573
0.577	0.143465
0.578	0.145107
0.579	0.143345
0.58	0.144313
0.581	0.145397
0.582	0.147206
0.583	0.147084
0.584	0.148802
0.585	0.148062
0.586	0.148655
0.587	0.14909
0.588	0.148678
0.589	0.148901
0.59	0.149423
0.591	0.150015
0.592	0.152311
0.593	0.154993
0.594	0.154735
0.595	0.155855
0.596	0.154406
0.597	0.151965
0.598	0.152585
0.599	0.156032
0.6	0.15583
0.601	0.154461
0.602	0.155136
0.603	0.155559
0.604	0.155189
0.605	0.156336
0.606	0.15724
0.607	0.157915
0.608	0.157791
0.609	0.159416
0.61	0.157544
0.611	0.158444
0.612	0.161838
0.613	0.161199
0.614	0.161222
0.615	0.161349
0.616	0.164168
0.617	0.164555
0.618	0.167913
0.619	0.168045
0.62	0.169602
0.621	0.169868
0.622	0.17076
0.623	0.173282
0.624	0.171958
0.625	0.17168
0.626	0.169394
0.627	0.170449
0.628	0.167549
0.629	0.168195
0.63	0.173686
0.631	0.17168
0.632	0.175366
0.633	0.174093
0.634	0.174829
0.635	0.175771
0.636	0.175907
0.637	0.174293
0.638	0.175097
0.639	0.179873
0.64	0.180705
0.641	0.183692
0.642	0.182288
0.643	0.182707
0.644	0.184551
0.645	0.184268
0.646	0.184127
0.647	0.188109
0.648	0.185412
0.649	0.187954
0.65	0.189657
0.651	0.188957
0.652	0.189678
0.653	0.188813
0.654	0.188669
0.655	0.191252
0.656	0.189812
0.657	0.196296
0.658	0.197888
0.659	0.193527
0.66	0.194083
0.661	0.195494
0.662	0.194022
0.663	0.19373
0.664	0.191067
0.665	0.195876
0.666	0.196751
0.667	0.197045
0.668	0.197486
0.669	0.199896
0.67	0.19827
0.671	0.198859
0.672	0.201325
0.673	0.202454
0.674	0.201704
0.675	0.204953
0.676	0.199688
0.677	0.20305
0.678	0.204619
0.679	0.208231
0.68	0.210505
0.681	0.208293
0.682	0.209933
0.683	0.212526
0.684	0.209853
0.685	0.208625
0.686	0.209391
0.687	0.210162
0.688	0.209545
0.689	0.211618
0.69	0.213508
0.691	0.215093
0.692	0.215093
0.693	0.215705
0.694	0.218114
0.695	0.219237
0.696	0.219067
0.697	0.220355
0.698	0.220859
0.699	0.228305
0.7	0.221206
0.701	0.222
0.702	0.222319
0.703	0.223249
0.704	0.222005
0.705	0.222462
0.706	0.223697
0.707	0.223857
0.708	0.2229
0.709	0.226626
0.71	0.226304
0.711	0.224765
0.712	0.228029
0.713	0.228029
0.714	0.228946
0.715	0.228784
0.716	0.230213
0.717	0.231428
0.718	0.234574
0.719	0.236153
0.72	0.235818
0.721	0.233776
0.722	0.232207
0.723	0.232792
0.724	0.232628
0.725	0.235842
0.726	0.237931
0.727	0.239162
0.728	0.239833
0.729	0.24017
0.73	0.242085
0.731	0.240551
0.732	0.24235
0.733	0.243028
0.734	0.242571
0.735	0.243416
0.736	0.244097
0.737	0.244609
0.738	0.247561
0.739	0.246401
0.74	0.24781
0.741	0.249938
0.742	0.249418
0.743	0.248382
0.744	0.249072
0.745	0.248579
0.746	0.24946
0.747	0.249804
0.748	0.247284
0.749	0.249015
0.75	0.253725
0.751	0.255058
0.752	0.254004
0.753	0.252957
0.754	0.251978
0.755	0.256005
0.756	0.256181
0.757	0.256531
0.758	0.253619
0.759	0.254255
0.76	0.254782
0.761	0.25827
0.762	0.261245
0.763	0.260377
0.764	0.26245
0.765	0.261089
0.766	0.260102
0.767	0.260442
0.768	0.260338
0.769	0.262289
0.77	0.263724
0.771	0.263544
0.772	0.267044
0.773	0.267906
0.774	0.266815
0.775	0.264788
0.776	0.266273
0.777	0.265291
0.778	0.265791
0.779	0.265257
0.78	0.266769
0.781	0.269989
0.782	0.266686
0.783	0.264579
0.784	0.267948
0.785	0.271857
0.786	0.272346
0.787	0.27253
0.788	0.27265
0.789	0.272768
0.79	0.271128
0.791	0.274208
0.792	0.273502
0.793	0.273202
0.794	0.27089
0.795	0.273318
0.796	0.276974
0.797	0.276141
0.798	0.27535
0.799	0.275314
0.8	0.280268
0.804	0.281309
0.808	0.281485
0.812	0.285431
0.816	0.286514
0.82	0.286593
0.824	0.287642
0.828	0.289373
0.832	0.290417
0.836	0.294341
0.84	0.294949
0.844	0.298796
0.848	0.297211
0.852	0.299471
0.856	0.297821
0.86	0.299888
0.864	0.301293
0.868	0.302988
0.872	0.303453
0.876	0.30789
0.88	0.308791
0.884	0.312191
0.888	0.313444
0.892	0.312278
0.896	0.312562
0.9	0.315708
0.904	0.318119
0.908	0.319869
0.912	0.318541
0.916	0.320704
0.92	0.324041
0.924	0.324818
0.928	0.3266
0.932	0.330507
0.936	0.330693
0.94	0.331082
0.944	0.331282
0.948	0.335787
0.952	0.336171
0.956	0.338717
0.96	0.338121
0.964	0.339866
0.968	0.341808
0.972	0.342179
0.976	0.344877
0.98	0.34564
0.984	0.346803
0.988	0.347717
0.992	0.348857
0.996	0.35221
1	0.351193
1.004	0.355902
1.008	0.35802
1.012	0.358974
1.016	0.361621
1.02	0.362152
1.024	0.360254
1.028	0.360076
1.032	0.360515
1.036	0.364055
1.04	0.367707
1.044	0.374935
1.048	0.368573
1.052	0.366669
1.056	0.367287
1.06	0.371703
1.064	0.373137
1.068	0.372683
1.072	0.370396
1.076	0.373926
1.08	0.374271
1.084	0.376613
1.088	0.379976
1.092	0.383139
1.096	0.383796
1.1	0.380634
1.104	0.381233
1.108	0.382202
1.112	0.384248
1.116	0.387823
1.12	0.383503
1.124	0.381666
1.128	0.385031
1.132	0.386946
1.136	0.390092
1.14	0.390755
1.144	0.387823
1.148	0.39523
1.152	0.396393
1.156	0.398426
1.16	0.398431
1.164	0.398309
1.168	0.399099
1.172	0.399542
1.176	0.400209
1.18	0.400654
1.184	0.402338
1.188	0.404788
1.192	0.403691
1.196	0.407494
1.2	0.407723
1.204	0.410451
1.208	0.40884
1.212	0.411305
1.216	0.412462
1.22	0.407951
1.224	0.400793
1.228	0.40509
1.232	0.409639
1.236	0.410956
1.24	0.411612
1.244	0.412267
1.248	0.412222
1.252	0.41241
1.256	0.413708
1.26	0.411023
1.264	0.412642
1.268	0.420309
1.272	0.422076
1.276	0.422274
1.28	0.42424
1.284	0.424238
1.288	0.422749
1.292	0.423688
1.296	0.423377
1.3	0.422142
1.304	0.422761
1.308	0.425008
1.312	0.424078
1.316	0.424145
1.32	0.424218
1.324	0.424832
1.328	0.426213
1.332	0.429058
1.336	0.431207
1.34	0.432182
1.344	0.432918
1.348	0.430133
1.352	0.426995
1.356	0.42174
1.36	0.428665
1.364	0.42881
1.368	0.427545
1.372	0.425768
1.376	0.422619
1.38	0.420105
1.384	0.416553
1.388	0.41449
1.392	0.413451
1.396	0.409613
1.4	0.408395
1.404	0.404485
1.408	0.406082
1.412	0.410788
1.416	0.415475
1.42	0.41748
1.424	0.416713
1.428	0.420006
1.432	0.421312
1.436	0.422006
1.44	0.422852
1.444	0.423613
1.448	0.426959
1.452	0.425496
1.456	0.428092
1.46	0.426702
1.464	0.428324
1.468	0.428926
1.472	0.429993
1.476	0.431599
1.48	0.432431
1.484	0.431761
1.488	0.434083
1.492	0.433044
1.496	0.433835
1.5	0.432069
1.504	0.432871
1.508	0.435231
1.512	0.438338
1.516	0.443517
1.52	0.442563
1.524	0.441613
1.528	0.442088
1.532	0.442115
1.536	0.443589
1.54	0.449868
1.544	0.447219
1.548	0.444499
1.552	0.442401
1.556	0.444974
1.56	0.443586
1.564	0.443348
1.568	0.444538
1.572	0.448419
1.576	0.451499
1.58	0.452556
1.584	0.451585
1.588	0.448604
1.592	0.447169
1.596	0.451034
1.6	0.453237
1.604	0.453634
1.608	0.456527
1.612	0.457817
1.616	0.453699
1.62	0.456668
1.624	0.45507
1.628	0.454194
1.632	0.455166
1.636	0.452492
1.64	0.456357
1.644	0.457721
1.648	0.458373
1.652	0.454904
1.656	0.457224
1.66	0.45402
1.664	0.456668
1.668	0.455542
1.672	0.45818
1.676	0.455137
1.68	0.457213
1.684	0.458397
1.688	0.454657
1.692	0.459369
1.696	0.458155
1.7	0.455845
1.704	0.455845
1.708	0.45919
1.712	0.458397
1.716	0.45601
1.72	0.456738
1.724	0.457641
1.728	0.455783
1.732	0.456496
1.736	0.456566
1.74	0.460202
1.744	0.45601
1.748	0.45625
1.752	0.455618
1.756	0.454741
1.76	0.457154
1.764	0.457466
1.768	0.455378
1.772	0.457292
1.776	0.460407
1.78	0.460085
1.784	0.46143
1.788	0.466439
1.792	0.464178
1.796	0.462228
1.8	0.461684
1.804	0.461684
1.808	0.460527
1.812	0.462657
1.816	0.463933
1.82	0.463501
1.824	0.461744
1.828	0.457429
1.832	0.456771
1.836	0.460326
1.84	0.460449
1.844	0.462365
1.848	0.463088
1.852	0.455995
1.856	0.459688
1.86	0.455289
1.864	0.452751
1.868	0.449194
1.872	0.442603
1.876	0.436749
1.88	0.424949
1.884	0.415712
1.888	0.401789
1.892	0.392024
1.896	0.377165
1.9	0.370364
1.904	0.367428
1.908	0.365532
1.912	0.367277
1.916	0.369371
1.92	0.372498
1.924	0.377697
1.928	0.38234
1.932	0.384236
1.936	0.386329
1.94	0.389856
1.944	0.391043
1.948	0.394789
1.952	0.395156
1.956	0.395954
1.96	0.399034
1.964	0.401395
1.968	0.402567
1.972	0.404135
1.976	0.40595
1.98	0.40883
1.984	0.412905
1.988	0.417386
1.992	0.418152
1.996	0.425642
2	0.425327
2.004	0.424135
2.008	0.425128
2.012	0.427141
2.016	0.430734
2.02	0.433414
2.024	0.436198
2.028	0.437303
2.032	0.437182
2.036	0.432764
2.04	0.436289
2.044	0.437285
2.048	0.434833
2.052	0.437147
2.056	0.43925
2.06	0.43868
2.064	0.439348
2.068	0.442186
2.072	0.441292
2.076	0.438687
2.0795	0.438907
2.0803	0.439322
2.0812	0.439982
2.082	0.439968
2.0828	0.440148
2.0837	0.440181
2.0845	0.440125
2.0853	0.440089
2.0862	0.440011
2.087	0.439949
2.0879	0.439919
2.0887	0.439935
2.0895	0.440016
2.0904	0.440158
2.0912	0.440335
2.0921	0.440518
2.0929	0.440655
2.0938	0.440728
2.0946	0.440745
2.0955	0.440736
2.0963	0.440743
2.0971	0.440797
2.098	0.440899
2.0988	0.44102
2.0997	0.441114
2.1005	0.441148
2.1014	0.441124
2.1023	0.441069
2.1031	0.44102
2.104	0.441008
2.1048	0.441034
2.1057	0.441084
2.1065	0.441136
2.1074	0.441174
2.1082	0.441202
2.1091	0.441221
2.11	0.441235
2.1108	0.441228
2.1117	0.44119
2.1125	0.441114
2.1134	0.441024
2.1143	0.440958
2.1151	0.440953
2.116	0.441032
2.1168	0.441185
2.1177	0.441377
2.1186	0.441562
2.1194	0.441704
2.1203	0.441801
2.1212	0.441865
2.122	0.441917
2.1229	0.441972
2.1238	0.442031
2.1247	0.442081
2.1255	0.4421
2.1264	0.442076
2.1273	0.442012
2.1281	0.44192
2.129	0.44182
2.1299	0.441735
2.1308	0.441678
2.1316	0.441654
2.1325	0.441652
2.1334	0.441643
2.1343	0.441595
2.1352	0.441489
2.136	0.441313
2.1369	0.441088
2.1378	0.440844
2.1387	0.440627
2.1396	0.440466
2.1404	0.440371
2.1413	0.440323
2.1422	0.440295
2.1431	0.440243
2.144	0.440139
2.1449	0.439959
2.1458	0.439701
2.1466	0.439374
2.1475	0.43899
2.1484	0.43858
2.1493	0.438178
2.1502	0.437811
2.1511	0.437503
2.152	0.437252
2.1529	0.437044
2.1538	0.43684
2.1547	0.436605
2.1556	0.436317
2.1565	0.43598
2.1574	0.435606
2.1583	0.435225
2.1592	0.434848
2.1601	0.434479
2.161	0.434105
2.1619	0.433719
2.1628	0.433323
2.1637	0.432932
2.1646	0.432568
2.1655	0.432246
2.1664	0.431971
2.1673	0.43172
2.1682	0.431469
2.1691	0.431194
2.17	0.430893
2.1709	0.430574
2.1718	0.430247
2.1727	0.429918
2.1736	0.429572
2.1746	0.429186
2.1755	0.428738
2.1764	0.428222
2.1773	0.427656
2.1782	0.427067
2.1791	0.426484
2.18	0.425918
2.181	0.425361
2.1819	0.424793
2.1828	0.424187
2.1837	0.423524
2.1846	0.422794
2.1856	0.422015
2.1865	0.421193
2.1874	0.420348
2.1883	0.419493
2.1893	0.418645
2.1902	0.417819
2.1911	0.417011
2.192	0.416225
2.193	0.415458
2.1939	0.414719
2.1948	0.414011
2.1957	0.413343
2.1967	0.412727
2.1976	0.412154
2.1985	0.411593
2.1995	0.411006
2.2004	0.410357
2.2013	0.40962
2.2023	0.408782
2.2032	0.407865
2.2041	0.406921
2.2051	0.406033
2.206	0.405313
2.207	0.404875
2.2079	0.404825
2.2088	0.405208
2.2098	0.405997
2.2107	0.407101
2.2117	0.408379
2.2126	0.409694
2.2136	0.410939
2.2145	0.412074
2.2155	0.413094
2.2164	0.41403
2.2173	0.414906
2.2183	0.41573
2.2192	0.416495
2.2202	0.417187
2.2211	0.417802
2.2221	0.418361
2.2231	0.418894
2.224	0.41942
2.225	0.41995
2.2259	0.420471
2.2269	0.420957
2.2278	0.421378
2.2288	0.421726
2.2297	0.422018
2.2307	0.422276
2.2317	0.42251
2.2326	0.422726
2.2336	0.422908
2.2345	0.423041
2.2355	0.423119
2.2365	0.423157
2.2374	0.423183
2.2384	0.42323
2.2394	0.423313
2.2403	0.423429
2.2413	0.423557
2.2423	0.423673
2.2433	0.423746
2.2442	0.42377
2.2452	0.423739
2.2462	0.423678
2.2471	0.423614
2.2481	0.423585
2.2491	0.423621
2.2501	0.423727
2.251	0.423898
2.252	0.424099
2.253	0.424291
2.254	0.424438
2.255	0.424525
2.2559	0.424563
2.2569	0.424573
2.2579	0.424585
2.2589	0.424623
2.2599	0.424703
2.2609	0.424826
2.2618	0.42498
2.2628	0.425153
2.2638	0.425326
2.2648	0.425475
2.2658	0.425582
2.2668	0.425636
2.2678	0.425639
2.2688	0.425598
2.2698	0.425546
2.2708	0.425506
2.2718	0.425489
2.2728	0.425485
2.2738	0.425466
2.2747	0.425392
2.2757	0.425236
2.2767	0.424994
2.2777	0.424689
2.2787	0.424367
2.2798	0.424071
2.2808	0.423834
2.2818	0.423659
2.2828	0.423517
2.2838	0.423358
2.2848	0.423142
2.2858	0.422837
2.2868	0.422441
2.2878	0.42198
2.2888	0.421494
2.2898	0.421028
2.2908	0.420613
2.2918	0.420265
2.2929	0.419983
2.2939	0.419756
2.2949	0.419562
2.2959	0.419382
2.2969	0.419192
2.2979	0.418979
2.299	0.418733
2.3	0.418454
2.301	0.418155
2.302	0.417859
2.303	0.41758
2.3041	0.417314
2.3051	0.417047
2.3061	0.416767
2.3071	0.41646
2.3082	0.416126
2.3092	0.415789
2.3102	0.415477
2.3113	0.415209
2.3123	0.414994
2.3133	0.414826
2.3144	0.414693
2.3154	0.414577
2.3164	0.414458
2.3175	0.414321
2.3185	0.414146
2.3195	0.413916
2.3206	0.413632
2.3216	0.413303
2.3226	0.41294
2.3237	0.412562
2.3247	0.412176
2.3258	0.411782
2.3268	0.41138
2.3279	0.410954
2.3289	0.410511
2.33	0.410051
2.331	0.409592
2.3321	0.409144
2.3331	0.408713
2.3342	0.408299
2.3352	0.40788
2.3363	0.407434
2.3373	0.406944
2.3384	0.406404
2.3394	0.405822
2.3405	0.40522
2.3415	0.404628
2.3426	0.404072
2.3436	0.403563
2.3447	0.403103
2.3458	0.402689
2.3468	0.402315
2.3479	0.401974
2.349	0.401675
2.35	0.401424
2.3511	0.40123
2.3522	0.401095
2.3532	0.401017
2.3543	0.400986
2.3554	0.400981
2.3564	0.400988
2.3575	0.400977
2.3586	0.400927
2.3597	0.400825
2.3607	0.400664
2.3618	0.400448
2.3629	0.400202
2.364	0.399949
2.365	0.399702
2.3661	0.39947
2.3672	0.399245
2.3683	0.399013
2.3694	0.398758
2.3704	0.398466
2.3715	0.398142
2.3726	0.397796
2.3737	0.397441
2.3748	0.397086
2.3759	0.39674
2.377	0.396401
2.3781	0.396063
2.3791	0.395714
2.3802	0.39535
2.3813	0.394971
2.3824	0.39459
2.3835	0.394225
2.3846	0.3939
2.3857	0.39363
2.3868	0.393417
2.3879	0.393254
2.389	0.393114
2.3901	0.392977
2.3912	0.39283
2.3923	0.392667
2.3934	0.392499
2.3945	0.392333
2.3956	0.392176
2.3967	0.39202
2.3979	0.391843
2.399	0.39162
2.4001	0.39134
2.4012	0.390997
2.4023	0.390602
2.4034	0.390173
2.4045	0.389735
2.4056	0.389297
2.4068	0.388875
2.4079	0.388473
2.409	0.388087
2.4101	0.387703
2.4112	0.387305
2.4124	0.386867
2.4135	0.386365
2.4146	0.385787
2.4157	0.385152
2.4169	0.384489
2.418	0.383831
2.4191	0.383196
2.4202	0.382595
2.4214	0.38201
2.4225	0.381416
2.4236	0.380783
2.4248	0.380106
2.4259	0.379393
2.427	0.378657
2.4282	0.37792
2.4293	0.377203
2.4305	0.376511
2.4316	0.375839
2.4327	0.375173
2.4339	0.37451
2.435	0.373845
2.4362	0.373184
2.4373	0.372533
2.4385	0.371905
2.4396	0.371313
2.4408	0.370761
2.4419	0.370254
2.4431	0.369795
2.4442	0.369371
2.4454	0.368957
2.4465	0.368533
2.4477	0.368071
2.4488	0.367571
2.45	0.367036
2.4511	0.366496
2.4523	0.36598
2.4535	0.365509
2.4546	0.365087
2.4558	0.364699
2.4569	0.364315
2.4581	0.36391
2.4593	0.363458
2.4604	0.362963
2.4616	0.362444
2.4628	0.36193
2.464	0.361457
2.4651	0.361035
2.4663	0.360663
2.4675	0.360315
2.4686	0.359972
2.4698	0.359619
2.471	0.35925
2.4722	0.358883
2.4734	0.358527
2.4745	0.358196
2.4757	0.357871
2.4769	0.357528
2.4781	0.357135
2.4793	0.356678
2.4805	0.356157
2.4816	0.355593
2.4828	0.355037
2.484	0.354532
2.4852	0.354104
2.4864	0.353748
2.4876	0.35344
2.4888	0.353147
2.49	0.352825
2.4912	0.352467
2.4924	0.352088
2.4936	0.351724
2.4948	0.351399
2.496	0.351127
2.4972	0.350888
2.4984	0.350646
2.4996	0.350362
2.5008	0.350021
2.502	0.349635
2.5032	0.349244
2.5044	0.348896
2.5056	0.348621
2.5068	0.348422
2.5081	0.348266
2.5093	0.348112
2.5105	0.347918
2.5117	0.347676
2.5129	0.347406
2.5141	0.347146
2.5154	0.34693
2.5166	0.346772
2.5178	0.346658
2.519	0.346552
2.5202	0.346419
2.5215	0.346251
2.5227	0.346054
2.5239	0.345834
2.5252	0.345573
2.5264	0.345232
2.5276	0.344768
2.5289	0.344179
2.5301	0.343506
2.5313	0.342869
2.5326	0.342402
2.5338	0.342208
2.535	0.342265
2.5363	0.342438
2.5375	0.342559
2.5388	0.342471
2.54	0.342109
2.5413	0.341519
2.5425	0.340832
2.5437	0.340157
2.545	0.339504
2.5462	0.33885
2.5475	0.33823
2.5487	0.337787
2.55	0.33773
2.5513	0.33823
2.5525	0.339227
2.5538	0.340307
2.555	0.340766
2.5563	0.339923
2.5575	0.337496
2.5588	0.333827
2.5601	0.329837
2.5613	0.326652
2.5626	0.325117
2.5639	0.325444
2.5651	0.327099
2.5664	0.329063
2.5677	0.330358
2.569	0.330479
2.5702	0.329536
2.5715	0.328125
2.5728	0.326955
2.5741	0.326545
2.5753	0.326884
2.5766	0.327433
2.5779	0.327507
2.5792	0.326628
2.5805	0.324817
2.5817	0.322617
2.583	0.32085
2.5843	0.320225
2.5856	0.320786
2.5869	0.321693
2.5882	0.321712
2.5895	0.319877
2.5908	0.316109
2.5921	0.311408
2.5934	0.307498
2.5947	0.306049
2.596	0.307733
2.5973	0.311695
2.5986	0.316052
2.5999	0.318868
2.6012	0.319052
2.6025	0.316805
2.6038	0.313473
2.6051	0.310873
2.6064	0.310335
2.6077	0.311991
2.609	0.314849
2.6103	0.317442
2.6117	0.318458
2.613	0.317264
2.6143	0.314226
2.6156	0.310541
2.6169	0.307678
2.6183	0.306603
2.6196	0.307437
2.6209	0.309542
2.6222	0.311685
2.6236	0.312571
2.6249	0.311522
2.6262	0.308763
2.6275	0.305282
2.6289	0.302317
2.6302	0.300929
2.6315	0.301661
2.6329	0.304209
2.6342	0.307647
2.6356	0.310908
2.6369	0.313097
2.6382	0.313745
2.6396	0.312872
2.6409	0.310927
2.6423	0.30855
2.6436	0.306212
2.645	0.304128
2.6463	0.302262
2.6477	0.30038
2.649	0.298267
2.6504	0.295885
2.6517	0.293389
2.6531	0.291021
2.6545	0.288929
2.6558	0.28703
2.6572	0.284894
2.6585	0.281856
2.6599	0.277373
2.6613	0.271263
2.6626	0.263791
2.664	0.25574
2.6654	0.248245
2.6667	0.242329
2.6681	0.238452
2.6695	0.236375
2.6709	0.235395
2.6722	0.234549
2.6736	0.23297
2.675	0.230275
2.6764	0.226647
2.6778	0.222512
2.6791	0.218155
2.6805	0.213575
2.6819	0.208481
2.6833	0.202373
2.6847	0.194745
2.6861	0.185353
2.6875	0.174296
2.6889	0.161973
2.6903	0.148967
2.6917	0.135944
2.6931	0.123537
2.6945	0.112248
2.6959	0.102352
2.6973	0.093893
2.6987	0.086788
2.7001	0.080896
2.7015	0.076108
2.7029	0.07238
2.7043	0.069721
2.7057	0.06816
2.7071	0.067639
2.7085	0.067971
2.71	0.06884
2.7114	0.069809
2.7128	0.070377
2.7142	0.070114
2.7156	0.068771
2.7171	0.066379
2.7185	0.063244
2.7199	0.05985
2.7213	0.056708
2.7228	0.054172
2.7242	0.052343
2.7256	0.051091
2.7271	0.050136
2.7285	0.04917
2.7299	0.047969
2.7314	0.046442
2.7328	0.044626
2.7343	0.042648
2.7357	0.040685
2.7371	0.038928
2.7386	0.037516
2.74	0.036529
2.7415	0.035946
2.7429	0.03566
2.7444	0.035492
2.7458	0.03526
2.7473	0.034824
2.7488	0.034135
2.7502	0.033235
2.7517	0.032247
2.7531	0.031305
2.7546	0.030523
2.7561	0.029964
2.7575	0.02964
2.759	0.029521
2.7605	0.029574
2.7619	0.029763
2.7634	0.030069
2.7649	0.030473
2.7664	0.030949
2.7678	0.031473
2.7693	0.032001
2.7708	0.032498
2.7723	0.032936
2.7738	0.033299
2.7752	0.033588
2.7767	0.03381
2.7782	0.033985
2.7797	0.034123
2.7812	0.034241
2.7827	0.034355
2.7842	0.03448
2.7857	0.034634
2.7872	0.034836
2.7887	0.035094
2.7902	0.035406
2.7917	0.035745
2.7932	0.036074
2.7947	0.036344
2.7962	0.036519
2.7977	0.036586
2.7992	0.036555
2.8007	0.036463
2.8022	0.036365
2.8038	0.036311
2.8053	0.036337
2.8068	0.036448
2.8083	0.036626
2.8098	0.03683
2.8114	0.03701
2.8129	0.037123
2.8144	0.037149
2.8159	0.03709
2.8175	0.036972
2.819	0.036832
2.8205	0.036716
2.8221	0.036657
2.8236	0.036669
2.8252	0.036737
2.8267	0.036839
2.8282	0.036934
2.8298	0.036991
2.8313	0.036984
2.8329	0.036908
2.8344	0.036775
2.836	0.036607
2.8375	0.036429
2.8391	0.036268
2.8406	0.036138
2.8422	0.036036
2.8437	0.035956
2.8453	0.03588
2.8469	0.035792
2.8484	0.035688
2.85	0.035567
2.8516	0.035435
2.8531	0.035297
2.8547	0.035167
2.8563	0.035049
2.8579	0.034949
2.8594	0.034866
2.861	0.034798
2.8626	0.034727
2.8642	0.034637
2.8658	0.034516
2.8673	0.034369
2.8689	0.034206
2.8705	0.034047
2.8721	0.033912
2.8737	0.033813
2.8753	0.033737
2.8769	0.033673
2.8785	0.033604
2.8801	0.033528
2.8817	0.033445
2.8833	0.03336
2.8849	0.033277
2.8865	0.033194
2.8881	0.033107
2.8897	0.03301
2.8913	0.032906
2.8929	0.032792
2.8946	0.032676
2.8962	0.032565
2.8978	0.032463
2.8994	0.032368
2.901	0.032287
2.9027	0.032224
2.9043	0.032174
2.9059	0.032126
2.9075	0.032074
2.9092	0.03201
2.9108	0.031928
2.9124	0.031821
2.9141	0.031705
2.9157	0.031596
2.9174	0.031506
2.919	0.031452
2.9207	0.031444
2.9223	0.031489
2.9239	0.03157
2.9256	0.031667
2.9272	0.031759
2.9289	0.03183
2.9306	0.031861
2.9322	0.031859
2.9339	0.031842
2.9355	0.031819
2.9372	0.03179
2.9389	0.031752
2.9405	0.031698
2.9422	0.031629
2.9439	0.031551
2.9455	0.031482
2.9472	0.031442
2.9489	0.031433
2.9506	0.031449
2.9523	0.031475
2.9539	0.031492
2.9556	0.031489
2.9573	0.03147
2.959	0.031442
2.9607	0.031418
2.9624	0.031414
2.9641	0.031442
2.9658	0.031511
2.9675	0.031627
2.9692	0.031774
2.9709	0.031939
2.9726	0.032105
2.9743	0.03225
2.976	0.032366
2.9777	0.032449
2.9794	0.032508
2.9811	0.03256
2.9828	0.032614
2.9845	0.032688
2.9863	0.03279
2.988	0.032922
2.9897	0.033078
2.9914	0.033247
2.9932	0.033415
2.9949	0.033571
2.9966	0.033711
2.9984	0.033839
3.0001	0.033955
3.0018	0.034059
3.0036	0.034144
3.0053	0.034208
3.007	0.034251
3.0088	0.034274
3.0105	0.034284
3.0123	0.034296
3.014	0.034315
3.0158	0.034343
3.0176	0.034379
3.0193	0.034426
3.0211	0.034487
3.0228	0.034563
3.0246	0.034665
3.0264	0.034795
3.0281	0.034942
3.0299	0.035091
3.0317	0.035226
3.0334	0.035333
3.0352	0.035409
3.037	0.035461
3.0388	0.035513
3.0406	0.035584
3.0423	0.035683
3.0441	0.035809
3.0459	0.035956
3.0477	0.036112
3.0495	0.036268
3.0513	0.036422
3.0531	0.036581
3.0549	0.036742
3.0567	0.036898
3.0585	0.037047
3.0603	0.037182
3.0621	0.037303
3.0639	0.037417
3.0657	0.037533
3.0675	0.037656
3.0694	0.037782
3.0712	0.037902
3.073	0.038009
3.0748	0.038106
3.0766	0.038191
3.0785	0.038277
3.0803	0.038371
3.0821	0.038483
3.084	0.038613
3.0858	0.038762
3.0876	0.03893
3.0895	0.039115
3.0913	0.039302
3.0932	0.039482
3.095	0.039643
3.0969	0.039785
3.0987	0.039908
3.1006	0.040031
3.1024	0.040178
3.1043	0.040363
3.1061	0.040595
3.108	0.040867
3.1099	0.041163
3.1117	0.041457
3.1136	0.04172
3.1155	0.041947
3.1174	0.042134
3.1192	0.042295
3.1211	0.042452
3.123	0.042629
3.1249	0.042845
3.1268	0.04311
3.1286	0.04342
3.1305	0.043768
3.1324	0.04414
3.1343	0.044524
3.1362	0.044917
3.1381	0.045315
3.14	0.04571
3.1419	0.046094
3.1438	0.046459
3.1457	0.046792
3.1476	0.047098
3.1495	0.047387
3.1515	0.047676
3.1534	0.047984
3.1553	0.048318
3.1572	0.048682
3.1591	0.049066
3.1611	0.049459
3.163	0.049854
3.1649	0.050248
3.1669	0.050643
3.1688	0.051048
3.1707	0.051467
3.1727	0.051903
3.1746	0.052348
3.1766	0.052786
3.1785	0.053205
3.1805	0.053594
3.1824	0.053951
3.1844	0.054292
3.1863	0.054631
3.1883	0.054982
3.1902	0.055356
3.1922	0.055746
3.1942	0.056142
3.1961	0.056526
3.1981	0.056897
3.2001	0.057257
3.2021	0.057622
3.204	0.05801
3.206	0.058434
3.208	0.058901
3.21	0.059398
3.212	0.059914
3.214	0.060428
3.216	0.060926
3.218	0.061392
3.22	0.061826
3.222	0.062226
3.224	0.062609
3.226	0.062988
3.228	0.063388
3.23	0.063822
3.232	0.064288
3.234	0.064779
3.2361	0.065276
3.2381	0.065766
3.2401	0.06624
3.2421	0.066702
3.2442	0.067156
3.2462	0.067613
3.2482	0.068082
3.2503	0.068561
3.2523	0.069053
3.2543	0.069555
3.2564	0.070069
3.2584	0.070597
3.2605	0.071142
3.2625	0.071708
3.2646	0.07229
3.2666	0.072887
3.2687	0.073482
3.2708	0.074067
3.2728	0.07463
3.2749	0.075168
3.277	0.075684
3.279	0.076191
3.2811	0.076702
3.2832	0.07723
3.2853	0.077787
3.2874	0.078369
3.2894	0.078983
3.2915	0.07962
3.2936	0.080271
3.2957	0.080929
3.2978	0.08159
3.2999	0.082246
3.302	0.082895
3.3041	0.083544
3.3062	0.084188
3.3083	0.084832
3.3104	0.085469
3.3126	0.086087
3.3147	0.086677
3.3168	0.087231
3.3189	0.08775
3.321	0.088242
3.3232	0.088723
3.3253	0.089199
3.3274	0.089675
3.3296	0.090149
3.3317	0.09061
3.3339	0.091053
3.336	0.091472
3.3382	0.091863
3.3403	0.092223
3.3425	0.09255
3.3446	0.092837
3.3468	0.093088
3.3489	0.09331
3.3511	0.093509
3.3533	0.093689
3.3554	0.093845
3.3576	0.093964
3.3598	0.094021
3.362	0.094002
3.3641	0.093907
3.3663	0.093753
3.3685	0.093585
3.3707	0.093443
3.3729	0.093376
3.3751	0.093419
3.3773	0.093587
3.3795	0.093867
3.3817	0.094229
3.3839	0.09462
3.3861	0.094984
3.3883	0.095271
3.3906	0.095439
3.3928	0.095472
3.395	0.09538
3.3972	0.095193
3.3994	0.094949
3.4017	0.094688
3.4039	0.094447
3.4061	0.094243
3.4084	0.094082
3.4106	0.093954
3.4129	0.093862
3.4151	0.093826
3.4174	0.093888
3.4196	0.09412
3.4219	0.094603
3.4241	0.095415
3.4264	0.096585
3.4287	0.098094
3.4309	0.099853
3.4332	0.101743
3.4355	0.103623
3.4378	0.105385
3.44	0.106965
3.4423	0.108341
3.4446	0.109527
3.4469	0.110562
3.4492	0.111491
3.4515	0.112357
3.4538	0.113203
3.4561	0.114058
3.4584	0.114934
3.4607	0.115817
3.463	0.11667
3.4653	0.117454
3.4677	0.11814
3.47	0.118728
3.4723	0.119241
3.4746	0.119732
3.477	0.120243
3.4793	0.120797
3.4816	0.121387
3.484	0.121974
3.4863	0.122505
3.4887	0.122907
3.491	0.123121
3.4934	0.123109
3.4957	0.122881
3.4981	0.122514
3.5004	0.122164
3.5028	0.122048
3.5052	0.122394
3.5075	0.123374
3.5099	0.125039
3.5123	0.127293
3.5147	0.129917
3.5171	0.132643
3.5195	0.135222
3.5218	0.137491
3.5242	0.139387
3.5266	0.140939
3.529	0.14222
3.5314	0.143321
3.5338	0.144316
3.5363	0.145251
3.5387	0.14616
3.5411	0.147048
3.5435	0.14791
3.5459	0.148732
3.5484	0.149504
3.5508	0.150215
3.5532	0.150875
3.5557	0.151503
3.5581	0.152121
3.5605	0.152756
3.563	0.153412
3.5654	0.154091
3.5679	0.154788
3.5704	0.155486
3.5728	0.15618
3.5753	0.156864
3.5777	0.157539
3.5802	0.158205
3.5827	0.158863
3.5852	0.159514
3.5876	0.160161
3.5901	0.160803
3.5926	0.161437
3.5951	0.162065
3.5976	0.162678
3.6001	0.163275
3.6026	0.16386
3.6051	0.164435
3.6076	0.165016
3.6101	0.165608
3.6127	0.166212
3.6152	0.166823
3.6177	0.167431
3.6202	0.168026
3.6227	0.168601
3.6253	0.169158
3.6278	0.169702
3.6304	0.170245
3.6329	0.170787
3.6355	0.171331
3.638	0.171869
3.6406	0.172392
3.6431	0.172887
3.6457	0.173347
3.6482	0.173768
3.6508	0.174154
3.6534	0.17451
3.656	0.174843
3.6585	0.175158
3.6611	0.17545
3.6637	0.175708
3.6663	0.175921
3.6689	0.17608
3.6715	0.176179
3.6741	0.176222
3.6767	0.17621
3.6793	0.176153
3.6819	0.176058
3.6845	0.175928
3.6872	0.175777
3.6898	0.175613
3.6924	0.175447
3.695	0.175289
3.6977	0.175135
3.7003	0.174976
3.703	0.174803
3.7056	0.174611
3.7083	0.174412
3.7109	0.174218
3.7136	0.17405
3.7162	0.17392
3.7189	0.173835
3.7216	0.173792
3.7242	0.173783
3.7269	0.173811
3.7296	0.173887
3.7323	0.174024
3.735	0.174232
3.7377	0.174519
3.7404	0.174881
3.7431	0.175303
3.7458	0.175779
3.7485	0.176305
3.7512	0.17688
3.7539	0.177503
3.7566	0.178173
3.7594	0.178891
3.7621	0.179646
3.7648	0.18043
3.7676	0.181237
3.7703	0.182052
3.773	0.182864
3.7758	0.183653
3.7785	0.184404
3.7813	0.185112
3.7841	0.185775
3.7868	0.186398
3.7896	0.18698
3.7924	0.187527
3.7951	0.188029
3.7979	0.188477
3.8007	0.188861
3.8035	0.18918
3.8063	0.189438
3.8091	0.18964
3.8119	0.189794
3.8147	0.1899
3.8175	0.189959
3.8203	0.189967
3.8231	0.189924
3.8259	0.189836
3.8288	0.189727
3.8316	0.189616
3.8344	0.189528
3.8373	0.189486
3.8401	0.189498
3.843	0.189569
3.8458	0.189689
3.8487	0.189846
3.8515	0.190026
3.8544	0.190225
3.8573	0.190452
3.8601	0.19072
3.863	0.191049
3.8659	0.191458
3.8688	0.191961
3.8717	0.19255
3.8746	0.193213
3.8775	0.193926
3.8804	0.194663
3.8833	0.195397
3.8862	0.19611
3.8891	0.196794
3.892	0.19744
3.8949	0.198044
3.8979	0.198603
3.9008	0.199115
3.9037	0.199581
3.9067	0.200003
3.9096	0.200384
3.9126	0.200723
3.9155	0.201009
3.9185	0.201227
3.9214	0.201362
3.9244	0.201395
3.9274	0.201317
3.9304	0.201135
3.9333	0.200855
3.9363	0.200498
3.9393	0.200074
3.9423	0.199593
3.9453	0.199065
3.9483	0.198485
3.9513	0.197857
3.9544	0.197194
3.9574	0.196512
3.9604	0.195828
3.9634	0.19516
3.9665	0.194525
3.9695	0.193926
3.9725	0.19336
3.9756	0.192823
3.9786	0.192309
3.9817	0.191821
3.9847	0.191368
3.9878	0.190961
3.9909	0.190611
3.994	0.190322
3.997	0.190085
4.0001	0.189893
