33008,33313,33307,33273,33229,33169,33471,33183,33340,33275,33245,33416,33310,33474,33407,33535,33386,33293,33471,33130,33130,33290,33118,33182,33398,33478,33276,33332,33625,33420,33217,33395,
33483,33402,33316,33384,33350,33303,33395,33357,33586,33322,33265,33725,33432,33427,33664,33295,33457,33118,33352,33404,33367,33263,33589,33554,33271,33423,33351,33611,33299,33254,33297,33311,
33429,33307,33674,33525,33365,33430,33758,33430,33588,33590,33592,33528,33535,33504,33583,33631,33599,33725,33476,33302,33400,33448,33341,33426,33342,33434,33389,33582,33463,33471,33574,33615,
33818,33527,33377,33343,33507,33514,33617,33661,33971,33475,33644,33826,33884,33956,33528,33531,33652,33569,33609,33550,33687,33990,33619,33606,33447,33841,33586,33671,33662,33661,33822,33516,
33003,33314,33310,33281,33246,33180,33488,33196,33350,33290,33253,33431,33326,33489,33423,33546,33402,33298,33490,33153,33146,33309,33132,33190,33412,33499,33295,33349,33641,33431,33220,33394,
33479,33402,33312,33390,33353,33305,33401,33362,33585,33330,33274,33732,33440,33430,33668,33307,33463,33124,33359,33408,33373,33272,33588,33561,33275,33427,33363,33617,33307,33263,33305,33308,
33423,33307,33673,33526,33371,33439,33765,33439,33597,33604,33602,33533,33541,33503,33591,33636,33609,33731,33481,33307,33416,33461,33346,33425,33348,33436,33398,33590,33473,33471,33578,33616,
33819,33528,33380,33340,33515,33514,33616,33663,33966,33479,33645,33832,33879,33959,33539,33537,33661,33572,33612,33552,33695,33992,33622,33608,33446,33839,33586,33673,33661,33656,33821,33515,
33009,33309,33313,33292,33244,33183,33492,33199,33356,33292,33255,33435,33323,33495,33426,33551,33401,33305,33489,33146,33147,33309,33140,33199,33411,33501,33297,33355,33646,33433,33223,33396,
33480,33407,33316,33385,33361,33305,33408,33366,33590,33326,33272,33738,33445,33433,33675,33306,33460,33127,33355,33409,33375,33273,33593,33562,33276,33431,33360,33613,33310,33258,33308,33315,
33427,33310,33675,33528,33370,33442,33765,33441,33600,33600,33607,33540,33545,33509,33594,33645,33612,33733,33487,33307,33411,33464,33349,33426,33354,33438,33393,33590,33468,33476,33581,33618,
33822,33532,33384,33347,33517,33519,33619,33663,33968,33479,33646,33836,33887,33962,33543,33537,33666,33577,33610,33550,33700,33992,33627,33611,33449,33844,33589,33676,33666,33667,33821,33516,
33010,33319,33318,33290,33245,33186,33493,33203,33355,33291,33265,33433,33329,33490,33423,33552,33403,33307,33492,33153,33149,33313,33144,33198,33415,33507,33294,33353,33648,33434,33226,33393,
33487,33410,33323,33391,33353,33310,33403,33369,33595,33329,33275,33738,33446,33434,33680,33313,33477,33140,33365,33421,33381,33277,33594,33567,33276,33436,33361,33621,33307,33265,33311,33318,
33429,33312,33680,33536,33378,33443,33769,33442,33607,33601,33608,33539,33545,33513,33601,33651,33623,33747,33497,33316,33420,33472,33356,33431,33356,33442,33403,33598,33474,33479,33586,33625,
33829,33532,33385,33356,33521,33529,33622,33667,33975,33477,33645,33833,33888,33969,33548,33550,33677,33586,33632,33570,33709,34007,33645,33619,33461,33848,33594,33682,33669,33662,33824,33516,
33916,33565,33722,33589,33576,33830,33561,33851,33669,33630,33460,33746,33596,33660,33206,33639,33499,33603,33503,33593,33410,33496,33357,33418,33745,33621,33581,33511,33664,33640,33563,33613,
33668,33780,33489,33577,33496,33513,33548,33690,33573,33551,33335,33507,33256,33626,33241,33202,33430,33276,33503,33415,33616,33599,33385,33477,33457,33401,33544,33542,33574,33318,33445,33436,
33123,33482,33354,33555,33569,33370,33328,33200,33206,33457,33562,33337,33288,33355,33686,33298,33561,33421,33152,33351,33591,33305,33440,33216,33303,33448,33260,33413,33317,33448,33406,33322,
33259,33336,33251,33238,33309,33386,33183,33256,33104,33325,33241,33271,33407,33334,33164,33249,33013,33313,33268,33246,33225,33210,33375,33203,33305,33160,33520,33407,33177,33102,33355,33140,
33918,33566,33729,33595,33583,33836,33565,33860,33678,33633,33468,33758,33605,33669,33219,33663,33517,33624,33523,33609,33421,33506,33354,33428,33757,33624,33590,33510,33664,33647,33562,33617,
33668,33794,33508,33590,33501,33518,33548,33688,33572,33553,33336,33517,33270,33644,33261,33219,33442,33290,33512,33425,33618,33596,33377,33482,33449,33399,33545,33549,33572,33326,33451,33431,
33137,33503,33375,33566,33587,33383,33330,33204,33205,33453,33565,33349,33310,33383,33701,33308,33572,33429,33157,33350,33592,33298,33435,33217,33284,33440,33261,33414,33322,33448,33406,33326,
33267,33356,33275,33253,33332,33412,33206,33272,33115,33333,33243,33289,33425,33355,33181,33256,33017,33311,33272,33249,33230,33215,33379,33184,33284,33154,33522,33404,33182,33102,33364,33152,
33939,33588,33750,33609,33598,33853,33584,33875,33690,33649,33496,33786,33626,33689,33226,33660,33515,33618,33518,33612,33420,33506,33365,33413,33746,33626,33592,33515,33676,33645,33564,33616,
33685,33797,33510,33600,33513,33533,33571,33699,33594,33574,33362,33539,33287,33655,33262,33221,33446,33285,33503,33423,33609,33597,33365,33467,33449,33400,33550,33549,33577,33326,33449,33434,
33138,33500,33383,33572,33590,33386,33349,33219,33224,33475,33586,33369,33310,33381,33703,33305,33565,33416,33145,33343,33585,33282,33415,33200,33282,33442,33255,33412,33321,33449,33408,33333,
33273,33363,33274,33257,33331,33413,33206,33279,33123,33350,33258,33287,33427,33353,33175,33252,33008,33296,33249,33235,33202,33186,33357,33173,33284,33151,33520,33410,33183,33106,33361,33151,
33937,33579,33742,33607,33603,33856,33581,33871,33696,33653,33492,33790,33630,33682,33224,33658,33512,33613,33509,33601,33406,33486,33348,33408,33744,33624,33587,33514,33670,33650,33562,33621,
33684,33793,33503,33600,33514,33533,33573,33705,33596,33575,33359,33533,33277,33651,33252,33208,33423,33267,33489,33403,33587,33585,33364,33471,33446,33395,33548,33548,33570,33318,33443,33442,
33138,33497,33370,33565,33585,33385,33341,33220,33221,33474,33583,33358,33311,33381,33688,33283,33546,33411,33135,33330,33568,33276,33414,33197,33279,33435,33257,33411,33320,33447,33409,33334,
33272,33356,33270,33246,33332,33405,33202,33279,33125,33341,33254,33278,33417,33340,33161,33235,32995,33288,33245,33218,33203,33191,33354,33173,33283,33147,33521,33413,33184,33107,33362,33148,
