wvl	Abs_coeff_CH4
1950	0.000894711
1955	0.002033862
1960	0.000894711
1965	0.001355738
1970	0.000569327
1975	0.000135543
1980	0.000704899
1985	0.002088119
1990	0.000786246
1995	0.001599843
2000	0.000786246
2005	0.000515101
2010	0.000813362
2015	0.000243983
2020	8.13252E-05
2025	0
2030	0
2035	0
2040	0
2045	0
2050	0
2055	0
2060	0
2065	0
2070	0
2075	0
2080	0
2085	0
2090	0
2095	0
2100	2.71081E-05
2105	0.020189119
2110	0.032150214
2115	0.011654342
2120	0.020981243
2125	0.013370046
2130	0.004340751
2135	0.001328617
2140	0.000271093
2145	0.000243983
2150	0.00273929
2155	0.004693743
2160	0.001626967
2165	0.003526331
2170	0.002278028
2175	0.000921828
2180	0.000216873
2185	2.34611E-05
2190	0
2195	0
2200	0
2205	0
2210	0
2215	0
2220	0
2225	0
2230	0
2235	0
2240	0
2245	1.56406E-05
2250	0.002413685
2255	0.043558216
2260	0.042676853
2265	0.014378188
2270	0.035883454
2275	0.026149384
2280	0.011490998
2285	0.006133338
2290	0.00273929
2295	0.001220134
2300	0.00075913
2305	0.001355738
2310	0.000216873
2315	0.000298204
2320	0.000108434
2325	0
2330	0
2335	0
2340	0
2345	0
2350	0
2355	0
2360	0
2365	0
2370	0
2375	0
2380	0
2385	0
2390	0
2395	0
2400	0
2405	0
2410	0
2415	0
2420	0
2425	0
2430	0
2435	0
2440	0
2445	0
2450	0.000189763
2455	0.00040665
2460	0.000840478
2465	0.001003181
2470	0.000271093
2475	0.000271093
2480	2.71081E-05
2485	0
2490	0
2495	0
2500	0
2505	0
2510	0
2515	0
2520	0
2525	0
2530	0
2535	0
2540	0
2545	0
2550	0
2555	0
2560	0
2565	0
2570	1.17304E-05
2575	0.000786246
2580	0.002847834
2585	0.004557971
2590	0.017050215
2595	0.05059184
2600	0.061828269
2605	0.021718946
2610	0.029079637
2615	0.042016018
2620	0.032863524
2625	0.016941101
2630	0.00809024
2635	0.003227771
2640	0.001193014
2645	0.002278028
2650	0.009069221
2655	0.023194954
2660	0.030641907
2665	0.014814257
2670	0.009069221
2675	0.022866883
2680	0.021500347
2685	0.011953831
2690	0.005535677
2695	0.00206099
2700	0.000732014
2705	0.000162653
2710	2.34611E-05
2715	0
2720	0
2725	0
2730	0
2735	0
2740	0
2745	0
2750	0
2755	0
2760	0
2765	0
2770	0
2775	5.42165E-05
2780	0.001518472
2785	0.000623555
2790	0.000216873
2795	2.34611E-05
2800	0
2805	0
2810	0
2815	0
2820	0
2825	0
2830	0
2835	7.03876E-05
2840	0.000325315
2845	0.002278028
2850	0.097364766
2855	0.521185724
2860	1.031338111
2865	1.138934838
2870	0.609136132
2875	0.407810467
2880	0.723794065
2885	0.784840584
2890	0.698878106
2895	0.416995077
2900	0.269305114
2905	0.144415626
2910	0.071357545
2915	0.034867284
2920	0.018059727
2925	0.012144432
2930	0.006867011
2935	0.0043136
2940	0.003200631
2945	0.006948542
2950	0.019670267
2955	0.042979789
2960	0.062493952
2965	0.060469674
2970	0.025191577
2975	0.025136856
2980	0.054820791
2985	0.051696811
2990	0.042704391
2995	0.026724231
3000	0.017513998
3005	0.01119156
3010	0.006785482
3015	0.004042102
3020	0.002440817
3025	0.001491349
3030	0.00075913
3035	0.000379538
3040	0.000271093
3045	0.000216873
3050	5.42165E-05
3055	5.08342E-05
3060	3.91026E-05
3065	0
3070	0
3075	0
3080	0
3085	0
3090	0
3095	0
3100	0
3105	0
3110	0
3115	0
3120	0
3125	7.82022E-06
3130	8.21201E-05
3135	0.000216873
3140	0.000271093
3145	0.000325315
3150	0.000271093
3155	2.71081E-05
3160	0.000813362
3165	0
3170	1.95508E-05
3175	4.69236E-05
3180	5.86554E-05
3185	4.30131E-05
3190	1.56406E-05
3195	0
3200	3.91026E-05
3205	3.91026E-05
3210	3.91026E-05
3215	3.51922E-05
3220	0
3225	0
3230	0
3235	0
3240	0
3245	0
3250	7.82022E-06
3255	4.69236E-05
3260	8.99419E-05
3265	5.42165E-05
3270	5.42165E-05
3275	6.64768E-05
3280	0.000108434
3285	0.000298204
3290	0
3295	0
3300	0
3305	0
3310	0
3315	0
3320	0
3325	0
3330	0
3335	0
3340	0
3345	0
3350	0
3355	0
3360	0
3365	0
3370	0
3375	0
3380	0
3385	0
3390	0
3395	0
3400	0
3405	0
3410	0
3415	0
3420	0
3425	0
3430	0
3435	0
3440	0
3445	0
3450	0
3455	0
3460	0
3465	0
3470	0
3475	0
3480	0
3485	0
3490	0
3495	0
3500	0
3505	0
3510	0
3515	0
3520	0
3525	0.000108434
3530	0.00065067
3535	0.002603616
3540	0.007356236
3545	0.014459945
3550	0.025355749
3555	0.035691176
3560	0.034016191
3565	0.029600293
3570	0.020434926
3575	0.264309848
3580	0.033302578
3585	0.025738854
3590	0.031629068
3595	0.031327397
3600	0.018278049
3605	0.021363731
3610	0.012008287
3615	0.007274692
3620	0.004992464
3625	0.00287497
3630	0.002115248
3635	0.001274375
3640	0.00065067
3645	0.000325315
3650	0.000216873
3655	5.08342E-05
3660	0
3665	0
3670	0
3675	0
3680	0
3685	0
3690	0
3695	0
3700	0
3705	0
3710	0
3715	0
3720	0
3725	0
3730	0
3735	0
3740	0
3745	0
3750	0
3755	0
3760	0
3765	0
3770	0
3775	0
3780	0
3785	0
3790	0
3795	0
3800	0
3805	3.91009E-06
3810	4.30131E-05
3815	0.000162653
3820	0.00040665
3825	0.001247254
3830	0.003037796
3835	0.007383418
3840	0.015632077
3845	0.029929181
3850	0.063631538
3855	0.113966001
3860	0.228094087
3865	0.37486421
3870	0.558567971
3875	0.70432102
3880	0.823608356
3885	0.801621719
3890	0.711184116
3895	0.504318203
3900	0.176599591
3905	0.288594644
3910	0.538026618
3915	0.632792027
3920	0.603101887
3925	0.577621926
3930	0.510692594
3935	0.422185026
3940	0.327437488
3945	0.239056135
3950	0.167702911
3955	0.111168522
3960	0.059471957
3965	0.045294238
3970	0.029216642
3975	0.014541706
3980	0.01282526
3985	0.007981486
3990	0.007301873
3995	0.007600882
4000	0.010538356

