wvl	Abs_CH4
1617	0.000151064
1618	0.00029696
1619	0.000349075
1620	0.000145854
1621	0.000875736
1622	0.000797485
1623	0.000552376
1624	0.001873156
1625	0.000489814
1626	0.002338576
1627	0.00169024
1628	0.002862016
1629	0.001742495
1630	0.002406593
1631	0.005013637
1632	0.001554401
1633	0.007750085
1634	0.002464153
1635	0.008665438
1636	0.005202985
1637	0.002134577
1638	0.017019876
1639	0.001585745
1640	0.017789977
1641	0.005097783
1642	0.000234428
1643	0.026211116
1644	0.000588874
1645	0.011863254
1646	0.023632295
1647	0.000698385
1648	0.02566916
1649	0.004656167
1650	0.002322881
1651	0.033019708
1652	0.00097487
1653	0.001261944
1654	0.024183046
1655	0.003139652
1656	0.010012289
1657	0.00547661
1658	0.000109386
1659	0.003931468
1660	0.002956291
1661	0.000541949
1662	0.005866246
1663	0.001021835
1664	0.000458535
1665	0.02393759
1666	0.098945192
1667	0.024226695
1668	0.006314161
1669	0.002165956
1670	0.00163799
1671	0.00476128
1672	0.001455156
1673	0.000641019
1674	0.007396015
1675	0.005602946
1676	0.000229217
1677	0.005176683
1678	0.011895225
1679	0.000474174
1680	0.001016617
1681	0.012215042
1682	0.001293271
1683	0.00063059
1684	0.019658023
1685	0.001554401
1686	0.001063585
1687	0.011831285
1688	0.003365014
1689	0.001836568
1690	0.002867253
1691	0.009502834
1692	0.003983948
1693	0.001523058
1694	0.009651373
1695	0.003842263
1696	0.000625375
1697	0.007850536
1698	0.004382974
1699	0.002045679
1700	0.00610333
1702	0.004798075
1705	0.008527768
1710	0.006656945
1715	0.002725871
1720	0.003443651
1725	0.007522818
1730	0.005808309
1735	0.002945815
1740	0.002741578
1745	0.001549177
1750	0.001032272
1755	0.000755756
1760	0.000901822
1765	0.001617091
1770	0.003181573
1775	0.003858004
1780	0.002275798
1785	0.002338576
1790	0.006572547
1795	0.002139806
1800	0.001053147
1805	0.001841794
1810	0.001580521
1815	0.001162755
1820	0.000119805
1825	0
1830	0
1835	0
1840	0
1845	0
1850	0
1855	0
1860	0
1865	0
1870	0
1875	0
1880	0
1885	0
1890	0
1895	0
1900	0
1905	0
1910	0
1915	0
1920	0
1925	0
1930	0
1935	0
1940	0
1945	0
1950	0
1955	0
1960	0
1965	0
1970	0
1975	0
1980	0
1985	0
1990	0
1995	0
2000	0
2005	0
2010	0
2015	0
2020	0
2025	0
2030	0
2035	0
2040	0
2045	0
2050	0
2055	0
2060	0
2065	0
2070	0
2075	0
2080	0
2085	0
2090	0
2095	0
2100	0
2105	0
2110	0
2115	0
2120	0
2125	0
2130	0
2135	0
2140	5.20859E-05
2145	0.000792269
2150	0.001664114
2155	0.002291492
2160	0.004246431
2165	0.003852757
2170	0.003218256
2175	0.003448894
2180	0.005687188
2185	0.003129173
2190	0.001512611
2195	0.002024764
2200	0.042969563
2205	0.013993608
2210	0.002312417
2215	0.007010512
2220	0.011623534
2225	0.012994086
2230	0.017601386
2235	0.020529548
2240	0.023250927
2245	0.035327741
2250	0.023038572
2255	0.039081299
2260	0.042845141
2265	0.033636036
2270	0.053545948
2275	0.058784579
2280	0.03432541
2285	0.061040082
2290	0.058732106
2295	0.061086932
2300	0.080860044
2305	0.073425093
2310	0.02519336
2315	0.068026016
2320	0.098108228
2325	0.031341002
2330	0.049251801
2335	0.044028358
2340	0.082108571
2345	0.081681908
2350	0.099153068
2355	0.083708619
2360	0.067332081
2365	0.036873995
2370	0.179606871
2375	0.079547754
2380	0.029805548
2385	0.056643312
2390	0.0406106
2395	0.049950707
2400	0.030418082
2405	0.029182716
2410	0.016197181
2415	0.011453134
2420	0.010384081
2425	0.017590611
2430	0.009672597
2435	0.009354336
2440	0.006319433
2445	0.005481873
2450	0.005634535
2455	0.00332832
2460	0.002469386
2465	0.001685014
2470	0.00209274
2475	0.00088617
2480	0.001016617
2485	0.00104271
2490	0.001120997
2495	0.000599303
2500	0.001074023
2505	0.000573232
2510	0.000933127
2515	0.000985306
2520	0.00094878
2525	0.000933127
2530	0.000959216
2535	0.001220178
2540	0.0007036
2545	0.000672309
2550	0.001517835
2555	0.002977243
2560	0.008511885
2565	0.01034689
2570	0.009561183
2575	0.008898502
2580	0.002673517
2585	0.009131669
2590	0.01637989
2595	0.004782305
2600	0.004966311
2605	0.003690125
2610	0.00357474
2615	0.004094175
2620	0.002291492
2625	0.001826114
2630	0.001496941
2635	0.00138204
2640	0.000719246
2645	0.000416833
2650	0.000229217
2655	0.000369923
2660	0.000104177
2665	7.29218E-05
2670	3.64596E-05
2675	5.20859E-05
2680	1.56252E-05
2685	4.68771E-05
2690	8.85492E-05
2695	2.08338E-05
2700	1.56252E-05
2705	0
2710	0
2715	0
2720	0
2725	0
2730	0
2735	0
2740	0
2745	0
2750	0
2755	0
2760	0
2765	0
2770	0
2775	0
2780	0
2785	0
2790	0
2795	0
2800	0
2805	0
2810	0
2815	0
2820	0
2825	0
2830	0
2835	0
2840	0
2845	0
2850	0
2855	0
2860	0
2865	0
2870	0
2875	0
2880	0
2885	0
2890	0
2895	0
2900	0
2905	0
2910	0
2915	0
2920	0
2925	0
2930	0
2935	0
2940	0
2945	0
2950	0
2955	0
2960	0
2965	0
2970	0
2975	0
2980	0
2985	0
2990	0
2995	0
3000	0
3005	0
3010	0
3015	0
3020	0
3025	0
3030	0
3035	0
3040	0
3045	0
3050	0
3055	0
3060	0
3065	0
3070	0
3075	9.37584E-05
3080	5.72948E-05
3085	0
3090	0.000119805
3095	0.000140644
3100	1.56252E-05
3105	0.000317805
3110	0.000422046
3115	0.000479387
3120	0.000385559
3125	0.003165852
3130	0.00169024
3135	0.005429241
3140	0.012385692
3145	0.00192543
3150	0.026616583
3155	0.007808238
3160	0.05123639
3165	0.071557426
3170	0.025395659
3175	0.108722745
3180	0.01671323
3185	0.189044854
3190	0.032193529
3195	0.20046009
3200	0.104752731
3205	0.158482199
3210	0.217987057
3215	0.099159368
3220	0.290409037
3225	0.05129386
3230	0.262620183
3235	0.066319529
3240	0.309718872
3245	0.060343691
3250	0.285646333
3255	0.066136178
3260	0.316684516
3265	0.038430461
3270	0.274914663
3275	0.027335144
3280	0.180534171
3285	0.020876398
3290	0.125230373
3295	0.019441721
3300	0.113551668
3305	0.050535758
3310	0.312046221
3315	3.096135917
3320	0.979645107
3325	0.417396232
3330	0.078238761
3335	0.158941347
3340	0.021701094
3345	0.221577108
3350	0.025696518
3355	0.20587611
3360	0.079602367
3365	0.063117222
3370	0.325045648
3375	0.041692817
3380	0.371398238
3385	0.08578009
3390	0.194350426
3395	0.127088408
3400	0.050633331
3405	0.365428645
3410	0.055999166
3415	0.30063268
3420	0.040436078
3425	0.172472106
3430	0.264304485
3435	0.040571187
3440	0.259036542
3445	0.049114422
3450	0.125316492
3455	0.174936673
3460	0.021923769
3465	0.184534543
3470	0.0396374
3475	0.087711884
3480	0.097310276
3485	0.043575134
3490	0.094898731
3495	0.042336448
3500	0.039963473
3505	0.047046668
3510	0.031103207
3515	0.0126898
3520	0.016729365
3525	0.02207046
3530	0.037780435
3535	0.091739947
3540	0.100705309
3545	0.088149686
3550	0.032919831
3555	0.033191762
3560	0.027373568
3565	0.056765268
3570	0.035667858
3575	0.029078065
3580	0.052024289
3585	0.060179969
3590	0.028434099
3595	0.017046784
3600	0.01428795
3605	0.055848399
3610	0.03271459
3615	0.010724238
3620	0.011351986
3625	0.040768283
3630	0.020199171
3635	0.012380358
3640	0.011469107
3645	0.051224896
3650	0.032592593
3655	0.005502927
3660	0.004819101
3665	0.039356467
3670	0.018890558
3675	0.00362194
3680	0.005192464
3685	0.021684805
3690	0.029171699
3695	0.00609806
3700	0.005229289
3705	0.01148508
3710	0.027422975
3715	0.013351983
3720	0.002087511
3725	0.013020786
3730	0.016121966
3735	0.012956708
3740	0.006957726
3745	0.008803145
3750	0.01130408
3755	0.005381877
3760	0.002725871
3765	0.012385692
3770	0.005908386
3775	0.006108599
3780	0.007337908
3785	0.006931334
3790	0.009417973
3795	0.008538357
3800	0.01162886
3805	0.005771443
3810	0.004934762
3815	0.003637674
3820	0.008607189
3825	0.005266117
3830	0.001643214
3835	0.004519553
3840	0.010394708
3845	0.020892662
3850	0.013613884
3855	0.002877727
3860	0.002443222
3865	0.004377721
3870	0.007972161
3875	0.005418715
3880	0.005866246
3885	0.003899982
3890	0.006883834
3895	0.006567272
3900	0.003097736
3905	0.009009773
3910	0.014015009
3915	0.002312417
3920	0.002631637
3925	0.006461794
3930	0.006714977
3935	0.000781837
3940	0.005487136
3945	0.003931468
3950	0.001878383
3955	0.005529246
3960	0.006240361
3965	0.000338652
3970	0.000604517
3975	0.00897268
3980	0.010288452
3985	0.00063059
3990	0.000760972
3995	0.002113658
4000	0.000797485
