Wvl_nm	Ref_228K	a0	a1
280	3.88800E-18	-0.083502	0
280.5	3.63270E-18	-0.10967	0
281	3.53770E-18	0.80798	0.87489
281.5	3.29030E-18	0.6095	0.7079
282	3.13890E-18	0.92835	1.0044
282.5	3.03740E-18	1.3123	1.3736
283	2.92550E-18	1.6117	1.6587
283.5	2.87050E-18	1.7495	1.7917
284	2.61280E-18	0.94995	1.0497
284.5	2.49430E-18	1.2711	1.3464
285	2.36700E-18	1.2897	1.3671
285.5	2.21700E-18	1.1475	1.236
286	2.15650E-18	1.2492	1.3198
286.5	2.03170E-18	1.1835	1.2691
287	1.93970E-18	1.0866	1.1702
287.5	1.81980E-18	1.0261	1.1288
288	1.66780E-18	1.0233	1.146
288.5	1.58700E-18	1.1244	1.2314
289	1.50410E-18	0.93541	1.0505
289.5	1.41300E-18	1.0366	1.1481
290	1.33880E-18	0.83424	0.95661
290.5	1.27640E-18	1.0569	1.1719
291	1.20130E-18	1.2335	1.3529
291.5	1.10580E-18	1.0208	1.1724
292	1.02800E-18	0.79658	0.96888
292.5	9.84390E-19	0.92841	1.0876
293	9.28650E-19	0.7928	0.9674
293.5	8.52200E-19	0.73521	0.93966
294	8.00430E-19	0.81598	1.0088
294.5	7.61810E-19	0.82002	1.0103
295	7.13210E-19	0.6469	0.85747
295.5	6.52850E-19	0.43956	0.68904
296	6.11380E-19	0.50043	0.74144
296.5	5.72300E-19	0.49851	0.73482
297	5.41610E-19	0.49311	0.73508
297.5	4.98210E-19	0.39115	0.65307
298	4.63110E-19	0.42229	0.6873
298.5	4.37360E-19	0.43798	0.69707
299	4.13450E-19	0.46808	0.72924
299.5	3.74900E-19	0.097881	0.4282
300	3.53890E-19	1.9439	2.08
300.5	3.34630E-19	1.7445	1.9025
301	3.06280E-19	1.6534	1.8402
301.5	2.83290E-19	1.6142	1.8044
302	2.72360E-19	1.779	1.9433
302.5	2.52800E-19	1.7209	1.906
303	2.28800E-19	1.6062	1.8241
303.5	2.15310E-19	1.6102	1.8166
304	2.08870E-19	1.753	1.9327
304.5	1.93140E-19	1.5955	1.8051
305	1.72700E-19	1.3502	1.6122
305.5	1.60520E-19	1.4078	1.6684
306	1.55860E-19	1.5297	1.7588
306.5	1.48460E-19	1.4683	1.7014
307	1.33170E-19	1.2307	1.5255
307.5	1.19420E-19	1.1842	1.5138
308	1.17140E-19	1.4851	1.7422
308.5	1.10740E-19	1.4481	1.7167
309	1.05860E-19	1.4248	1.6963
309.5	9.17210E-20	1.1372	1.4908
310	8.54460E-20	1.128	1.4958
310.5	8.23280E-20	1.2466	1.5672
311	7.74340E-20	1.1919	1.5416
311.5	7.53010E-20	1.231	1.5509
312	6.52880E-20	0.98783	1.4047
312.5	5.89340E-20	0.97096	1.4213
313	5.56580E-20	1.1412	1.5555
313.5	5.85410E-20	1.5162	1.7974
314	5.13410E-20	1.0991	1.5127
314.5	4.23010E-20	0.86973	1.4245
315	4.06860E-20	1.167	1.6215
315.5	4.48590E-20	1.6281	1.9004
316	3.78700E-20	1.1435	1.5846
316.5	3.21450E-20	0.9462	1.5051
317	3.21910E-20	1.2501	1.687
317.5	3.37460E-20	1.5699	1.8781
318	2.99730E-20	1.2627	1.6791
318.5	2.31370E-20	0.83204	1.4902
319	1.98810E-20	0.73093	1.4716
319.5	2.51080E-20	1.4828	1.8364
320	2.59230E-20	1.5615	1.8568
320.5	1.92940E-20	0.84773	1.4711
321	1.38060E-20	0.30225	1.2908
321.5	1.32560E-20	0.5621	1.4021
322	1.90560E-20	1.6448	1.9266
322.5	1.87540E-20	1.4034	1.7491
323	1.49220E-20	0.70207	1.3448
323.5	8.86060E-21	-0.164	1.149
324	8.00710E-21	0.041243	1.2169
324.5	1.01650E-20	0.61678	1.297
325	1.41990E-20	1.6627	1.9368
325.5	1.13060E-20	0.91246	1.4486
326	7.41500E-21	0.26162	1.323
326.5	5.00930E-21	-0.23548	1.285
327	5.83850E-21	0.57944	1.4784
327.5	6.97980E-21	0.99488	1.5843
328	1.06490E-20	1.8801	2.08
328.5	6.32340E-21	0.47182	1.4116
329	3.49230E-21	-0.44724	1.313
329.5	2.72300E-21	-0.33928	1.4065
330	3.32090E-21	0.22873	1.3258
330.5	5.43780E-21	1.1963	1.6827
331	6.23500E-21	1.4505	1.8239
331.5	4.57150E-21	0.27759	1.1444
332	2.45000E-21	-0.50812	1.1332
332.5	1.60890E-21	-0.77937	1.2437
333	2.07610E-21	0.17164	1.4469
333.5	3.54910E-21	1.4026	1.8829
334	3.83130E-21	0.80283	1.4959
334.5	2.13490E-21	-0.2055	1.2184
335	1.27680E-21	-0.85313	1.1491
335.5	8.79510E-22	-1.388	1.1695
336	8.90020E-22	-0.99083	1.3479
336.5	1.68480E-21	0.58446	1.5739
337	2.33270E-21	1.5801	2.0739
337.5	2.59090E-21	0.7653	1.2931
338	1.33930E-21	-0.4302	0.94407
338.5	7.25060E-22	-1.126	1.1264
339	5.70770E-22	-1.6354	1.2371
339.5	6.82530E-22	-1.4415	1.3242
340	1.28340E-21	0.93933	1.7754
340.5	1.17420E-21	0.2249	1.2773
341	6.04620E-22	-1.0875	0.93291
341.5	3.46220E-22	-2.168	0.90914
342	2.87060E-22	-2.4817	1.2018
342.5	2.29440E-22	-3.3464	1.2977
343	3.72670E-22	-1.8348	1.361
343.5	4.81190E-22	-0.33351	1.479
344	1.11260E-21	1.8348	2.08
344.5	7.15280E-22	0.15103	0.99618
345	3.83710E-22	-0.069433	1.353
345.5	2.72490E-22	-1.4152	1.2721
346	2.03520E-22	-2.3471	1.3469
346.5	1.61370E-22	-2.2242	1.466
347	2.70000E-22	0.55835	1.7344
347.5	3.13110E-22	1.0974	1.8171
348	1.74560E-22	0.3104	1.7224
348.5	1.04830E-22	-0.91668	1.6923
349	7.79890E-23	-2.0273	1.6908
349.5	9.33650E-23	-3.2141	1.4939
350	8.26690E-23	-3.0754	1.5547
350.5	8.48390E-23	-1.8728	1.6461
351	1.41090E-22	0.82784	1.955
351.5	3.18860E-22	1.81	2.08
352	2.03300E-22	1.2497	1.9394
352.5	1.24770E-22	-0.48391	1.5795
353	8.10610E-23	-1.4865	1.5747
353.5	5.45080E-23	-2.1331	1.6435
354	3.54270E-23	-1.8593	1.8426
354.5	3.54990E-23	-0.40504	2.0579
355	5.40610E-23	0.80788	2.08
355.5	4.10210E-23	0.35906	2.08
356	2.89790E-23	-0.63452	2.0568
356.5	2.84390E-23	-2.037	1.8426
357	3.26660E-23	-3.2396	1.6695
357.5	2.66410E-23	-3.6177	1.7373
358	1.95240E-23	-3.763	1.8884
358.5	1.54090E-23	-2.7861	2.08
359	2.38260E-23	-0.37612	2.08
359.5	5.68840E-23	1.4084	2.08
360	4.61730E-23	1.0765	2.08
360.5	3.19870E-23	0.24067	2.0411
361	2.08830E-23	-0.36692	2.0695
361.5	1.31990E-23	-1.1531	2.08
362	8.68070E-24	-1.9793	2.08
362.5	7.02010E-24	-2.804	2.08
363	6.14740E-24	-2.9473	2.08
363.5	7.03070E-24	-1.5609	2.08
364	6.40670E-24	-1.5902	2.08
364.5	8.49120E-24	-1.6999	2.08
365	1.04210E-23	-2.1023	2.0542
365.5	9.34370E-24	-2.5468	2.0782
366	7.33610E-24	-3.261	2.08
366.5	4.98730E-24	-4.1776	2.08
367	3.73690E-24	-4.2271	2.08
367.5	3.58680E-24	-3.0567	2.08
368	4.88530E-24	-1.1697	2.08
368.5	7.94970E-24	0.044659	2.08
369	6.94180E-24	-0.26774	2.08
369.5	5.40780E-24	-0.84238	2.08
370	4.19740E-24	-2.0232	2.08
370.5	3.50660E-24	-2.8672	2.08
371	3.18290E-24	-3.2371	2.08
371.5	2.70850E-24	-3.2283	2.08
372	2.49830E-24	-2.8162	2.08
372.5	2.33850E-24	-2.6815	2.08
373	2.80760E-24	-1.9276	2.08
373.5	3.82190E-24	-1.7576	2.08
374	3.75360E-24	-2.199	2.08
374.5	3.96490E-24	-1.8324	2.08
375	3.57270E-24	-1.7125	2.08
375.5	3.32260E-24	-1.3515	2.08
376	3.01830E-24	-1.3701	2.08
376.5	3.05120E-24	-0.9078	2.08
377	2.80380E-24	-0.93635	2.08
377.5	2.55810E-24	-1.2462	2.08
378	2.55020E-24	-1.2644	2.08
378.5	2.82070E-24	-1.1333	2.08
379	3.08150E-24	-1.0644	2.08
379.5	3.25660E-24	-1.0004	2.08
380	3.37010E-24	-0.69336	2.08
380.5	3.58670E-24	-0.25127	2.08
381	3.91920E-24	0.18642	2.08
381.5	4.11360E-24	0.38	2.08
382	4.23380E-24	0.49563	2.08
382.5	4.48890E-24	0.63676	2.08
383	4.44790E-24	0.47441	2.08
383.5	4.14640E-24	0.20793	2.08
384	4.17620E-24	0.25095	2.08
384.5	4.07120E-24	0.24436	2.08
385	4.02630E-24	0.30517	2.08
385.5	4.04010E-24	0.36357	2.08
386	4.36260E-24	0.59361	2.08
386.5	4.75970E-24	0.77459	2.08
387	4.96670E-24	0.78659	2.08
387.5	5.12650E-24	0.77154	2.08
388	5.31970E-24	0.75932	2.08
388.5	5.70610E-24	0.8617	2.08
389	5.87590E-24	0.90149	2.08
389.5	6.15810E-24	1.0202	2.08
390	6.35300E-24	1.117	2.08
390.5	6.43100E-24	1.1571	2.08
391	6.53440E-24	-2.255	0.54
391.5	6.61000E-24	-2.223	0.54
392	6.69000E-24	-2.2408	0.54
392.5	6.76000E-24	-2.3188	0.54
393	6.83000E-24	-2.488	0.54
393.5	7.05000E-24	-2.6847	0.54
394	7.28000E-24	-2.855	0.54
394.5	7.63000E-24	-2.8782	0.54
395	7.98000E-24	-2.8099	0.54
395.5	8.20000E-24	-3.9403	0
396	7.98000E-24	-4.1537	0
396.5	7.60000E-24	-4.3878	0
397	6.90000E-24	-5.0038	0
397.5	6.50000E-24	-5.5435	0
398	6.10000E-24	-6.1993	0
398.5	6.28000E-24	-5.83	0
399	6.45000E-24	-5.635	0
399.5	6.57000E-24	-5.5602	0
400	6.72000E-24	-5.1185	0
401	6.99000E-24	-5.7689	0
402	7.61000E-24	-5.9977	0
403	7.77000E-24	-6.1547	0
404	7.65000E-24	-6.2351	0
405	7.60000E-24	-6.0664	0
406	8.49140E-24	-5.3171	0
407	1.15670E-23	-3.855	0
408	1.55580E-23	-2.9245	0
409	1.80470E-23	-2.632	0
410	1.90600E-23	-2.583	0
411	1.91080E-23	-2.5986	0
412	1.81840E-23	-2.661	0
413	1.60600E-23	-3.2134	0
414	1.69680E-23	-2.9399	0
415	2.07940E-23	-2.1908	0
416	2.45890E-23	-1.9419	0
417	2.77280E-23	-1.7808	0
418	2.90770E-23	-1.6605	0
419	2.78010E-23	-1.8161	0
420	2.84610E-23	-1.6943	0
421	3.20030E-23	-1.4438	0
422	3.81910E-23	-1.1929	0
423	4.72270E-23	-0.90228	0
424	5.59550E-23	-0.74785	0
425	6.22660E-23	-0.72192	0
426	6.39750E-23	-0.71714	0
427	6.14650E-23	-0.76981	0
428	5.70650E-23	-0.86163	0
429	5.43640E-23	-0.87914	0
430	5.59080E-23	-0.8178	0
431	6.22420E-23	-0.70502	0
432	7.26720E-23	-0.51263	0
433	7.90840E-23	-0.50111	0
434	8.01140E-23	-0.52526	0
435	7.81050E-23	-0.56729	0
436	7.89570E-23	-0.52144	0
437	8.48290E-23	-0.41774	0
438	9.83060E-23	-0.26348	0
439	1.17150E-22	-0.13769	0
440	1.34380E-22	-0.23964	0
441	1.53860E-22	-0.21941	0
442	1.68590E-22	-0.17697	0
443	1.73870E-22	-0.18441	0
444	1.68540E-22	-0.22647	0
445	1.56650E-22	-0.28458	0
446	1.43720E-22	-0.35908	0
447	1.40610E-22	-0.36011	0
448	1.50960E-22	-0.26649	0
449	1.69230E-22	-0.17748	0
450	1.86070E-22	-0.17673	0
451	1.94460E-22	-0.17462	0
452	1.92940E-22	-0.20257	0
453	1.91000E-22	-0.19289	0
454	1.90980E-22	-0.18339	0
455	2.09970E-22	-0.012913	0
456	2.27870E-22	-0.12177	0
457	2.59330E-22	-0.16343	0
458	2.96550E-22	-0.13269	0
459	3.39380E-22	-0.061248	0
460	3.78970E-22	-0.01894	0
461	4.05320E-22	-0.041634	0
462	4.09570E-22	-0.079927	0
463	3.93780E-22	-0.12407	0
464	3.65580E-22	-0.19606	0
465	3.40600E-22	-0.24353	0
466	3.31850E-22	-0.21621	0
467	3.42560E-22	-0.18464	0
468	3.68540E-22	-0.14853	0
469	3.99040E-22	-0.085259	0
470	4.17240E-22	-0.089423	0
471	4.21250E-22	-0.11152	0
472	4.19340E-22	-0.12465	0
473	4.20150E-22	-0.13016	0
474	4.32150E-22	-0.10757	0
475	4.63560E-22	-0.064571	0
476	5.14410E-22	-0.025899	0
477	5.71460E-22	-0.0020096	0
478	6.34810E-22	0.016305	0
479	7.08810E-22	0.023953	0
480	7.81350E-22	0.026611	0
481	8.40360E-22	0.046084	0
482	8.69860E-22	0.024733	0
483	8.67030E-22	-0.014568	0
484	8.41080E-22	-0.044109	0
485	8.00940E-22	-0.089035	0
486	7.65330E-22	-0.11942	0
487	7.49050E-22	-0.10539	0
488	7.58510E-22	-0.071967	0
489	7.85250E-22	-0.045414	0
490	8.19310E-22	-0.027249	0
491	8.50610E-22	-0.021288	0
492	8.68220E-22	-0.02922	0
493	8.75920E-22	-0.035771	0
494	8.81940E-22	-0.04282	0
495	8.94880E-22	-0.050419	0
496	9.25320E-22	-0.028686	0
497	9.77740E-22	0.0094	0
498	1.05130E-21	0.031982	0
499	1.14130E-21	0.046176	0
500	1.23230E-21	0.056673	0
501	1.32980E-21	0.063221	0
502	1.43880E-21	0.062328	0
503	1.53750E-21	0.052054	0
504	1.61420E-21	0.058215	0
505	1.65920E-21	0.041892	0
506	1.67060E-21	0.017684	0
507	1.65620E-21	-0.00057349	0
508	1.62320E-21	-0.025978	0
509	1.58660E-21	-0.038191	0
510	1.56100E-21	-0.044623	0
511	1.55530E-21	-0.039144	0
512	1.56910E-21	-0.030123	0
513	1.59850E-21	-0.021941	0
514	1.63980E-21	-0.018856	0
515	1.68140E-21	-0.0025908	0
516	1.71840E-21	-0.001862	0
517	1.75090E-21	-0.0031138	0
518	1.77880E-21	0.00098234	0
519	1.80910E-21	0.00084687	0
520	1.84970E-21	0.0049771	0
521	1.90220E-21	0.010891	0
522	1.96940E-21	0.026341	0
523	2.01690E-21	-0.0086542	0
524	2.10660E-21	-0.013353	0
525	2.20650E-21	-0.013579	0
526	2.30040E-21	-0.015647	0
527	2.40790E-21	-0.014163	0
528	2.51250E-21	-0.0185	0
529	2.59930E-21	-0.021321	0
530	2.67940E-21	-0.029463	0
531	2.75710E-21	-0.032683	0
532	2.81290E-21	-0.037681	0
533	2.84580E-21	-0.04512	0
534	2.86040E-21	-0.044965	0
535	2.85780E-21	-0.054461	0
536	2.85270E-21	-0.056387	0
537	2.85140E-21	-0.057124	0
538	2.86260E-21	-0.053737	0
539	2.89260E-21	-0.046771	0
540	2.93420E-21	-0.045578	0
541	2.98620E-21	-0.040277	0
542	3.05070E-21	-0.035926	0
543	3.11530E-21	-0.035728	0
544	3.16800E-21	-0.032363	0
545	3.21270E-21	-0.031821	0
546	3.25200E-21	-0.039304	0
547	3.28970E-21	-0.03882	0
548	3.31900E-21	-0.041016	0
549	3.34510E-21	-0.04271	0
550	3.37740E-21	-0.044191	0
551	3.41050E-21	-0.043847	0
552	3.44180E-21	-0.045905	0
553	3.47780E-21	-0.044951	0
554	3.52450E-21	-0.044369	0
555	3.57710E-21	-0.043196	0
556	3.63430E-21	-0.043625	0
557	3.70280E-21	-0.041057	0
558	3.79380E-21	-0.038514	0
559	3.89370E-21	-0.037008	0
560	3.99050E-21	-0.032703	0
561	4.08610E-21	-0.035417	0
562	4.18870E-21	-0.034092	0
563	4.28130E-21	-0.037277	0
564	4.35310E-21	-0.037313	0
565	4.42040E-21	-0.035747	0
566	4.47700E-21	-0.039212	0
567	4.54060E-21	-0.037457	0
568	4.60050E-21	-0.03526	0
569	4.65610E-21	-0.034359	0
570	4.71110E-21	-0.0317	0
571	4.76930E-21	-0.031905	0
572	4.82070E-21	-0.02911	0
573	4.85030E-21	-0.028434	0
574	4.86150E-21	-0.031917	0
575	4.85680E-21	-0.031789	0
576	4.83210E-21	-0.036296	0
577	4.79480E-21	-0.037883	0
578	4.75480E-21	-0.040955	0
579	4.70930E-21	-0.040788	0
580	4.66380E-21	-0.042341	0
581	4.61370E-21	-0.044827	0
582	4.56880E-21	-0.045331	0
583	4.53370E-21	-0.045513	0
584	4.50490E-21	-0.046494	0
585	4.48440E-21	-0.044262	0
586	4.46990E-21	-0.044509	0
587	4.46040E-21	-0.044765	0
588	4.46360E-21	-0.039597	0
589	4.47130E-21	-0.037237	0
590	4.49000E-21	-0.03722	0
591	4.52650E-21	-0.031579	0
592	4.57590E-21	-0.026995	0
593	4.64920E-21	-0.018806	0
594	4.73540E-21	-0.016246	0
595	4.81850E-21	-0.013414	0
596	4.90590E-21	-0.011026	0
597	4.98970E-21	-0.01216	0
598	5.08620E-21	-0.0042811	0
599	5.16690E-21	-0.0093833	0
600	5.23060E-21	-0.01777	0
601	5.26820E-21	-0.019501	0
602	5.28230E-21	-0.023772	0
603	5.27610E-21	-0.024986	0
604	5.24750E-21	-0.027854	0
605	5.20130E-21	-0.030762	0
606	5.13731E-21	-0.029303	0
607	5.05744E-21	-0.034153	0
608	4.96990E-21	-0.033644	0
609	4.87882E-21	-0.036864	0
610	4.78374E-21	-0.03714	0
611	4.68978E-21	-0.039646	0
612	4.59630E-21	-0.038994	0
613	4.50658E-21	-0.041434	0
614	4.42056E-21	-0.041614	0
615	4.33992E-21	-0.03974	0
616	4.26388E-21	-0.040685	0
617	4.19300E-21	-0.042537	0
618	4.12585E-21	-0.041686	0
619	4.06474E-21	-0.040858	0
620	4.01330E-21	-0.040207	0
621	3.96394E-21	-0.03948	0
622	3.91776E-21	-0.039629	0
623	3.87175E-21	-0.039684	0
624	3.83017E-21	-0.038641	0
625	3.78265E-21	-0.040841	0
626	3.73463E-21	-0.041141	0
627	3.68435E-21	-0.04261	0
628	3.63242E-21	-0.047011	0
629	3.57873E-21	-0.050649	0
630	3.52459E-21	-0.047081	0
631	3.47115E-21	-0.050374	0
632	3.41795E-21	-0.052953	0
633	3.36361E-21	-0.054576	0
634	3.30565E-21	-0.058021	0
635	3.24591E-21	-0.06477	0
636	3.18432E-21	-0.075379	0
637	3.12298E-21	-0.068476	0
638	3.06066E-21	-0.077311	0
639	2.99828E-21	-0.083667	0
640	2.93439E-21	-0.081405	0
641	2.87452E-21	-0.084015	0
642	2.81597E-21	-0.085682	0
643	2.75740E-21	-0.088934	0
644	2.70534E-21	-0.083665	0
645	2.65949E-21	-0.085131	0
646	2.61191E-21	-0.084034	0
647	2.56550E-21	-0.084973	0
648	2.52178E-21	-0.08373	0
649	2.47759E-21	-0.086681	0
650	2.44075E-21	-0.078588	0
651	2.40120E-21	-0.079507	0
652	2.36247E-21	-0.082661	0
653	2.32181E-21	-0.078189	0
654	2.28164E-21	-0.080236	0
655	2.24275E-21	-0.081678	0
656	2.20133E-21	-0.083101	0
657	2.16269E-21	-0.085883	0
658	2.12293E-21	-0.087127	0
659	2.08502E-21	-0.087115	0
660	2.04729E-21	-0.084699	0
661	2.01219E-21	-0.085141	0
662	1.97735E-21	-0.094059	0
663	1.94208E-21	-0.094286	0
664	1.90186E-21	-0.089938	0
665	1.86057E-21	-0.097424	0
666	1.81807E-21	-0.09764	0
667	1.77003E-21	-0.098849	0
668	1.72678E-21	-0.10773	0
669	1.68704E-21	-0.11123	0
670	1.65507E-21	-0.11079	0
671	1.61464E-21	-0.12213	0
672	1.57702E-21	-0.11993	0
673	1.53768E-21	-0.12279	0
674	1.50403E-21	-0.13466	0
675	1.46924E-21	-0.14486	0
676	1.43751E-21	-0.13112	0
677	1.40554E-21	-0.13719	0
678	1.37509E-21	-0.15166	0
679	1.34531E-21	-0.14621	0
680	1.32095E-21	-0.1512	0
681	1.30028E-21	-0.16309	0
682	1.28156E-21	-0.15987	0
683	1.26367E-21	-0.15934	0
684	1.24492E-21	-0.16853	0
685	1.22452E-21	-0.17477	0
686	1.20191E-21	-0.16677	0
687	1.17601E-21	-0.17556	0
688	1.14757E-21	-0.17295	0
689	1.11983E-21	-0.1839	0
690	1.09167E-21	-0.19075	0
691	1.06497E-21	-0.19584	0
692	1.03851E-21	-0.19375	0
693	1.01368E-21	-0.1926	0
694	9.87592E-22	-0.21927	0
695	9.62357E-22	-0.22461	0
696	9.37785E-22	-0.22745	0
697	9.14274E-22	-0.21938	0
698	8.90509E-22	-0.2154	0
699	8.68314E-22	-0.22274	0
700	8.48272E-22	-0.22446	0
701	8.29200E-22	-0.22758	0
702	8.11569E-22	-0.21942	0
703	7.95503E-22	-0.2183	0
704	7.80945E-22	-0.21921	0
705	7.67293E-22	-0.21835	0
706	7.55533E-22	-0.22556	0
707	7.43223E-22	-0.22401	0
708	7.32005E-22	-0.19773	0
709	7.20877E-22	-0.20484	0
710	7.10601E-22	-0.19766	0
711	7.01771E-22	-0.19372	0
712	6.94168E-22	-0.17568	0
713	6.87672E-22	-0.17497	0
714	6.82085E-22	-0.17405	0
715	6.76078E-22	-0.14935	0
716	6.66873E-22	-0.15241	0
717	6.54618E-22	-0.15166	0
718	6.39053E-22	-0.14151	0
719	6.20715E-22	-0.15826	0
720	6.01398E-22	-0.17595	0
721	5.82768E-22	-0.18971	0
722	5.64961E-22	-0.19777	0
723	5.49216E-22	-0.20293	0
724	5.34973E-22	-0.20855	0
725	5.22245E-22	-0.20866	0
726	5.09320E-22	-0.20835	0
727	4.95667E-22	-0.21359	0
728	4.79518E-22	-0.21756	0
729	4.68109E-22	-0.21734	0
730	4.56635E-22	-0.22669	0
731	4.46599E-22	-0.22192	0
732	4.36986E-22	-0.21545	0
733	4.29472E-22	-0.20785	0
734	4.23549E-22	-0.20164	0
735	4.19058E-22	-0.20631	0
736	4.14979E-22	-0.21118	0
737	4.11357E-22	-0.21229	0
738	4.07909E-22	-0.20307	0
739	4.05727E-22	-0.19565	0
740	4.04302E-22	-0.18741	0
741	4.04708E-22	-0.16884	0
742	4.05947E-22	-0.15545	0
743	4.08632E-22	-0.14445	0
744	4.11503E-22	-0.13805	0
745	4.15030E-22	-0.12256	0
746	4.16481E-22	-0.11374	0
747	4.15009E-22	-0.10535	0
748	4.10484E-22	-0.1055	0
749	4.01248E-22	-0.11279	0
750	3.86015E-22	-0.12098	0
751	3.68918E-22	-0.1542	0
752	3.50067E-22	-0.18308	0
753	3.32079E-22	-0.21339	0
754	3.14704E-22	-0.23385	0
755	3.01815E-22	-0.24896	0
756	2.91506E-22	-0.25405	0
757	2.82858E-22	-0.2609	0
758	2.75825E-22	-0.25505	0
759	2.70028E-22	-0.25544	0
760	2.64989E-22	-0.26381	0
761	2.61619E-22	-0.27776	0
762	2.61840E-22	-0.25665	0
763	2.55880E-22	-0.26982	0
764	2.52890E-22	-0.22888	0
765	2.52020E-22	-0.20679	0
766	2.47510E-22	-0.23825	0
767	2.46720E-22	-0.25336	0
768	2.48340E-22	-0.22456	0
769	2.49670E-22	-0.20953	0
770	2.52660E-22	-0.18928	0
771	2.56760E-22	-0.1755	0
772	2.62580E-22	-0.16617	0
773	2.71910E-22	-0.14545	0
774	2.83230E-22	-0.1253	0
775	2.96860E-22	-0.099708	0
776	3.08980E-22	-0.080696	0
777	3.20510E-22	-0.058786	0
778	3.29560E-22	-0.042269	0
779	3.32650E-22	-0.036473	0
780	3.29680E-22	-0.045365	0
781	3.23020E-22	-0.03503	0
782	3.06740E-22	-0.064953	0
783	2.89280E-22	-0.093554	0
784	2.73920E-22	-0.11854	0
785	2.56590E-22	-0.15047	0
786	2.41380E-22	-0.18011	0
787	2.29910E-22	-0.19664	0
788	2.18960E-22	-0.20258	0
789	2.10170E-22	-0.18622	0
790	2.02010E-22	-0.18545	0
791	1.93010E-22	-0.21374	0
792	1.86070E-22	-0.22144	0
793	1.77980E-22	-0.23525	0
794	1.70980E-22	-0.24298	0
795	1.65770E-22	-0.24802	0
796	1.61390E-22	-0.24038	0
797	1.57380E-22	-0.24785	0
798	1.55090E-22	-0.23588	0
799	1.52130E-22	-0.24642	0
800	1.49650E-22	-0.25879	0
801	1.47680E-22	-0.26178	0
802	1.46880E-22	-0.25086	0
803	1.46260E-22	-0.25366	0
804	1.46370E-22	-0.25484	0
805	1.48690E-22	-0.22536	0
806	1.52830E-22	-0.20037	0
807	1.59100E-22	-0.17386	0
808	1.68060E-22	-0.13373	0
809	1.76940E-22	-0.11527	0
810	1.85680E-22	-0.091159	0
811	1.95660E-22	-0.073249	0
812	2.05670E-22	-0.056446	0
813	2.15090E-22	-0.039456	0
814	2.23760E-22	-0.024288	0
815	2.29370E-22	-0.012606	0
816	2.33370E-22	-0.0011568	0
817	2.33510E-22	-0.00086296	0
818	2.29380E-22	-0.006376	0
819	2.21640E-22	-0.024367	0
820	2.10170E-22	-0.05268	0
821	1.97170E-22	-0.070294	0
822	1.81620E-22	-0.11105	0
823	1.65690E-22	-0.13744	0
824	1.51040E-22	-0.23572	0
825	1.38250E-22	-0.2757	0
826	1.26050E-22	-0.28515	0
827	1.14540E-22	-0.32655	0
828	1.05980E-22	-0.31962	0
829	9.84110E-23	-0.36895	0
830	9.10970E-23	-0.42694	0
831	8.56740E-23	-0.43692	0
832	8.15000E-23	-0.42694	0
833	7.85720E-23	-0.40159	0
834	7.58920E-23	-0.39005	0
835	7.45660E-23	-0.36238	0
836	7.26410E-23	-0.41242	0
837	7.24590E-23	-0.37071	0
838	7.20260E-23	-0.38149	0
839	7.19730E-23	-0.38271	0
840	7.28710E-23	-0.35999	0
841	7.45600E-23	-0.29925	0
842	7.66570E-23	-0.27454	0
843	7.81240E-23	-0.30982	0
844	8.15580E-23	-0.26539	0
845	8.50540E-23	-0.24388	0
846	8.96200E-23	-0.2191	0
847	9.58160E-23	-0.16444	0
848	1.03520E-22	-0.12488	0
849	1.12950E-22	-0.089221	0
850	1.24160E-22	-0.052424	0
851	1.39210E-22	0.012067	0
852	1.50300E-22	0.024391	0
853	1.57200E-22	0.042863	0
854	1.56920E-22	0.032411	0
855	1.51780E-22	-0.011471	0
856	1.45110E-22	-0.044943	0
857	1.37810E-22	-0.076095	0
858	1.30650E-22	-0.10072	0
859	1.23870E-22	-0.092902	0
860	1.15230E-22	-0.11714	0
861	1.04780E-22	-0.19278	0
862	9.41800E-23	-0.2597	0
863	8.36300E-23	-0.33624	0
864	7.52660E-23	-0.39616	0
865	6.87490E-23	-0.40247	0
866	6.23500E-23	-0.45816	0
867	5.69670E-23	-0.48489	0
868	5.25520E-23	-0.51025	0
869	4.84130E-23	-0.54342	0
870	4.45690E-23	-0.57514	0
871	4.18980E-23	-0.59646	0
872	3.96040E-23	-0.63407	0
873	3.80630E-23	-0.61459	0
874	3.65390E-23	-0.63274	0
875	3.55130E-23	-0.63591	0
876	3.57490E-23	-0.5504	0
877	3.57060E-23	-0.52675	0
878	3.62300E-23	-0.50565	0
879	3.71210E-23	-0.45171	0
880	3.78670E-23	-0.44612	0
881	3.98580E-23	-0.34598	0
882	4.13770E-23	-0.32799	0
883	4.35550E-23	-0.25345	0
884	4.47560E-23	-0.31651	0
885	4.79080E-23	-0.16653	0
886	5.04000E-23	-0.18371	0
887	5.08790E-23	-0.26622	0
888	5.23690E-23	-0.25753	0
889	5.37540E-23	-0.18659	0
890	5.34130E-23	-0.24471	0
891	5.13760E-23	-0.25767	0
892	4.94110E-23	-0.30302	0
893	5.08310E-23	-0.33273	0
894	5.47730E-23	-0.24162	0
895	6.11270E-23	-0.16653	0
896	6.58060E-23	-0.18371	0
897	6.85020E-23	-0.26622	0
898	6.85980E-23	-0.25753	0
899	6.68100E-23	-0.13765	0
900	6.44000E-23	-0.16854	0
901	6.12060E-23	-0.18622	0
902	5.65850E-23	-0.24576	0
903	5.07500E-23	-0.39893	0
904	4.82210E-23	-0.27883	0
905	4.27930E-23	-0.42487	0
906	3.89670E-23	-0.49102	0
907	3.54700E-23	-0.53909	0
908	3.08160E-23	-0.76704	0
909	2.74380E-23	-0.90009	0
910	2.50380E-23	-0.85829	0
911	2.29330E-23	-0.88844	0
912	2.05260E-23	-0.10346	0
913	1.97100E-23	-0.81869	0
914	1.78710E-23	-0.99367	0
915	1.70570E-23	-0.9018	0
916	1.60610E-23	-0.89852	0
917	1.56870E-23	-0.80151	0
918	1.45940E-23	-1.0768	0
919	1.45810E-23	-0.85237	0
920	1.49180E-23	-0.57673	0
921	1.38410E-23	-0.80898	0
922	1.34530E-23	-0.9569	0
923	1.35950E-23	-0.84972	0
924	1.35540E-23	-0.80015	0
925	1.38050E-23	-0.78021	0
926	1.41780E-23	-0.51981	0
927	1.50540E-23	-0.55733	0
928	1.51450E-23	-0.46725	0
929	1.54160E-23	-0.43829	0
930	1.55140E-23	-0.66997	0
931	1.47900E-23	-0.48066	0
932	1.53790E-23	-0.68195	0
933	1.38540E-23	-0.77695	0
934	1.39450E-23	-0.68195	0
935	1.48210E-23	-0.71643	0
936	1.69980E-23	-0.56422	0
937	2.00640E-23	-0.050515	0
938	2.36220E-23	-0.19633	0
939	2.75990E-23	-0.09311	0
940	3.18640E-23	-0.050515	0
941	3.64890E-23	-0.047245	0
942	4.14320E-23	0.04136	0
943	4.51090E-23	0.097526	0
944	4.69130E-23	0.09342	0
945	4.66180E-23	0.12463	0
946	4.28490E-23	0.03489	0
947	3.88880E-23	0.046506	0
948	3.33750E-23	-0.043137	0
949	2.71560E-23	-0.19786	0
950	2.25220E-23	-0.4147	0
951	1.91710E-23	-0.5713	0
952	1.79440E-23	-0.49743	0
953	1.53230E-23	-0.57201	0
954	1.30000E-23	-0.74405	0
955	1.33900E-23	-0.73281	0
956	1.28910E-23	-0.50523	0
957	1.28740E-23	-0.27075	0
958	1.08880E-23	-0.74651	0
959	9.96980E-24	-0.61165	0
960	8.96500E-24	-0.6022	0
961	7.70140E-24	-0.99648	0
962	7.07310E-24	-1.0082	0
963	7.08480E-24	-0.68205	0
964	7.08290E-24	-0.71301	0
965	6.66220E-24	-0.77561	0
966	6.12420E-24	-0.8351	0
967	5.51580E-24	-0.75282	0
968	4.64460E-24	-0.82164	0
969	3.63940E-24	-1.7244	0
970	2.70590E-24	-2.3636	0
971	2.46660E-24	-2.5231	0
972	2.12060E-24	-2.943	0
973	2.01140E-24	-2.7728	0
974	1.76980E-24	-3.2206	0
975	4.91820E-25	-17.119	0
976	1.11820E-24	-5.4586	0
977	1.10810E-24	-4.968	0
978	1.53990E-24	-3.3996	0
979	1.49910E-24	-3.5933	0
980	1.74460E-24	-2.0702	0
981	2.01100E-24	-2.6336	0
982	1.98150E-24	-3.0226	0
983	2.54860E-24	-2.0496	0
984	2.69670E-24	-2.5148	0
985	4.36100E-24	-1.1125	0
986	5.05560E-24	-1.5565	0
987	7.84540E-24	-0.44496	0
988	1.05300E-23	-0.073957	0
989	1.26070E-23	-0.14391	0
990	1.97340E-23	-0.062276	0
991	4.11640E-23	0.32093	0
992	3.38860E-23	0.48641	0
993	2.70520E-23	0.40728	0
994	2.63170E-23	0.27666	0
995	2.28090E-23	0.075059	0
996	1.75150E-23	-0.22433	0
997	1.17170E-23	-0.67294	0
998	9.54480E-24	-0.7765	0
999	7.97770E-24	-0.89314	0
1000	5.20910E-24	-1.3723	0
1001	7.17860E-24	-0.95088	0
1002	6.06430E-24	-1.3637	0
1003	5.55810E-24	-1.0248	0
1004	5.12440E-24	-2.0452	0
1005	4.24840E-24	-1.3221	0
1006	4.34550E-24	-0.73472	0
1007	3.75460E-24	-2.0125	0
1008	3.37360E-24	-1.6625	0
1009	3.42680E-24	-2.7556	0
1010	2.98300E-24	-2.1145	0
1011	2.72060E-24	-3.0184	0
1012	2.75680E-24	-3.9335	0
1013	2.55440E-24	-1.181	0
1014	2.34560E-24	-1.6502	0
1015	2.24190E-24	-1.6721	0
1016	2.24040E-24	-1.7441	0
1017	2.08050E-24	-3.9881	0
1018	1.91990E-24	-5.4397	0
1019	1.89370E-24	-3.3239	0
1020	1.82860E-24	-2.9381	0
1021	1.64580E-24	-5.5354	0
1022	1.51280E-24	-0.74924	0
1023	1.45930E-24	-2.7529	0
1024	1.44480E-24	-2.2288	0
1025	1.38050E-24	-3.032	0
1026	1.33470E-24	-2.622	0
1027	1.34410E-24	-2.1145	0
1028	1.40110E-24	-2.1554	0
1029	1.40820E-24	-5.9414	0
1030	1.41800E-24	-4.6831	0
1031	1.41830E-24	-1.7147	0
1032	1.44720E-24	-2.6557	0
1033	1.49180E-24	-1.8585	0
1034	1.57540E-24	-1.9569	0
1035	1.68350E-24	-2.604	0
1036	1.76840E-24	-3.0522	0
1037	1.87800E-24	-1.6862	0
1038	1.95340E-24	-2.3262	0
1039	2.07910E-24	-4.2982	0
1040	2.27960E-24	-2.8414	0
1041	2.50450E-24	-0.84791	0
1042	2.75140E-24	-3.8378	0
1043	3.12240E-24	-1.9	0
1044	3.77970E-24	0	0
1045	5.35490E-24	0	0
1046	6.99230E-24	0	0
1047	5.81350E-24	0	0
1048	5.13450E-24	0	0
1049	5.16810E-24	0	0
1050	4.96750E-24	0	0
1051	4.37870E-24	0	0
1052	3.56640E-24	0	0
1053	3.13140E-24	0	0
1054	2.72540E-24	0	0
1055	2.61040E-24	0	0
1056	2.25960E-24	0	0
1057	2.25450E-24	0	0
1058	1.98240E-24	0	0
1059	1.90930E-24	0	0
1060	1.85260E-24	0	0
1061	1.72160E-24	0	0
1062	1.82510E-24	0	0
1063	1.87110E-24	0	0
1064	1.98440E-24	0	0
1065	2.30880E-24	0	0
1066	2.25280E-24	0	0
1067	1.91950E-24	0	0
1068	1.79730E-24	0	0
1069	1.84450E-24	0	0
1070	1.68770E-24	0	0
1071	1.43150E-24	0	0
1072	1.25720E-24	0	0
1073	1.11590E-24	0	0
1074	1.06390E-24	0	0
1075	1.06190E-24	0	0
1076	9.55420E-25	0	0
1077	9.72080E-25	0	0
1078	8.70830E-25	0	0
1079	8.46500E-25	0	0
1080	7.63250E-25	0	0
1081	6.87960E-25	0	0
1082	6.93620E-25	0	0
1083	7.03670E-25	0	0
1084	7.02080E-25	0	0
1085	6.96290E-25	0	0
1086	7.81540E-25	0	0
1087	7.44040E-25	0	0
1088	7.22210E-25	0	0
1089	6.41250E-25	0	0
1090	4.74710E-25	0	0
1091	4.26330E-33	0	0
