wvl_nm	Xsec_298K	a(T)
400	1E-21	-5.73529E-22
401	1E-20	-5.88235E-22
402	1E-20	-5.88235E-22
403	2E-20	-4.41176E-22
404	1E-21	-4.26471E-22
405	3E-20	-5.88235E-22
406	2E-20	-5.88235E-22
407	1E-20	-5.88235E-22
408	3E-20	-2.94118E-22
409	1E-21	-1.16176E-21
410	1E-20	-5.88235E-22
411	2E-20	-8.82353E-22
412	5E-20	1.47059E-22
413	5E-20	-2.94118E-22
414	2E-20	-1.47059E-21
415	6E-20	-2.94118E-22
416	6E-20	-2.94118E-22
417	7E-20	-5.88235E-22
418	5E-20	-8.82353E-22
419	8E-20	-4.41176E-22
420	8E-20	-8.82353E-22
421	8E-20	-7.35294E-22
422	9E-20	-5.88235E-22
423	1.1E-19	-2.94118E-22
424	9E-20	-7.35294E-22
425	7E-20	-1.47059E-21
426	1.4E-19	-2.94118E-22
427	1.4E-19	1.47059E-22
428	1.2E-19	-5.88235E-22
429	1.1E-19	-4.41176E-22
430	1.7E-19	0
431	1.3E-19	-7.35294E-22
432	1.5E-19	-4.41176E-22
433	1.8E-19	-2.94118E-22
434	1.8E-19	-5.88235E-22
435	1.6E-19	-1.17647E-21
436	1.5E-19	-1.17647E-21
437	1.8E-19	-2.94118E-22
438	2.1E-19	-1.47059E-22
439	2E-19	-1.17647E-21
440	1.9E-19	-7.35294E-22
441	1.8E-19	-1.02941E-21
442	2.1E-19	-2.94118E-22
443	1.8E-19	-7.35294E-22
444	1.9E-19	-7.35294E-22
445	2E-19	-1.32353E-21
446	2.4E-19	-7.35294E-22
447	2.9E-19	-5.88235E-22
448	2.4E-19	-1.76471E-21
449	2.8E-19	-7.35294E-22
450	2.9E-19	-5.88235E-22
451	3E-19	-1.02941E-21
452	3.3E-19	-1.02941E-21
453	3.1E-19	-8.82353E-22
454	3.6E-19	-5.88235E-22
455	3.6E-19	-7.35294E-22
456	3.6E-19	0
457	4E-19	-2.94118E-22
458	3.7E-19	-1.47059E-21
459	4.2E-19	-4.41176E-22
460	4E-19	-8.82353E-22
461	3.9E-19	-5.88235E-22
462	4E-19	7.08062E-37
463	4.1E-19	-1.02941E-21
464	4.8E-19	-4.41176E-22
465	5.1E-19	-4.41176E-22
466	5.4E-19	-4.41176E-22
467	5.7E-19	-4.41176E-22
468	5.6E-19	-4.41176E-22
469	5.8E-19	-2.94118E-22
470	5.9E-19	2.94118E-22
471	6.2E-19	0
472	6.5E-19	0
473	6.2E-19	-4.41176E-22
474	6.2E-19	-2.94118E-22
475	6.8E-19	-8.82353E-22
476	7.8E-19	-7.35294E-22
477	7.7E-19	-7.35294E-22
478	7.3E-19	-1.47059E-22
479	7.3E-19	-1.47059E-22
480	7E-19	-7.35294E-22
481	7.1E-19	-4.41176E-22
482	7.1E-19	-2.94118E-22
483	7.2E-19	1.47059E-22
484	7.7E-19	4.41176E-22
485	8.2E-19	1.41612E-36
486	9.1E-19	-5.88235E-22
487	9.2E-19	-2.94118E-22
488	9.5E-19	4.41176E-22
489	9.6E-19	-1.47059E-21
490	1.03E-18	-1.32353E-21
491	9.9E-19	-5.88235E-22
492	9.9E-19	-1.02941E-21
493	1.01E-18	-1.17647E-21
494	1.01E-18	0
495	1.06E-18	-7.35294E-22
496	1.21E-18	-1.17647E-21
497	1.22E-18	-2.64706E-21
498	1.2E-18	-1.76471E-21
499	1.17E-18	-1.32353E-21
500	1.13E-18	-1.47059E-21
501	1.11E-18	-4.41176E-22
502	1.11E-18	-2.83225E-36
503	1.11E-18	-1.17647E-21
504	1.26E-18	-1.02941E-21
505	1.28E-18	-1.76471E-21
506	1.34E-18	-2.35294E-21
507	1.28E-18	-1.76471E-21
508	1.27E-18	-4.41176E-22
509	1.35E-18	-8.82353E-22
510	1.51E-18	-2.05882E-21
511	1.73E-18	-3.97059E-21
512	1.77E-18	-5E-21
513	1.6E-18	-4.70588E-21
514	1.58E-18	-2.20588E-21
515	1.58E-18	-1.76471E-21
516	1.56E-18	-2.79412E-21
517	1.49E-18	-7.35294E-22
518	1.44E-18	-7.35294E-22
519	1.54E-18	-7.35294E-22
520	1.68E-18	-7.35294E-22
521	1.83E-18	-8.82353E-22
522	1.93E-18	-1.91176E-21
523	1.77E-18	-2.05882E-21
524	1.64E-18	-5.88235E-22
525	1.58E-18	-2.94118E-22
526	1.63E-18	-7.35294E-22
527	1.81E-18	-1.76471E-21
528	2.1E-18	-4.11765E-21
529	2.39E-18	-5E-21
530	2.23E-18	-3.52941E-21
531	2.09E-18	-2.64706E-21
532	2.02E-18	-2.64706E-21
533	1.95E-18	-2.35294E-21
534	2.04E-18	-3.38235E-21
535	2.3E-18	-5.29412E-21
536	2.57E-18	-7.20588E-21
537	2.58E-18	-6.91176E-21
538	2.34E-18	-3.82353E-21
539	2.04E-18	-2.94118E-21
540	2.1E-18	-2.35294E-21
541	2.04E-18	-2.05882E-21
542	1.88E-18	-1.32353E-21
543	1.68E-18	-1.02941E-21
544	1.7E-18	-4.41176E-22
545	1.96E-18	-2.5E-21
546	2.42E-18	-3.38235E-21
547	2.91E-18	-5.73529E-21
548	2.98E-18	-5.29412E-21
549	2.71E-18	-3.82353E-21
550	2.48E-18	-4.41176E-21
551	2.43E-18	-4.85294E-21
552	2.47E-18	-5.58824E-21
553	2.53E-18	-6.02941E-21
554	2.78E-18	-7.79412E-21
555	3.11E-18	-1.01471E-20
556	3.26E-18	-9.70588E-21
557	3.29E-18	-9.41176E-21
558	3.51E-18	-1.04412E-20
559	3.72E-18	-1.19118E-20
560	3.32E-18	-7.79412E-21
561	2.98E-18	-5.88235E-21
562	2.9E-18	-5.44118E-21
563	2.8E-18	-6.02941E-21
564	2.72E-18	-5.29412E-21
565	2.73E-18	-5.44118E-21
566	2.85E-18	-6.61765E-21
567	2.81E-18	-4.85294E-21
568	2.85E-18	-5.14706E-21
569	2.89E-18	-5.44118E-21
570	2.79E-18	-4.70588E-21
571	2.76E-18	-4.85294E-21
572	2.74E-18	-4.55882E-21
573	2.78E-18	-4.55882E-21
574	2.86E-18	-4.85294E-21
575	3.08E-18	-7.64706E-21
576	3.27E-18	-8.82353E-21
577	3.38E-18	-8.38235E-21
578	3.31E-18	-7.94118E-21
579	3.24E-18	-8.67647E-21
580	3.34E-18	-9.55882E-21
581	3.55E-18	-1.23529E-20
582	3.28E-18	-9.85294E-21
583	2.93E-18	-7.79412E-21
584	2.82E-18	-6.76471E-21
585	2.89E-18	-7.5E-21
586	3.32E-18	-9.55882E-21
587	4.16E-18	-1.5E-20
588	5.04E-18	-1.97059E-20
589	6.13E-18	-2.35294E-20
590	5.96E-18	-1.79412E-20
591	5.44E-18	-1.5E-20
592	5.11E-18	-1.33824E-20
593	4.58E-18	-1.08824E-20
594	4.19E-18	-1.22059E-20
595	4.29E-18	-1.45588E-20
596	4.62E-18	-1.75E-20
597	4.36E-18	-1.52941E-20
598	3.67E-18	-1.02941E-20
599	3.1E-18	-8.08824E-21
600	2.67E-18	-4.41176E-21
601	2.745E-18	-4.33824E-21
602	3.17E-18	-5.88235E-21
603	3.655E-18	-9.48529E-21
604	4.25E-18	-1.30882E-20
605	4.255E-18	-1.56618E-20
606	3.27E-18	-1.01471E-20
607	2.325E-18	-4.77941E-21
608	1.775E-18	-1.98529E-21
609	1.62E-18	-2.20588E-21
610	1.845E-18	-7.35294E-23
611	1.81E-18	-3.82353E-21
612	2.125E-18	-5.80882E-21
613	2.52E-18	-1E-20
614	2.485E-18	-8.30882E-21
615	2.18E-18	-5.88235E-21
616	1.995E-18	-3.75E-21
617	2E-18	-2.94118E-21
618	2.235E-18	-3.01471E-21
619	2.425E-18	-4.19118E-21
620	3.095E-18	-7.13235E-21
621	4.87E-18	-2.08824E-20
622	9.7975E-18	-3.43015E-20
623	1.44E-17	-4.48529E-20
624	1.172E-17	-3.16176E-20
625	8.17E-18	-2.79412E-20
626	7.165E-18	-2.43382E-20
627	7.34E-18	-3.33824E-20
628	7.195E-18	-3.28676E-20
629	6.85E-18	-3.20588E-20
630	6.57E-18	-3.52941E-20
631	4.77E-18	-1.95588E-20
632	3.355E-18	-9.19118E-21
633	2.055E-18	-6.69118E-21
634	1.53E-18	-2.94118E-21
635	1.36E-18	-5.88235E-22
636	1.64E-18	2.94118E-22
637	1.99E-18	-2.94118E-22
638	1.98E-18	1.32353E-21
639	1.6E-18	2.64706E-21
640	1.22E-18	1.32353E-21
641	9.95E-19	6.61765E-22
642	9.15E-19	1.10294E-21
643	9.5E-19	2.05882E-21
644	9.35E-19	1.39706E-21
645	8.55E-19	8.08824E-22
646	7.35E-19	6.61765E-22
647	6.95E-19	2.20588E-22
648	6.1E-19	-2.94118E-22
649	5.25E-19	-7.35294E-23
650	4.95E-19	-7.35294E-23
651	5.35E-19	-3.67647E-22
652	5.8E-19	-1.17647E-21
653	6.6E-19	-1.91176E-21
654	7.9E-19	-1.91176E-21
655	9.55E-19	-2.13235E-21
656	1.32E-18	-1.76471E-21
657	1.715E-18	-1.98529E-21
658	2.32E-18	-3.97059E-21
659	3.815E-18	-6.69118E-21
660	7.015E-18	-1.30147E-20
661	1.378E-17	-4.36765E-20
662	2.05E-17	-9.10294E-20
663	1.743E-17	-8.14706E-20
664	1.1195E-17	-4.93382E-20
665	7.465E-18	-2.68382E-20
666	4.795E-18	-2.19853E-20
667	2.79E-18	-1.39706E-20
668	1.765E-18	-8.30882E-21
669	1.19E-18	-3.82353E-21
670	9E-19	-3.23529E-21
671	7.9E-19	-2.20588E-21
672	7.6E-19	-3.08824E-21
673	6.4E-19	-2.5E-21
674	5.2E-19	-1.61765E-21
675	4.8E-19	-1.02941E-21
676	4.9E-19	-4.41176E-22
677	5.9E-19	-4.41176E-22
678	7.5E-19	4.41176E-22
679	7.8E-19	7.35294E-22
680	6.9E-19	7.35294E-22
681	5.3E-19	0
682	4E-19	-5.88235E-22
683	3E-19	-2.94118E-22
684	2.6E-19	-2.94118E-22
685	1.8E-19	-8.82353E-22
686	1.6E-19	1.47059E-22
687	1.2E-19	-1.61765E-21
688	1.2E-19	-1.17647E-21
689	1.2E-19	-1.02941E-21
690	1E-19	-1.61765E-21
691	8E-20	-1.32353E-21
692	7E-20	-1.02941E-21
693	6E-20	-8.82353E-22
694	5E-20	-7.35294E-22
695	4E-20	-5.88235E-22
696	4E-20	-5.88235E-22
697	4E-20	-5.88235E-22
698	4E-20	-5.88235E-22
699	4E-20	-5.88235E-22
700	3E-20	-4.41176E-22
701	2E-20	-2.94118E-22
702	2E-20	-2.94118E-22
703	1E-20	-1.47059E-22
