wvl_nm	Xsec_O4			
280	10.61498			
280.5	5.91483			
281	5.22322			
281.5	4.06995			
282	2.89977			
282.5	2.12141			
283	2.15288			
283.5	1.97048			
284	1.89524			
284.5	2.04389			
285	1.68196			
285.5	2.08620			
286	2.03750			
286.5	4.88298			
287	6.07221			
287.5	4.06915			
288	4.32180			
288.5	4.28627			
289	4.63196			
289.5	2.60847			
290	0.79920			
290.5	0.74030			
291	0.52949			
291.5	0.55360			
292	0.51145			
292.5	0.42053			
293	0.33313			
293.5	0.32968			
294	0.19646			
294.5	0			
295	0			
295.5	0
296	0
296.5	0
297	0
297.5	0
298	0
298.5	0
299	0
299.5	0
300	0.000083355
300.5	0.00025735
301	0.00051471
301.5	0.00076471
302	0.0010028
302.5	0.0012494
303	0.0014512
303.5	0.0016287
304	0.0017799
304.5	0.0018988
305	0.0019839
305.5	0.0020287
306	0.0020324
306.5	0.0019877
307	0.0018945
307.5	0.0017451
308	0.0015118
308.5	0.0012373
309	0.00089416
309.5	0.00048349
310	0.00016987
310.5	0
311	0
311.5	0
312	0
312.5	0
313	0
313.5	0
314	0
314.5	0
315	0
315.5	0
316	0
316.5	0
317	0
317.5	0
318	0
318.5	0
319	0
319.5	0
320	0.00044928
320.5	0.0020319
321	0.0043429
321.5	0.0069527
322	0.0098838
322.5	0.013113
323	0.016663
323.5	0.020962
324	0.025151
324.5	0.029659
325	0.034463
325.5	0.039585
326	0.045003
326.5	0.050737
327	0.056765
327.5	0.06311
328	0.069749
328.5	0.076702
329	0.084778
329.5	0.092361
330	0.10027
330.5	0.10894
331	0.12035
331.5	0.13508
332	0.14962
332.5	0.16067
333	0.16977
333.5	0.17958
334	0.1903
334.5	0.2035
335	0.21712
335.5	0.23313
336	0.2518
336.5	0.26979
337	0.2841
337.5	0.29623
338	0.30881
338.5	0.32977
339	0.36874
339.5	0.42826
340	0.5078
340.5	0.6042
341	0.7373
341.5	0.87315
342	1.0437
342.5	1.1575
343	1.2332
343.5	1.2612
344	1.2226
344.5	1.0471
345	0.78815
345.5	0.56319
346	0.41648
346.5	0.31212
347	0.25563
347.5	0.21637
348	0.19099
348.5	0.18091
349	0.18494
349.5	0.20031
350	0.2205
350.5	0.23964
351	0.2575
351.5	0.28024
352	0.32187
352.5	0.37182
353	0.41717
353.5	0.47329
354	0.54456
354.5	0.62002
355	0.73889
355.5	0.90901
356	1.1027
356.5	1.3744
357	1.6991
357.5	2.104
358	2.5677
358.5	3.0565
359	3.5545
359.5	3.9213
360	4.1637
360.5	4.2328
361	3.9271
361.5	3.2536
362	2.4461
362.5	1.7231
363	1.1908
363.5	0.81413
364	0.55059
364.5	0.37134
365	0.25364
365.5	0.18142
366	0.13377
366.5	0.096555
367	0.074033
367.5	0.060476
368	0.053541
368.5	0.051906
369	0.053491
369.5	0.056713
370	0.059754
370.5	0.061269
371	0.061765
371.5	0.062313
372	0.064342
372.5	0.068607
373	0.076535
373.5	0.088943
374	0.10733
374.5	0.13307
375	0.17992
375.5	0.26285
376	0.36875
376.5	0.54117
377	0.77277
377.5	1.1152
378	1.5046
378.5	1.8509
379	2.1641
379.5	2.3749
380	2.4308
380.5	2.2669
381	1.9826
381.5	1.5993
382	1.2252
382.5	0.8893
383	0.61863
383.5	0.42281
384	0.3014
384.5	0.21096
385	0.15521
385.5	0.1148
386	0.089872
386.5	0.076199
387	0.070107
387.5	0.06684
388	0.062073
388.5	0.050779
389	0.03604
389.5	0.020417
390	0.0073494
390.5	0.008604
391	0.0068921
391.5	0.0023435
392	0.008685
392.5	0.011926
393	0.0041179
393.5	0.011706
394	0.048938
394.5	0.056868
395	0.017245
395.5	0.0080912
396	0.026764
396.5	0.012142
397	0.0090135
397.5	0.034774
398	0.032926
398.5	0.015851
399	0.016637
399.5	0.036409
400	0.026382
401	0
402	0
403	0
404	0
405	0
406	0
407	0
408	0
409	0
410	0
411	0
412	0
413	0
414	0
415	0
416	0
417	0
418	0
419	0
420	0
421	0
422	0
423	0
424	0
425	0
426	0.0013032
427	0.006828
428	0.012938
429	0.0037674
430	0.012913
431	0.019677
432	0.0070032
433	0.00077803
434	0.014256
435	0.011099
436	0.0090583
437	0.0044419
438	0
439	0.017786
440	0.038061
441	0.061216
442	0.10584
443	0.16225
444	0.21286
445	0.35204
446	0.48599
447	0.45109
448	0.31191
449	0.16258
450	0.089115
451	0.02638
452	0.009337
453	0.031629
454	0.034532
455	0.0081917
456	0.032248
457	0.019798
458	0.02164
459	0.040775
460	0.058061
461	0.064566
462	0.090676
463	0.11711
464	0.15252
465	0.17823
466	0.2485
467	0.34229
468	0.49547
469	0.7601
470	1.0075
471	1.3567
472	1.8085
473	2.2814
474	2.9138
475	4.0867
476	5.7083
477	6.4822
478	5.7702
479	4.3618
480	2.9497
481	1.7788
482	1.001
483	0.50786
484	0.55163
485	0.37622
486	0.29029
487	0.25615
488	0.22017
489	0.12539
490	0.11943
491	0.12691
492	0.12453
493	0.16473
494	0.12545
495	0.10114
496	0.12961
497	0.14007
498	0.14195
499	0.14752
500	0.10415
501	0.11342
502	0.11276
503	0.061644
504	0.09188
505	0.17035
506	0.087376
507	0.13521
508	0.092475
509	0.086268
510	0.081658
511	0.1139
512	0.053087
513	0.10935
514	0.075991
515	0.076718
516	0.17879
517	0.095229
518	0.12559
519	0.13029
520	0.24041
521	0.29193
522	0.37779
523	0.48941
524	0.60103
525	0.73126
526	0.81569
527	0.94448
528	1.0561
529	1.1677
530	1.2622
531	1.3394
532	1.3824
533	1.3738
534	1.2536
535	1.0389
536	0.83286
537	0.70407
538	0.61821
539	0.54952
540	0.49084
541	0.48083
542	0.42931
543	0.42072
544	0.42072
545	0.42072
546	0.42072
547	0.42072
548	0.42072
549	0.42072
550	0.4379
551	0.46365
552	0.48083
553	0.50659
554	0.54093
555	0.59245
556	0.63538
557	0.70407
558	0.78134
559	0.89153
560	1.0218
561	1.1849
562	1.391
563	1.6571
564	1.9748
565	2.3784
566	2.8678
567	3.486
568	4.1986
569	4.9685
570	5.8129
571	6.7831
572	7.7705
573	8.9332
574	10.163
575	11.255
576	12.012
577	12.501
578	12.425
579	11.055
580	8.266
581	6.3881
582	4.8254
583	3.6663
584	2.7733
585	2.095
586	1.5713
587	1.1677
588	0.8715
589	0.63538
590	0.48083
591	0.37779
592	0.28334
593	0.24041
594	0.1889
595	0.18031
596	0.18031
597	0.18031
598	0.18031
599	0.18031
600	0.18031
601	0.20607
602	0.24041
603	0.24041
604	0.24041
605	0.28334
606	0.33486
607	0.41214
608	0.45507
609	0.51517
610	0.57527
611	0.66114
612	0.76417
613	0.89296
614	1.0475
615	1.1935
616	1.3824
617	1.6228
618	1.8804
619	2.1981
620	2.5759
621	3.0052
622	3.5118
623	4.0784
624	4.6795
625	5.2891
626	5.8987
627	6.4311
628	6.8861
629	7.1351
630	7.2274
631	7.1094
632	6.8174
633	6.3194
634	5.6583
635	4.9113
636	4.1901
637	3.5289
638	2.9365
639	2.3666
640	1.8632
641	1.4768
642	1.142
643	0.87579
644	0.64611
645	0.48083
646	0.35203
647	0.27476
648	0.20607
649	0.16528
650	0.12021
651	0.12021
652	0.060103
653	0.060103
654	0.060103
655	0.060103
656	0.060103
657	0.060103
658	0.060103
659	0.060103
660	0.060103
661	0
662	0
663	0
664	0
665	0
666	0
667	0
668	0
669	0
670	0
671	0
672	0
673	0
674	0
675	0
676	0
677	0
678	0.012
679	0.024
680	0.036
681	0.048
682	0.060103
683	0.10518
684	0.12021
685	0.14597
686	0.44648
687	1.6915
688	1.0819
689	0.98741
690	0.9359
691	0.59245
692	0.32628
693	0.1889
694	0.12021
695	0.060103
696	0.048103
697	0.036103
698	0.024103
699	0.012103
700	0
701	0
702	0
703	0
704	0
705	0
706	0
707	0
708	0
709	0
710	0
711	0
712	0
713	0
714	0
715	0
716	0
717	0
718	0
719	0
720	0
721	0
722	0
723	0
724	0
725	0
726	0.015
727	0.03
728	0.045
729	0.060103
730	0.06869
731	0.07569
732	0.08269
733	0.08969
734	0.09669
735	0.10369
736	0.11069
737	0.11769
738	0.12021
739	0.16314
740	0.18031
741	0.18031
742	0.23183
743	0.24041
744	0.29193
745	0.31769
746	0.36921
747	0.4379
748	0.51088
749	0.60103
750	0.6869
751	0.8071
752	0.91014
753	1.0218
754	1.1334
755	1.2708
756	1.4167
757	1.5799
758	1.8718
759	4.3199
760	16.108
761	21.972
762	14.116
763	13.798
764	15.404
765	11.815
766	7.1609
767	3.8724
768	2.0607
769	1.1849
770	0.74378
771	0.54093
772	0.42931
773	0.36062
774	0.30052
775	0.26617
776	0.24041
777	0.21465
778	0.18031
779	0.18031
780	0.13738
781	0.12021
782	0.12021
783	0.12021
784	0.060103
785	0.048103
786	0.036103
787	0.024103
788	0.012103
789	0.000103
790	0
791	0
792	0
793	0
794	0
795	0
796	0
797	0
798	0
799	0
800	0
801	0
802	0
803	0
804	0
805	0
806	0
807	0
808	0
809	0
810	0
811	0
812	0
813	0
814	0
815	0
816	0
817	0
818	0
819	0
820	0
821	0
822	0
823	0
824	0
825	0
826	0
827	0
828	0
829	0
830	0
831	0
832	0
833	0
834	0
835	0
836	0
837	0
838	0
839	0
840	0
841	0
842	0
843	0
844	0
845	0
846	0
847	0
848	0
849	0
850	0
851	0
852	0
853	0
854	0
855	0
856	0
857	0
858	0
859	0
860	0
861	0
862	0
863	0
864	0
865	0
866	0
867	0
868	0
869	0
870	0
871	0
872	0
873	0
874	0
875	0
876	0
877	0
878	0
879	0
880	0
881	0
882	0
883	0
884	0
885	0
886	0
887	0
888	0
889	0
890	0
891	0
892	0
893	0
894	0
895	0
896	0
897	0
898	0
899	0
900	0
901	0
902	0
903	0
904	0
905	0
906	0
907	0
908	0
909	0
910	0
911	0
912	0
913	0
914	0
915	0
916	0
917	0
918	0
919	0
920	0
921	0
922	0
923	0
924	0
925	0
926	0
927	0
928	0
929	0
930	0
931	0
932	0
933	0
934	0
935	0
936	0
937	0
938	0
939	0
940	0
941	0
942	0
943	0
944	0
945	0
946	0
947	0
948	0
949	0
950	0
951	0
952	0
953	0
954	0
955	0
956	0
957	0
958	0
959	0
960	0
961	0
962	0
963	0
964	0
965	0
966	0
967	0
968	0
969	0
970	0
971	0
972	0
973	0
974	0
975	0
976	0
977	0
978	0
979	0
980	0
981	0
982	0
983	0
984	0
985	0
986	0
987	0
988	0
989	0
990	0
991	0
992	0
993	0
994	0
995	0
996	0
997	0
998	0
999	0
1000	0
1001	0
1002	0
1003	0
1004	0
1005	0.015
1006	0.03
1007	0.045
1008	0.060103
1009	0.10303
1010	0.12021
1011	0.145
1012	0.17172
1013	0.18782
1014	0.24041
1015	0.27476
1016	0.30052
1017	0.34345
1018	0.38638
1019	0.42072
1020	0.46365
1021	0.50659
1022	0.57098
1023	0.61821
1024	0.6987
1025	0.75558
1026	0.85003
1027	0.91658
1028	1.0046
1029	1.1044
1030	1.1935
1031	1.3072
1032	1.4253
1033	1.5627
1034	1.7001
1035	1.8407
1036	1.9834
1037	2.1562
1038	2.3011
1039	2.4814
1040	2.6821
1041	2.9021
1042	3.1179
1043	3.3314
1044	3.5912
1045	3.8294
1046	4.087
1047	4.4047
1048	4.7331
1049	5.0659
1050	5.4469
1051	5.8901
1052	6.3109
1053	6.8368
1054	7.4013
1055	8.0163
1056	8.6549
1057	9.2935
1058	9.8999
1059	10.473
1060	10.947
1061	11.269
1062	11.557
1063	11.81
1064	12.038
1065	12.111
1066	12.081
1067	11.892
1068	11.457
1069	10.862
1070	10.228
1071	9.6337
1072	9.0155
1073	8.4445
1074	7.8306
1075	7.2725
1076	6.7716
1077	6.3109
1078	5.83
1079	5.3792
1080	5.0186
1081	4.6623
1082	4.3074
1083	4.0169
1084	3.7264
1085	3.4559
1086	3.1855
1087	2.9651
1088	2.7476
1089	2.5744
1090	2.3741
1091	2.1809
1092	2.0034
1093	1.8632
1094	1.7172
1095	1.6028
1096	1.4525
1097	1.3724
1098	1.2536
1099	1.1319
1100	1.0418
1101	0.97024
1102	0.85146
1103	0.82141
1104	0.78993
1105	0.71122
1106	0.63108
1107	0.57527
1108	0.51088
1109	0.45077
1110	0.41071
1111	0.37779
1112	0.32055
1113	0.31053
1114	0.3091
1115	0.30052
1116	0.28048
1117	0.24041
1118	0.24041
1119	0.20034
1120	0.18031
1121	0.12879
1122	0.090155
1123	0.13022
1124	0.12879
1125	0.12021
1126	0.11019
1127	0.094448
1128	0.070121
1129	0.060103
1130	0.045103
1131	0.030103
1132	0.015103
1133	0.000103
1134	0
1135	0
1136	0
1137	0
1138	0
1139	0
1140	0
1141	0
1142	0
1143	0
1144	0
1145	0
1146	0
1147	0
1148	0
1149	0
1150	0
1151	0
1152	0
1153	0
1154	0
1155	0
1156	0
1157	0
1158	0
1159	0
1160	0
1161	0
1162	0
1163	0
1164	0
1165	0
1166	0
1167	0
1168	0
1169	0
1170	0
1171	0
1172	0
1173	0
1174	0
1175	0
1176	0
1177	0
1178	0
1179	0
1180	0.032129104
1181	0.039268597
1182	0.039900263
1183	0.032543289
1184	0.04088932
1185	0.036388696
1186	0.040562405
1187	0.030710625
1188	0.034648843
1189	0.029074664
1190	0.033819089
1191	0.048355728
1192	0.033931292
1193	0.053240061
1194	0.041351988
1195	0.058562128
1196	0.036154592
1197	0.057406843
1198	0.074852473
1199	0.064442444
1200	0.091800803
1201	0.072242693
1202	0.102111096
1203	0.116626957
1204	0.108048206
1205	0.133184652
1206	0.133403518
1207	0.159786674
1208	0.157736529
1209	0.181465577
1210	0.20961352
1211	0.223244217
1212	0.242443552
1213	0.256780718
1214	0.280426652
1215	0.312273168
1216	0.330876853
1217	0.35845685
1218	0.381867295
1219	0.408810084
1220	0.436528605
1221	0.473929907
1222	0.517384679
1223	0.552846655
1224	0.615112897
1225	0.644840006
1226	0.694237429
1227	0.745615736
1228	0.794874636
1229	0.852251004
1230	0.913464469
1231	0.978625848
1232	1.037193517
1233	1.116747472
1234	1.181576396
1235	1.260520848
1236	1.337304336
1237	1.41086023
1238	1.508380662
1239	1.610195318
1240	1.692616706
1241	1.790829755
1242	1.904972988
1243	2.015237568
1244	2.137830724
1245	2.269150852
1246	2.414877407
1247	2.576672669
1248	2.767973404
1249	2.960520848
1250	3.166366533
1251	3.438287852
1252	3.730987671
1253	4.024795678
1254	4.41252251
1255	4.804820612
1256	5.251419864
1257	5.785288821
1258	6.395345616
1259	7.043080759
1260	7.838066214
1261	8.659371104
1262	9.501593018
1263	10.35766727
1264	10.92685968
1265	11.4195872
1266	11.703283
1267	11.80911484
1268	11.69178557
1269	11.20861615
1270	10.19739576
1271	9.203075218
1272	8.078127164
1273	7.209724339
1274	6.338828093
1275	5.671007065
1276	5.060811747
1277	4.450616429
1278	3.924781826
1279	3.435240338
1280	3.015653138
1281	2.661171907
1282	2.329269982
1283	2.068707577
1284	1.827261394
1285	1.620168998
1286	1.446045159
1287	1.28539964
1288	1.14842776
1289	1.048095304
1290	0.935835988
1291	0.851059704
1292	0.76136584
1293	0.688807314
1294	0.628521956
1295	0.573832941
1296	0.518894584
1297	0.464884333
1298	0.423604377
1299	0.38973542
1300	0.355811054
1301	0.319947361
1302	0.289098213
1303	0.256836127
1304	0.226582629
1305	0.213298241
1306	0.192228841
1307	0.172364593
1308	0.173098767
1309	0.150076188
1310	0.128768527
1311	0.120832525
1312	0.112163735
1313	0.08822136
1314	0.086167059
1315	0.078092534
1316	0.07035739
1317	0.062156808
1318	0.04406289
1319	0.033999169
1320	0.031292423
1321	0.021339521
1322	0.028817011
1323	0.030243801
1324	0.02471949
1325	0.024755506
1326	0.019677241
1327	0.01522233
1328	0.017132567
1329	0.018690954
1330	0.009257653
1331	0.01053567
1332	0
1333	0
1334	0
1335	0
1336	0
1337	0
1338	0
1339	0
1340	0
1341	0
1342	0
1343	0
1344	0
1345	0
1346	0
1347	0
1348	0
1349	0
1350	0
1351	0
1352	0
1353	0
1354	0
1355	0
1356	0
1357	0
1358	0
1359	0
1360	0
1361	0
1362	0
1363	0
1364	0
1365	0
1366	0
1367	0
1368	0
1369	0
1370	0
1371	0
1372	0
1373	0
1374	0
1375	0
1376	0
1377	0
1378	0
1379	0
1380	0
1381	0
1382	0
1383	0
1384	0
1385	0
1386	0
1387	0
1388	0
1389	0
1390	0
1391	0
1392	0
1393	0
1394	0
1395	0
1396	0
1397	0
1398	0
1399	0
1400	0
1401	0
1402	0
1403	0
1404	0
1405	0
1406	0
1407	0
1408	0
1409	0
1410	0
1411	0
1412	0
1413	0
1414	0
1415	0
1416	0
1417	0
1418	0
1419	0
1420	0
1421	0
1422	0
1423	0
1424	0
1425	0
1426	0
1427	0
1428	0
1429	0
1430	0
1431	0
1432	0
1433	0
1434	0
1435	0
1436	0
1437	0
1438	0
1439	0
1440	0
1441	0
1442	0
1443	0
1444	0
1445	0
1446	0
1447	0
1448	0
1449	0
1450	0
1451	0
1452	0
1453	0
1454	0
1455	0
1456	0
1457	0
1458	0
1459	0
1460	0
1461	0
1462	0
1463	0
1464	0
1465	0
1466	0
1467	0
1468	0
1469	0
1470	0
1471	0
1472	0
1473	0
1474	0
1475	0
1476	0
1477	0
1478	0
1479	0
1480	0
1481	0
1482	0
1483	0
1484	0
1485	0
1486	0
1487	0
1488	0
1489	0
1490	0
1491	0
1492	0
1493	0
1494	0
1495	0
1496	0
1497	0
1498	0
1499	0
1500	0
1501	0
1502	0
1503	0
1504	0
1505	0
1506	0
1507	0
1508	0
1509	0
1510	0
1511	0
1512	0
1513	0
1514	0
1515	0
1516	0
1517	0
1518	0
1519	0
1520	0
1521	0
1522	0
1523	0
1524	0
1525	0
1526	0
1527	0
1528	0
1529	0
1530	0
1531	0
1532	0
1533	0
1534	0
1535	0
1536	0
1537	0
1538	0
1539	0
1540	0
1541	0
1542	0
1543	0
1544	0
1545	0
1546	0
1547	0
1548	0
1549	0
1550	0
1551	0
1552	0
1553	0
1554	0
1555	0
1556	0
1557	0
1558	0
1559	0
1560	0
1561	0
1562	0
1563	0
1564	0
1565	0
1566	0
1567	0.006339974
1568	0.018725283
1569	0.050715656
1570	0.125958773
1571	0.286871579
1572	0.599127635
1573	1.147423939
1574	2.015121269
1575	3.245272677
1576	4.792630265
1577	6.49036894
1578	8.060046909
1579	9.178643038
1580	9.585
1581	9.178643038
1582	8.060046909
1583	6.49036894
1584	4.792630265
1585	3.245272677
1586	2.015121269
1587	1.147423939
1588	0.599127635
1589	0.286871579
1590	0.125958773
1591	0.050715656
1592	0.018725283
1593	0.006339974
