0.4	0.468108
0.401	0.470858
0.402	0.471621
0.403	0.476814
0.404	0.482029
0.405	0.480813
0.406	0.484702
0.407	0.484702
0.408	0.48386
0.409	0.487271
0.41	0.491717
0.411	0.49301
0.412	0.493816
0.413	0.494682
0.414	0.497558
0.415	0.49785
0.416	0.499561
0.417	0.50341
0.418	0.505192
0.419	0.50857
0.42	0.511086
0.421	0.514612
0.422	0.516298
0.423	0.518736
0.424	0.51985
0.425	0.518178
0.426	0.525613
0.427	0.525965
0.428	0.525623
0.429	0.525372
0.43	0.531245
0.431	0.533501
0.432	0.539352
0.433	0.539344
0.434	0.538374
0.435	0.540699
0.436	0.546196
0.437	0.54752
0.438	0.550724
0.439	0.552611
0.44	0.554506
0.441	0.558081
0.442	0.555996
0.443	0.560593
0.444	0.563408
0.445	0.562727
0.446	0.564937
0.447	0.571427
0.448	0.566802
0.449	0.568663
0.45	0.574331
0.451	0.57596
0.452	0.580935
0.453	0.579168
0.454	0.583277
0.455	0.586032
0.456	0.590565
0.457	0.589843
0.458	0.583371
0.459	0.583218
0.46	0.588529
0.461	0.590539
0.462	0.592177
0.463	0.594916
0.464	0.598196
0.465	0.596886
0.466	0.594148
0.467	0.600543
0.468	0.597623
0.469	0.599431
0.47	0.603466
0.471	0.609034
0.472	0.611579
0.473	0.609034
0.474	0.610685
0.475	0.614376
0.476	0.612946
0.477	0.609516
0.478	0.611297
0.479	0.614846
0.48	0.617257
0.481	0.621334
0.482	0.620676
0.483	0.616614
0.484	0.617115
0.485	0.619373
0.486	0.62497
0.487	0.628226
0.488	0.631151
0.489	0.628807
0.49	0.626054
0.491	0.628608
0.492	0.6278
0.493	0.633856
0.494	0.63796
0.495	0.637327
0.496	0.637721
0.497	0.637728
0.498	0.639775
0.499	0.646291
0.5	0.644747
0.501	0.643689
0.502	0.647726
0.503	0.646126
0.504	0.646925
0.505	0.648638
0.506	0.650296
0.507	0.650347
0.508	0.652406
0.509	0.657762
0.51	0.659433
0.511	0.658243
0.512	0.658207
0.513	0.659535
0.514	0.66371
0.515	0.667694
0.516	0.662919
0.517	0.662946
0.518	0.66858
0.519	0.669179
0.52	0.677339
0.521	0.672909
0.522	0.673334
0.523	0.673565
0.524	0.668339
0.525	0.669179
0.526	0.670033
0.527	0.677318
0.528	0.674818
0.529	0.676065
0.53	0.677725
0.531	0.680206
0.532	0.678356
0.533	0.68524
0.534	0.69119
0.535	0.690331
0.536	0.691525
0.537	0.695793
0.538	0.694853
0.539	0.69403
0.54	0.695206
0.541	0.696414
0.542	0.696655
0.543	0.697438
0.544	0.702211
0.545	0.692432
0.546	0.701258
0.547	0.702554
0.548	0.706361
0.549	0.710995
0.55	0.71086
0.551	0.714441
0.552	0.715528
0.553	0.711188
0.554	0.715017
0.555	0.712419
0.556	0.715452
0.557	0.717557
0.558	0.721515
0.559	0.723295
0.56	0.725612
0.561	0.727212
0.562	0.728114
0.563	0.726326
0.564	0.727269
0.565	0.732781
0.566	0.735717
0.567	0.737413
0.568	0.737867
0.569	0.738776
0.57	0.741243
0.571	0.738838
0.572	0.737692
0.573	0.736622
0.574	0.741957
0.575	0.743473
0.576	0.742144
0.577	0.746816
0.578	0.75155
0.579	0.751074
0.58	0.753425
0.581	0.752651
0.582	0.746136
0.583	0.750758
0.584	0.755509
0.585	0.763586
0.586	0.755818
0.587	0.759193
0.588	0.758551
0.589	0.762246
0.59	0.760992
0.591	0.763991
0.592	0.758871
0.593	0.758391
0.594	0.757755
0.595	0.767078
0.596	0.765271
0.597	0.764304
0.598	0.763692
0.599	0.762728
0.6	0.763796
0.601	0.765205
0.602	0.76565
0.603	0.765785
0.604	0.767346
0.605	0.769044
0.606	0.768091
0.607	0.76572
0.608	0.762755
0.609	0.763695
0.61	0.764165
0.611	0.764636
0.612	0.767131
0.613	0.768977
0.614	0.76945
0.615	0.76696
0.616	0.765546
0.617	0.768032
0.618	0.766745
0.619	0.759754
0.62	0.763766
0.621	0.763645
0.622	0.773588
0.623	0.777034
0.624	0.772646
0.625	0.771047
0.626	0.767814
0.627	0.769397
0.628	0.77283
0.629	0.773955
0.63	0.776255
0.631	0.775489
0.632	0.777497
0.633	0.776832
0.634	0.775592
0.635	0.775118
0.636	0.77228
0.637	0.773879
0.638	0.775779
0.639	0.772281
0.64	0.773224
0.641	0.777405
0.642	0.779117
0.643	0.77788
0.644	0.773515
0.645	0.772752
0.646	0.773515
0.647	0.768997
0.648	0.771102
0.649	0.77514
0.65	0.775037
0.651	0.774933
0.652	0.781113
0.653	0.785228
0.654	0.786399
0.655	0.783782
0.656	0.780145
0.657	0.781788
0.658	0.77826
0.659	0.780917
0.66	0.782718
0.661	0.783987
0.662	0.784746
0.663	0.77845
0.664	0.783306
0.665	0.783786
0.666	0.782547
0.667	0.783106
0.668	0.788192
0.669	0.788739
0.67	0.789011
0.671	0.786812
0.672	0.788498
0.673	0.787265
0.674	0.788426
0.675	0.788353
0.676	0.783673
0.677	0.787314
0.678	0.788353
0.679	0.789387
0.68	0.783178
0.681	0.782141
0.682	0.782615
0.683	0.785078
0.684	0.783566
0.685	0.784602
0.686	0.787265
0.687	0.787743
0.688	0.79289
0.689	0.79434
0.69	0.791444
0.691	0.791444
0.692	0.791444
0.693	0.791172
0.694	0.792347
0.695	0.792619
0.696	0.793315
0.697	0.796453
0.698	0.795863
0.699	0.796738
0.7	0.794342
0.701	0.79208
0.702	0.793763
0.703	0.794711
0.704	0.797092
0.705	0.797787
0.706	0.798266
0.707	0.798746
0.708	0.798048
0.709	0.798786
0.71	0.797569
0.711	0.800482
0.712	0.795924
0.713	0.794237
0.714	0.796399
0.715	0.799818
0.716	0.797439
0.717	0.799122
0.718	0.798864
0.719	0.801251
0.72	0.805407
0.721	0.79718
0.722	0.804911
0.723	0.805411
0.724	0.802971
0.725	0.798396
0.726	0.801797
0.727	0.798227
0.728	0.798037
0.729	0.801408
0.73	0.800904
0.731	0.803249
0.732	0.805391
0.733	0.804911
0.734	0.803475
0.735	0.803024
0.736	0.801821
0.737	0.804207
0.738	0.803002
0.739	0.806617
0.74	0.808781
0.741	0.809507
0.742	0.805678
0.743	0.803063
0.744	0.804735
0.745	0.804725
0.746	0.803285
0.747	0.807608
0.748	0.811685
0.749	0.80855
0.75	0.809529
0.751	0.805233
0.752	0.805919
0.753	0.806885
0.754	0.802354
0.755	0.806871
0.756	0.805669
0.757	0.807838
0.758	0.80617
0.759	0.81168
0.76	0.804275
0.761	0.804306
0.762	0.804086
0.763	0.806692
0.764	0.809782
0.765	0.812651
0.766	0.813129
0.767	0.810258
0.768	0.805748
0.769	0.80318
0.77	0.810988
0.771	0.810988
0.772	0.809796
0.773	0.810514
0.774	0.810989
0.775	0.812659
0.776	0.813137
0.777	0.811705
0.778	0.813133
0.779	0.816707
0.78	0.817439
0.781	0.809813
0.782	0.811473
0.783	0.812174
0.784	0.812656
0.785	0.815517
0.786	0.817437
0.787	0.819348
0.788	0.813137
0.789	0.817908
0.79	0.809338
0.791	0.810283
0.792	0.812702
0.793	0.813619
0.794	0.810301
0.795	0.816483
0.796	0.815049
0.797	0.810567
0.798	0.808643
0.799	0.808628
0.8	0.808591
0.804	0.812353
0.808	0.810828
0.812	0.812391
0.816	0.807088
0.82	0.808497
0.824	0.804025
0.828	0.809924
0.832	0.809324
0.836	0.808583
0.84	0.805357
0.844	0.807605
0.848	0.806358
0.852	0.803537
0.856	0.804145
0.86	0.801728
0.864	0.803567
0.868	0.802949
0.872	0.804126
0.876	0.801813
0.88	0.80112
0.884	0.803889
0.888	0.795202
0.892	0.794548
0.896	0.794046
0.9	0.795521
0.904	0.793715
0.908	0.792871
0.912	0.791294
0.916	0.793605
0.92	0.791083
0.924	0.789827
0.928	0.791502
0.932	0.790035
0.936	0.789616
0.94	0.786171
0.944	0.782611
0.948	0.779739
0.952	0.774938
0.956	0.771666
0.96	0.767809
0.964	0.764594
0.968	0.754366
0.972	0.749943
0.976	0.744003
0.98	0.739028
0.984	0.734018
0.988	0.728551
0.992	0.741277
0.996	0.745065
1	0.75297
1.004	0.759738
1.008	0.76356
1.012	0.766801
1.016	0.775486
1.02	0.781333
1.024	0.78548
1.028	0.78921
1.032	0.790347
1.036	0.800138
1.04	0.801303
1.044	0.800352
1.048	0.797144
1.052	0.802649
1.056	0.799405
1.06	0.795295
1.064	0.797034
1.068	0.794259
1.072	0.797593
1.076	0.802352
1.08	0.801814
1.084	0.791491
1.088	0.79503
1.092	0.793275
1.096	0.787953
1.1	0.783452
1.104	0.785797
1.108	0.783272
1.112	0.781345
1.116	0.782239
1.12	0.777989
1.124	0.77678
1.128	0.774021
1.132	0.770676
1.136	0.758118
1.14	0.736785
1.144	0.730181
1.148	0.720236
1.152	0.702312
1.156	0.682939
1.16	0.660508
1.164	0.644514
1.168	0.631119
1.172	0.623106
1.176	0.622582
1.18	0.621431
1.184	0.619734
1.188	0.620478
1.192	0.616559
1.196	0.615712
1.2	0.617449
1.204	0.623797
1.208	0.633146
1.212	0.634397
1.216	0.643043
1.22	0.647574
1.224	0.654143
1.228	0.657926
1.232	0.664515
1.236	0.675392
1.24	0.682481
1.244	0.688092
1.248	0.692577
1.252	0.697879
1.256	0.70105
1.26	0.705126
1.264	0.707727
1.268	0.707387
1.272	0.706781
1.276	0.706082
1.28	0.706844
1.284	0.706905
1.288	0.703725
1.292	0.701227
1.296	0.699531
1.3	0.690905
1.304	0.685906
1.308	0.676531
1.312	0.668001
1.316	0.661225
1.32	0.655511
1.324	0.643247
1.328	0.62702
1.332	0.613882
1.336	0.596562
1.34	0.579739
1.344	0.565369
1.348	0.55206
1.352	0.53908
1.356	0.529247
1.36	0.519734
1.364	0.509916
1.368	0.499296
1.372	0.496857
1.376	0.48743
1.38	0.480533
1.384	0.470806
1.388	0.459903
1.392	0.44079
1.396	0.418163
1.4	0.393655
1.404	0.365712
1.408	0.331299
1.412	0.299488
1.416	0.271611
1.42	0.250792
1.424	0.223691
1.428	0.193693
1.432	0.165144
1.436	0.148309
1.44	0.151468
1.444	0.164992
1.448	0.188148
1.452	0.200046
1.456	0.207879
1.46	0.214342
1.464	0.218037
1.468	0.219751
1.472	0.217181
1.476	0.210863
1.48	0.206046
1.484	0.208463
1.488	0.218415
1.492	0.22965
1.496	0.236474
1.5	0.265731
1.504	0.275688
1.508	0.279127
1.512	0.276088
1.516	0.27221
1.52	0.268848
1.524	0.263955
1.528	0.262153
1.532	0.267189
1.536	0.279858
1.54	0.301755
1.544	0.321093
1.548	0.336958
1.552	0.355193
1.556	0.373703
1.56	0.388853
1.564	0.400946
1.568	0.411353
1.572	0.421258
1.576	0.432182
1.58	0.443115
1.584	0.45279
1.588	0.465738
1.592	0.478874
1.596	0.492036
1.6	0.50431
1.604	0.517377
1.608	0.524637
1.612	0.534388
1.616	0.544638
1.62	0.552748
1.624	0.563604
1.628	0.574348
1.632	0.583725
1.636	0.589636
1.64	0.596207
1.644	0.602367
1.648	0.609072
1.652	0.613714
1.656	0.61282
1.66	0.610449
1.664	0.610449
1.668	0.609093
1.672	0.604037
1.676	0.596449
1.68	0.586775
1.684	0.571862
1.688	0.555772
1.692	0.534454
1.696	0.510064
1.7	0.48801
1.704	0.459056
1.708	0.424559
1.712	0.397571
1.716	0.369937
1.72	0.344997
1.724	0.318814
1.728	0.301952
1.732	0.282768
1.736	0.274755
1.74	0.271152
1.744	0.273762
1.748	0.282028
1.752	0.290266
1.756	0.29856
1.76	0.304693
1.764	0.31112
1.768	0.318116
1.772	0.323972
1.776	0.335419
1.78	0.350443
1.784	0.364461
1.788	0.376614
1.792	0.388167
1.796	0.399722
1.8	0.40886
1.804	0.412983
1.808	0.422089
1.812	0.42252
1.816	0.422749
1.82	0.425818
1.824	0.424964
1.828	0.423123
1.832	0.416113
1.836	0.410754
1.84	0.400363
1.844	0.383402
1.848	0.367588
1.852	0.345186
1.856	0.32039
1.86	0.292211
1.864	0.260588
1.868	0.228192
1.872	0.197423
1.876	0.175636
1.88	0.156048
1.884	0.133878
1.888	0.116343
1.892	0.099529
1.896	0.083806
1.9	0.071801
1.904	0.061492
1.908	0.052997
1.912	0.044542
1.916	0.038288
1.92	0.031861
1.924	0.028686
1.928	0.026538
1.932	0.025441
1.936	0.025358
1.94	0.025296
1.944	0.028365
1.948	0.029379
1.952	0.031411
1.956	0.034466
1.96	0.035494
1.964	0.036534
1.968	0.039619
1.972	0.038495
1.976	0.045555
1.98	0.051586
1.984	0.060757
1.988	0.074776
1.992	0.090979
1.996	0.107166
2	0.122454
2.004	0.140881
2.008	0.153677
2.012	0.166324
2.016	0.177431
2.02	0.186853
2.024	0.194724
2.028	0.200392
2.032	0.203761
2.036	0.209039
2.04	0.211853
2.044	0.216049
2.048	0.213662
2.052	0.214374
2.056	0.215085
2.06	0.213708
2.064	0.214374
2.068	0.213377
2.072	0.209181
2.076	0.208988
2.0795	0.205034
2.0803	0.205749
2.0812	0.206589
2.082	0.206892
2.0828	0.20611
2.0837	0.204997
2.0845	0.204584
2.0853	0.204738
2.0862	0.203898
2.087	0.202939
2.0879	0.201413
2.0887	0.200798
2.0895	0.200214
2.0904	0.199057
2.0912	0.197946
2.0921	0.19717
2.0929	0.196776
2.0938	0.196154
2.0946	0.194843
2.0955	0.193491
2.0963	0.192697
2.0971	0.19165
2.098	0.190979
2.0988	0.190583
2.0997	0.189768
2.1005	0.188498
2.1014	0.186547
2.1023	0.185986
2.1031	0.185542
2.104	0.184423
2.1048	0.183112
2.1057	0.181613
2.1065	0.181066
2.1074	0.180551
2.1082	0.179147
2.1091	0.1776
2.11	0.176003
2.1108	0.174525
2.1117	0.173305
2.1125	0.171799
2.1134	0.170771
2.1143	0.170581
2.1151	0.170632
2.116	0.169525
2.1168	0.167739
2.1177	0.166396
2.1186	0.1657
2.1194	0.164736
2.1203	0.163359
2.1212	0.16322
2.122	0.162692
2.1229	0.161516
2.1238	0.160239
2.1247	0.158564
2.1255	0.157155
2.1264	0.156753
2.1273	0.156113
2.1281	0.155246
2.129	0.154516
2.1299	0.154602
2.1308	0.154055
2.1316	0.152883
2.1325	0.152321
2.1334	0.152158
2.1343	0.152048
2.1352	0.150937
2.136	0.149474
2.1369	0.148606
2.1378	0.147646
2.1387	0.147295
2.1396	0.146696
2.1404	0.145854
2.1413	0.145031
2.1422	0.144167
2.1431	0.143847
2.144	0.142949
2.1449	0.14226
2.1458	0.142036
2.1466	0.141433
2.1475	0.140507
2.1484	0.139511
2.1493	0.138366
2.1502	0.137644
2.1511	0.136972
2.152	0.136101
2.1529	0.134975
2.1538	0.134109
2.1547	0.133527
2.1556	0.132382
2.1565	0.131775
2.1574	0.131223
2.1583	0.130888
2.1592	0.130349
2.1601	0.129489
2.161	0.128322
2.1619	0.127356
2.1628	0.126772
2.1637	0.126162
2.1646	0.124912
2.1655	0.12395
2.1664	0.123391
2.1673	0.123037
2.1682	0.122505
2.1691	0.121721
2.17	0.120674
2.1709	0.119585
2.1718	0.119172
2.1727	0.118318
2.1736	0.117456
2.1746	0.116428
2.1755	0.116233
2.1764	0.116565
2.1773	0.116057
2.1782	0.115747
2.1791	0.115329
2.18	0.115344
2.181	0.11593
2.1819	0.115793
2.1828	0.115512
2.1837	0.115466
2.1846	0.115471
2.1856	0.115046
2.1865	0.114377
2.1874	0.113469
2.1883	0.113213
2.1893	0.113745
2.1902	0.113696
2.1911	0.112768
2.192	0.1125
2.193	0.112773
2.1939	0.112383
2.1948	0.111725
2.1957	0.11123
2.1967	0.110398
2.1976	0.109843
2.1985	0.109094
2.1995	0.108169
2.2004	0.1077
2.2013	0.106874
2.2023	0.105967
2.2032	0.105149
2.2041	0.10426
2.2051	0.103405
2.206	0.102636
2.207	0.101579
2.2079	0.10029
2.2088	0.099084
2.2098	0.098324
2.2107	0.097287
2.2117	0.095664
2.2126	0.095063
2.2136	0.095227
2.2145	0.095119
2.2155	0.09501
2.2164	0.093989
2.2173	0.093271
2.2183	0.093315
2.2192	0.093552
2.2202	0.093767
2.2211	0.094612
2.2221	0.096064
2.2231	0.097668
2.224	0.098852
2.225	0.100283
2.2259	0.102072
2.2269	0.103943
2.2278	0.106194
2.2288	0.107961
2.2297	0.109006
2.2307	0.109958
2.2317	0.111303
2.2326	0.112798
2.2336	0.114184
2.2345	0.114797
2.2355	0.114951
2.2365	0.115532
2.2374	0.116394
2.2384	0.116682
2.2394	0.117125
2.2403	0.117807
2.2413	0.117951
2.2423	0.118156
2.2433	0.118359
2.2442	0.118696
2.2452	0.119006
2.2462	0.119436
2.2471	0.11916
2.2481	0.11924
2.2491	0.119301
2.2501	0.118664
2.251	0.118049
2.252	0.118288
2.253	0.118318
2.254	0.117942
2.255	0.117607
2.2559	0.117395
2.2569	0.11706
2.2579	0.11653
2.2589	0.11572
2.2599	0.114485
2.2609	0.11342
2.2618	0.112688
2.2628	0.11228
2.2638	0.111592
2.2648	0.11051
2.2658	0.109612
2.2668	0.109328
2.2678	0.109345
2.2688	0.109135
2.2698	0.109389
2.2708	0.110158
2.2718	0.110891
2.2728	0.111872
2.2738	0.113186
2.2747	0.114409
2.2757	0.115883
2.2767	0.117546
2.2777	0.11925
2.2787	0.12082
2.2798	0.122053
2.2808	0.123413
2.2818	0.124248
2.2828	0.12529
2.2838	0.126347
2.2848	0.126967
2.2858	0.128105
2.2868	0.128767
2.2878	0.129414
2.2888	0.129944
2.2898	0.130349
2.2908	0.131162
2.2918	0.131858
2.2929	0.132461
2.2939	0.132685
2.2949	0.132829
2.2959	0.133024
2.2969	0.133112
2.2979	0.133379
2.299	0.134177
2.3	0.134763
2.301	0.135122
2.302	0.135232
2.303	0.134975
2.3041	0.135471
2.3051	0.136023
2.3061	0.136062
2.3071	0.135698
2.3082	0.135475
2.3092	0.135341
2.3102	0.135351
2.3113	0.135544
2.3123	0.135451
2.3133	0.135456
2.3144	0.135437
2.3154	0.135271
2.3164	0.135395
2.3175	0.135664
2.3185	0.135271
2.3195	0.134743
2.3206	0.134677
2.3216	0.134768
2.3226	0.134084
2.3237	0.133269
2.3247	0.132946
2.3258	0.133029
2.3268	0.133005
2.3279	0.132766
2.3289	0.13197
2.33	0.130935
2.331	0.130219
2.3321	0.129925
2.3331	0.129216
2.3342	0.128322
2.3352	0.128095
2.3363	0.127361
2.3373	0.126291
2.3384	0.12531
2.3394	0.124467
2.3405	0.123652
2.3415	0.122746
2.3426	0.122046
2.3436	0.121406
2.3447	0.120608
2.3458	0.119502
2.3468	0.117932
2.3479	0.116457
2.349	0.115781
2.35	0.114897
2.3511	0.113449
2.3522	0.112468
2.3532	0.111604
2.3543	0.110385
2.3554	0.109055
2.3564	0.107761
2.3575	0.10654
2.3586	0.105556
2.3597	0.104734
2.3607	0.103188
2.3618	0.101933
2.3629	0.100524
2.364	0.099114
2.365	0.097734
2.3661	0.096274
2.3672	0.094397
2.3683	0.092519
2.3694	0.091081
2.3704	0.089387
2.3715	0.088078
2.3726	0.08655
2.3737	0.084389
2.3748	0.082463
2.3759	0.081074
2.377	0.079668
2.3781	0.077698
2.3791	0.075984
2.3802	0.074458
2.3813	0.072629
2.3824	0.071057
2.3835	0.06966
2.3846	0.067993
2.3857	0.065713
2.3868	0.063624
2.3879	0.062707
2.389	0.06144
2.3901	0.059538
2.3912	0.057656
2.3923	0.055935
2.3934	0.054328
2.3945	0.052859
2.3956	0.051499
2.3967	0.049621
2.3979	0.048271
2.399	0.047182
2.4001	0.045724
2.4012	0.044524
2.4023	0.043523
2.4034	0.042373
2.4045	0.041128
2.4056	0.040044
2.4068	0.039368
2.4079	0.038662
2.409	0.03833
2.4101	0.038003
2.4112	0.037192
2.4124	0.036628
2.4135	0.036257
2.4146	0.035889
2.4157	0.035393
2.4169	0.034343
2.418	0.033523
2.4191	0.033489
2.4202	0.033642
2.4214	0.033501
2.4225	0.03335
2.4236	0.033328
2.4248	0.033105
2.4259	0.033181
2.427	0.033054
2.4282	0.032324
2.4293	0.032056
2.4305	0.031997
2.4316	0.031946
2.4327	0.031501
2.4339	0.03146
2.435	0.031413
2.4362	0.031484
2.4373	0.031404
2.4385	0.031704
2.4396	0.031633
2.4408	0.030891
2.4419	0.03051
2.4431	0.030622
2.4442	0.030515
2.4454	0.030747
2.4465	0.031128
2.4477	0.030854
2.4488	0.030503
2.45	0.030742
2.4511	0.03073
2.4523	0.030386
2.4535	0.030115
2.4546	0.029541
2.4558	0.029416
2.4569	0.029536
2.4581	0.029394
2.4593	0.029302
2.4604	0.02907
2.4616	0.029072
2.4628	0.029167
2.464	0.028562
2.4651	0.028362
2.4663	0.029055
2.4675	0.028931
2.4686	0.028621
2.4698	0.028618
2.471	0.028318
2.4722	0.027959
2.4734	0.02791
2.4745	0.028026
2.4757	0.027795
2.4769	0.02741
2.4781	0.027358
2.4793	0.027429
2.4805	0.027637
2.4816	0.027537
2.4828	0.027615
2.484	0.027937
2.4852	0.027414
2.4864	0.026882
2.4876	0.027109
2.4888	0.026885
2.49	0.026843
2.4912	0.027078
2.4924	0.027041
2.4936	0.027165
2.4948	0.027666
2.496	0.028122
2.4972	0.028184
2.4984	0.028115
2.4996	0.027783
2.5008	0.027388
2.502	0.027356
2.5032	0.027307
2.5044	0.027224
2.5056	0.027468
2.5068	0.027507
2.5081	0.027646
2.5093	0.028203
2.5105	0.028667
2.5117	0.028376
2.5129	0.028489
2.5141	0.028816
2.5154	0.028767
2.5166	0.028562
2.5178	0.028938
2.519	0.029241
2.5202	0.029473
2.5215	0.029521
2.5227	0.029316
2.5239	0.029573
2.5252	0.029507
2.5264	0.029419
2.5276	0.029297
2.5289	0.029363
2.5301	0.029236
2.5313	0.029038
2.5326	0.028796
2.5338	0.029343
2.535	0.029629
2.5363	0.029419
2.5375	0.028976
2.5388	0.028828
2.54	0.028809
2.5413	0.028635
2.5425	0.028542
2.5437	0.027961
2.545	0.027947
2.5462	0.028171
2.5475	0.02793
2.5487	0.027781
2.55	0.027539
2.5513	0.027297
2.5525	0.027524
2.5538	0.027273
2.555	0.026785
2.5563	0.026545
2.5575	0.026489
2.5588	0.026797
2.5601	0.027017
2.5613	0.026719
2.5626	0.026079
2.5639	0.026155
2.5651	0.026789
2.5664	0.026787
2.5677	0.026489
2.569	0.026169
2.5702	0.025952
2.5715	0.025427
2.5728	0.025166
2.5741	0.025796
2.5753	0.02594
2.5766	0.025586
2.5779	0.025349
2.5792	0.025083
2.5805	0.025474
2.5817	0.025876
2.583	0.025478
2.5843	0.025054
2.5856	0.025224
2.5869	0.025652
2.5882	0.02584
2.5895	0.025752
2.5908	0.025549
2.5921	0.025295
2.5934	0.024761
2.5947	0.024753
2.596	0.025359
2.5973	0.025386
2.5986	0.024783
2.5999	0.024692
2.6012	0.02479
2.6025	0.024487
2.6038	0.024023
2.6051	0.024082
2.6064	0.024246
2.6077	0.024351
2.609	0.024331
2.6103	0.023974
2.6117	0.023984
2.613	0.023624
2.6143	0.023093
2.6156	0.023149
2.6169	0.023457
2.6183	0.023645
2.6196	0.023486
2.6209	0.023472
2.6222	0.023806
2.6236	0.023774
2.6249	0.023726
2.6262	0.023557
2.6275	0.023005
2.6289	0.022866
2.6302	0.022622
2.6315	0.022761
2.6329	0.022856
2.6342	0.022859
2.6356	0.022478
2.6369	0.022029
2.6382	0.022104
2.6396	0.022274
2.6409	0.022019
2.6423	0.021423
2.6436	0.020972
2.645	0.020884
2.6463	0.021099
2.6477	0.021213
2.649	0.020998
2.6504	0.020427
2.6517	0.019836
2.6531	0.019416
2.6545	0.019165
2.6558	0.019319
2.6572	0.01936
2.6585	0.019097
2.6599	0.018826
2.6613	0.018589
2.6626	0.018335
2.664	0.017893
2.6654	0.017805
2.6667	0.017419
2.6681	0.017041
2.6695	0.01666
2.6709	0.01668
2.6722	0.016804
2.6736	0.016851
2.675	0.016387
2.6764	0.015857
2.6778	0.015894
2.6791	0.015591
2.6805	0.015393
2.6819	0.015627
2.6833	0.016018
2.6847	0.015937
2.6861	0.015478
2.6875	0.015166
2.6889	0.014907
2.6903	0.014631
2.6917	0.014465
2.6931	0.014426
2.6945	0.014376
2.6959	0.014167
2.6973	0.014102
2.6987	0.014006
2.7001	0.013945
2.7015	0.01375
2.7029	0.013428
2.7043	0.013372
2.7057	0.012683
2.7071	0.012488
2.7085	0.012852
2.71	0.012727
2.7114	0.012246
2.7128	0.012109
2.7142	0.011899
2.7156	0.011587
2.7171	0.011504
2.7185	0.011443
2.7199	0.011267
2.7213	0.010952
2.7228	0.011018
2.7242	0.011147
2.7256	0.011001
2.7271	0.010945
2.7285	0.011016
2.7299	0.010564
2.7314	0.010356
2.7328	0.01019
2.7343	0.010027
2.7357	0.010259
2.7371	0.009951
2.7386	0.009336
2.74	0.0097
2.7415	0.010327
2.7429	0.010161
2.7444	0.009939
2.7458	0.009988
2.7473	0.009739
2.7488	0.00928
2.7502	0.009309
2.7517	0.009236
2.7531	0.008955
2.7546	0.008877
2.7561	0.009004
2.7575	0.008979
2.759	0.00866
2.7605	0.008406
2.7619	0.008596
2.7634	0.008708
2.7649	0.008728
2.7664	0.008779
2.7678	0.008616
2.7693	0.008689
2.7708	0.00894
2.7723	0.008826
2.7738	0.008936
2.7752	0.008987
2.7767	0.009145
2.7782	0.009192
2.7797	0.008999
2.7812	0.008904
2.7827	0.009243
2.7842	0.009573
2.7857	0.009874
2.7872	0.010049
2.7887	0.010542
2.7902	0.010906
2.7917	0.01168
2.7932	0.012319
2.7947	0.01269
2.7962	0.013135
2.7977	0.013779
2.7992	0.014558
2.8007	0.015471
2.8022	0.016851
2.8038	0.017605
2.8053	0.018667
2.8068	0.020251
2.8083	0.021182
2.8098	0.021868
2.8114	0.023164
2.8129	0.024282
2.8144	0.025376
2.8159	0.026804
2.8175	0.027698
2.819	0.028389
2.8205	0.029187
2.8221	0.029812
2.8236	0.02991
2.8252	0.029741
2.8267	0.029849
2.8282	0.029726
2.8298	0.029128
2.8313	0.02854
2.8329	0.028381
2.8344	0.02823
2.836	0.027773
2.8375	0.027331
2.8391	0.026706
2.8406	0.025989
2.8422	0.025413
2.8437	0.024731
2.8453	0.024123
2.8469	0.023391
2.8484	0.022598
2.85	0.022297
2.8516	0.022174
2.8531	0.02168
2.8547	0.020924
2.8563	0.020388
2.8579	0.020283
2.8594	0.019978
2.861	0.019299
2.8626	0.018938
2.8642	0.018806
2.8658	0.018376
2.8673	0.017961
2.8689	0.017376
2.8705	0.016843
2.8721	0.017017
2.8737	0.017231
2.8753	0.016694
2.8769	0.01634
2.8785	0.016287
2.8801	0.016047
2.8817	0.015911
2.8833	0.015908
2.8849	0.015669
2.8865	0.015249
2.8881	0.01533
2.8897	0.015324
2.8913	0.015166
2.8929	0.015417
2.8946	0.015769
2.8962	0.015862
2.8978	0.015881
2.8994	0.015977
2.901	0.016462
2.9027	0.017012
2.9043	0.017747
2.9059	0.018689
2.9075	0.019607
2.9092	0.020862
2.9108	0.022053
2.9124	0.023362
2.9141	0.024844
2.9157	0.026523
2.9174	0.027988
2.919	0.02946
2.9207	0.031199
2.9223	0.032891
2.9239	0.034128
2.9256	0.0351
2.9272	0.035918
2.9289	0.036374
2.9306	0.037173
2.9322	0.037414
2.9339	0.037026
2.9355	0.037076
2.9372	0.036995
2.9389	0.036597
2.9405	0.03582
2.9422	0.034866
2.9439	0.034448
2.9455	0.034106
2.9472	0.032886
2.9489	0.031667
2.9506	0.030867
2.9523	0.030337
2.9539	0.029739
2.9556	0.028865
2.9573	0.027903
2.959	0.027334
2.9607	0.02667
2.9624	0.02606
2.9641	0.025632
2.9658	0.025271
2.9675	0.02491
2.9692	0.024451
2.9709	0.02416
2.9726	0.024102
2.9743	0.023865
2.976	0.023601
2.9777	0.023359
2.9794	0.023223
2.9811	0.022976
2.9828	0.022734
2.9845	0.022505
2.9863	0.022305
2.988	0.022334
2.9897	0.022134
2.9914	0.021787
2.9932	0.021689
2.9949	0.021802
2.9966	0.021785
2.9984	0.021858
3.0001	0.022163
3.0018	0.022095
3.0036	0.021731
3.0053	0.021697
3.007	0.021621
3.0088	0.021619
3.0105	0.021587
3.0123	0.021555
3.014	0.021357
3.0158	0.021228
3.0176	0.021462
3.0193	0.021377
3.0211	0.020889
3.0228	0.020681
3.0246	0.020867
3.0264	0.020894
3.0281	0.02094
3.0299	0.020962
3.0317	0.020749
3.0334	0.020613
3.0352	0.020432
3.037	0.02021
3.0388	0.020232
3.0406	0.020295
3.0423	0.020217
3.0441	0.020386
3.0459	0.020239
3.0477	0.0199
3.0495	0.019648
3.0513	0.019785
3.0531	0.02001
3.0549	0.019954
3.0567	0.019888
3.0585	0.019958
3.0603	0.020019
3.0621	0.019966
3.0639	0.019707
3.0657	0.019607
3.0675	0.019653
3.0694	0.019543
3.0712	0.019141
3.073	0.019287
3.0748	0.01977
3.0766	0.019878
3.0785	0.019836
3.0803	0.01977
3.0821	0.019795
3.084	0.019739
3.0858	0.019768
3.0876	0.019856
3.0895	0.0198
3.0913	0.019814
3.0932	0.019919
3.095	0.020159
3.0969	0.020183
3.0987	0.019866
3.1006	0.019631
3.1024	0.019624
3.1043	0.019556
3.1061	0.019558
3.108	0.019509
3.1099	0.019429
3.1117	0.019507
3.1136	0.019709
3.1155	0.019668
3.1174	0.019497
3.1192	0.019504
3.1211	0.019604
3.123	0.019524
3.1249	0.019648
3.1268	0.01977
3.1286	0.019529
3.1305	0.019114
3.1324	0.019109
3.1343	0.019302
3.1362	0.019353
3.1381	0.01958
3.14	0.019748
3.1419	0.019529
3.1438	0.019309
3.1457	0.019316
3.1476	0.019214
3.1495	0.019031
3.1515	0.019031
3.1534	0.019082
3.1553	0.019133
3.1572	0.019123
3.1591	0.019145
3.1611	0.019531
3.163	0.019863
3.1649	0.019709
3.1669	0.019409
3.1688	0.019431
3.1707	0.01959
3.1727	0.019727
3.1746	0.01957
3.1766	0.019473
3.1785	0.019653
3.1805	0.019492
3.1824	0.019311
3.1844	0.019092
3.1863	0.019155
3.1883	0.019446
3.1902	0.019526
3.1922	0.019573
3.1942	0.019626
3.1961	0.019729
3.1981	0.019685
3.2001	0.019678
3.2021	0.019644
3.204	0.0197
3.206	0.019856
3.208	0.019939
3.21	0.019851
3.212	0.019692
3.214	0.019956
3.216	0.020122
3.218	0.019944
3.22	0.019705
3.222	0.019856
3.224	0.019951
3.226	0.019851
3.228	0.019873
3.23	0.019949
3.232	0.020178
3.234	0.020498
3.2361	0.020469
3.2381	0.020327
3.2401	0.020254
3.2421	0.020249
3.2442	0.020315
3.2462	0.020447
3.2482	0.020813
3.2503	0.021018
3.2523	0.02095
3.2543	0.020723
3.2564	0.020923
3.2584	0.021177
3.2605	0.021411
3.2625	0.021626
3.2646	0.021692
3.2666	0.021572
3.2687	0.02155
3.2708	0.021636
3.2728	0.021606
3.2749	0.021738
3.277	0.021841
3.279	0.021907
3.2811	0.022229
3.2832	0.022446
3.2853	0.022744
3.2874	0.022949
3.2894	0.023124
3.2915	0.023245
3.2936	0.023369
3.2957	0.023828
3.2978	0.024016
3.2999	0.023884
3.302	0.024228
3.3041	0.024626
3.3062	0.024878
3.3083	0.024914
3.3104	0.024997
3.3126	0.025261
3.3147	0.025432
3.3168	0.025513
3.3189	0.025759
3.321	0.02603
3.3232	0.026064
3.3253	0.026421
3.3274	0.026802
3.3296	0.027202
3.3317	0.027468
3.3339	0.027598
3.336	0.027812
3.3382	0.028132
3.3403	0.028406
3.3425	0.028523
3.3446	0.028647
3.3468	0.02865
3.3489	0.028911
3.3511	0.029246
3.3533	0.02937
3.3554	0.029543
3.3576	0.029831
3.3598	0.030137
3.362	0.030381
3.3641	0.030642
3.3663	0.03126
3.3685	0.031636
3.3707	0.032153
3.3729	0.032559
3.3751	0.032724
3.3773	0.032883
3.3795	0.033279
3.3817	0.033735
3.3839	0.034209
3.3861	0.034412
3.3883	0.034773
3.3906	0.035142
3.3928	0.035349
3.395	0.035847
3.3972	0.036196
3.3994	0.036406
3.4017	0.036843
3.4039	0.037427
3.4061	0.037778
3.4084	0.038147
3.4106	0.038662
3.4129	0.038806
3.4151	0.038791
3.4174	0.03917
3.4196	0.039873
3.4219	0.040271
3.4241	0.040508
3.4264	0.040889
3.4287	0.041316
3.4309	0.041619
3.4332	0.041711
3.4355	0.042097
3.4378	0.042515
3.44	0.042829
3.4423	0.043198
3.4446	0.043642
3.4469	0.044255
3.4492	0.044736
3.4515	0.044924
3.4538	0.045102
3.4561	0.045539
3.4584	0.045896
3.4607	0.046272
3.463	0.046626
3.4653	0.046877
3.4677	0.04699
3.47	0.047173
3.4723	0.047497
3.4746	0.0478
3.477	0.048191
3.4793	0.048574
3.4816	0.04914
3.484	0.049692
3.4863	0.04998
3.4887	0.050422
3.491	0.05084
3.4934	0.051267
3.4957	0.051804
3.4981	0.052112
3.5004	0.052512
3.5028	0.052988
3.5052	0.053398
3.5075	0.053674
3.5099	0.054084
3.5123	0.054541
3.5147	0.05498
3.5171	0.055417
3.5195	0.055784
3.5218	0.056023
3.5242	0.056167
3.5266	0.056296
3.529	0.056601
3.5314	0.056965
3.5338	0.057461
3.5363	0.058164
3.5387	0.058413
3.5411	0.058613
3.5435	0.05905
3.5459	0.059543
3.5484	0.059676
3.5508	0.06011
3.5532	0.060827
3.5557	0.061369
3.5581	0.061836
3.5605	0.062253
3.563	0.062544
3.5654	0.06281
3.5679	0.063591
3.5704	0.064414
3.5728	0.065041
3.5753	0.065405
3.5777	0.065818
3.5802	0.066272
3.5827	0.066953
3.5852	0.067707
3.5876	0.068396
3.5901	0.069123
3.5926	0.069668
3.5951	0.070449
3.5976	0.071264
3.6001	0.07178
3.6026	0.072561
3.6051	0.073554
3.6076	0.074525
3.6101	0.075232
3.6127	0.075664
3.6152	0.076335
3.6177	0.077077
3.6202	0.077732
3.6227	0.078435
3.6253	0.079424
3.6278	0.080149
3.6304	0.080478
3.6329	0.080932
3.6355	0.081865
3.638	0.082558
3.6406	0.083161
3.6431	0.083916
3.6457	0.084597
3.6482	0.085398
3.6508	0.086328
3.6534	0.086924
3.656	0.087261
3.6585	0.087795
3.6611	0.088535
3.6637	0.089194
3.6663	0.089797
3.6689	0.090351
3.6715	0.090923
3.6741	0.091628
3.6767	0.092031
3.6793	0.092402
3.6819	0.093149
3.6845	0.093579
3.6872	0.09385
3.6898	0.094482
3.6924	0.094983
3.695	0.09532
3.6977	0.095537
3.7003	0.095573
3.703	0.096125
3.7056	0.096379
3.7083	0.096421
3.7109	0.096623
3.7136	0.096721
3.7162	0.096662
3.7189	0.096606
3.7216	0.096467
3.7242	0.096443
3.7269	0.096667
3.7296	0.096777
3.7323	0.097212
3.735	0.097688
3.7377	0.098022
3.7404	0.098027
3.7431	0.098015
3.7458	0.098266
3.7485	0.098623
3.7512	0.098816
3.7539	0.098977
3.7566	0.099236
3.7594	0.099353
3.7621	0.09924
3.7648	0.09927
3.7676	0.099382
3.7703	0.099472
3.773	0.099465
3.7758	0.099497
3.7785	0.099565
3.7813	0.099563
3.7841	0.099458
3.7868	0.099521
3.7896	0.099331
3.7924	0.099118
3.7951	0.099148
3.7979	0.099199
3.8007	0.099323
3.8035	0.09906
3.8063	0.098845
3.8091	0.098894
3.8119	0.09904
3.8147	0.099106
3.8175	0.098977
3.8203	0.098869
3.8231	0.098672
3.8259	0.098257
3.8288	0.097771
3.8316	0.097614
3.8344	0.097312
3.8373	0.096914
3.8401	0.096238
3.843	0.095649
3.8458	0.095447
3.8487	0.095027
3.8515	0.094067
3.8544	0.092566
3.8573	0.090786
3.8601	0.088882
3.863	0.086745
3.8659	0.084225
3.8688	0.082063
3.8717	0.081089
3.8746	0.081413
3.8775	0.082737
3.8804	0.084387
3.8833	0.085947
3.8862	0.087419
3.8891	0.088581
3.892	0.089013
3.8949	0.088991
3.8979	0.088664
3.9008	0.08842
3.9037	0.088305
3.9067	0.087993
3.9096	0.087656
3.9126	0.087077
3.9155	0.086242
3.9185	0.08562
3.9214	0.084731
3.9244	0.083801
3.9274	0.083008
3.9304	0.082136
3.9333	0.081206
3.9363	0.080278
3.9393	0.07914
3.9423	0.07761
3.9453	0.076094
3.9483	0.074678
3.9513	0.073074
3.9544	0.071264
3.9574	0.069438
3.9604	0.067366
3.9634	0.065349
3.9665	0.063606
3.9695	0.062112
3.9725	0.061045
3.9756	0.060759
3.9786	0.061116
3.9817	0.061555
3.9847	0.062207
3.9878	0.06311
3.9909	0.063782
3.994	0.064172
3.997	0.064451
4.0001	0.064194
