0.431	0.003652
0.432	0.006951
0.433	0.010085
0.434	0.010147
0.435	0.012387
0.436	0.009353
0.437	0.011269
0.438	0.014221
0.439	0.015839
0.44	0.017094
0.441	0.016627
0.442	0.017807
0.443	0.020709
0.444	0.021675
0.445	0.024192
0.446	0.024483
0.447	0.028305
0.448	0.029775
0.449	0.031666
0.45	0.033561
0.451	0.03299
0.452	0.034787
0.453	0.039626
0.454	0.038928
0.455	0.039724
0.456	0.040337
0.457	0.042509
0.458	0.043101
0.459	0.042307
0.46	0.041273
0.461	0.046126
0.462	0.045467
0.463	0.047891
0.464	0.049005
0.465	0.048369
0.466	0.048273
0.467	0.048177
0.468	0.049197
0.469	0.050509
0.47	0.05201
0.471	0.052109
0.472	0.050706
0.473	0.054811
0.474	0.055117
0.475	0.057029
0.476	0.058144
0.477	0.056925
0.478	0.059643
0.479	0.059537
0.48	0.062003
0.481	0.06161
0.482	0.063563
0.483	0.066577
0.484	0.064276
0.485	0.065686
0.486	0.06773
0.487	0.06868
0.488	0.06913
0.489	0.06925
0.49	0.07043
0.491	0.07116
0.492	0.07579
0.493	0.07765
0.494	0.07598
0.495	0.07703
0.496	0.0775
0.497	0.08121
0.498	0.08238
0.499	0.08689
0.5	0.08538
0.501	0.08667
0.502	0.08604
0.503	0.08808
0.504	0.08846
0.505	0.09285
0.506	0.09169
0.507	0.09349
0.508	0.09658
0.509	0.09787
0.51	0.10059
0.511	0.10073
0.512	0.10093
0.513	0.10222
0.514	0.10263
0.515	0.10644
0.516	0.10493
0.517	0.10792
0.518	0.10876
0.519	0.11216
0.52	0.11259
0.521	0.11078
0.522	0.11509
0.523	0.1185
0.524	0.1188
0.525	0.11682
0.526	0.11797
0.527	0.12254
0.528	0.12658
0.529	0.12929
0.53	0.12852
0.531	0.1319
0.532	0.13092
0.533	0.13092
0.534	0.13107
0.535	0.13266
0.536	0.1388
0.537	0.14169
0.538	0.142
0.539	0.14243
0.54	0.14338
0.541	0.14689
0.542	0.15189
0.543	0.15172
0.544	0.15548
0.545	0.15814
0.546	0.15865
0.547	0.16123
0.548	0.15965
0.549	0.16226
0.55	0.1641
0.551	0.16456
0.552	0.16444
0.553	0.16889
0.554	0.16861
0.555	0.17371
0.556	0.17674
0.557	0.17834
0.558	0.1798
0.559	0.18487
0.56	0.19055
0.561	0.19255
0.562	0.19713
0.563	0.19972
0.564	0.20489
0.565	0.21093
0.566	0.21201
0.567	0.21139
0.568	0.21354
0.569	0.2148
0.57	0.21953
0.571	0.2204
0.572	0.22448
0.573	0.22746
0.574	0.22761
0.575	0.23267
0.576	0.23163
0.577	0.23415
0.578	0.23582
0.579	0.24034
0.58	0.24019
0.581	0.23879
0.582	0.24098
0.583	0.24569
0.584	0.24798
0.585	0.24192
0.586	0.24774
0.587	0.25223
0.588	0.25101
0.589	0.25357
0.59	0.2554
0.591	0.25748
0.592	0.25932
0.593	0.25931
0.594	0.25809
0.595	0.25986
0.596	0.26169
0.597	0.2611
0.598	0.26302
0.599	0.26419
0.6	0.26353
0.601	0.26156
0.602	0.26247
0.603	0.26304
0.604	0.26516
0.605	0.26548
0.606	0.26678
0.607	0.2658
0.608	0.26542
0.609	0.26945
0.61	0.27229
0.611	0.27875
0.612	0.27614
0.613	0.27614
0.614	0.27589
0.615	0.27853
0.616	0.27881
0.617	0.28061
0.618	0.27709
0.619	0.27916
0.62	0.28298
0.621	0.28709
0.622	0.28735
0.623	0.28365
0.624	0.2889
0.625	0.28993
0.626	0.28581
0.627	0.28736
0.628	0.28685
0.629	0.28864
0.63	0.28787
0.631	0.28941
0.632	0.292
0.633	0.29226
0.634	0.292
0.635	0.29272
0.636	0.29044
0.637	0.28931
0.638	0.29274
0.639	0.29584
0.64	0.30129
0.641	0.297
0.642	0.29572
0.643	0.29739
0.644	0.29452
0.645	0.29911
0.646	0.30227
0.647	0.30452
0.648	0.30448
0.649	0.30479
0.65	0.30533
0.651	0.30586
0.652	0.30404
0.653	0.3079
0.654	0.31162
0.655	0.31169
0.656	0.30974
0.657	0.30753
0.658	0.30983
0.659	0.31012
0.66	0.30858
0.661	0.31111
0.662	0.31578
0.663	0.31442
0.664	0.31333
0.665	0.31442
0.666	0.31407
0.667	0.31219
0.668	0.31535
0.669	0.31982
0.67	0.32174
0.671	0.3208
0.672	0.317
0.673	0.32125
0.674	0.3218
0.675	0.32319
0.676	0.32547
0.677	0.32439
0.678	0.32411
0.679	0.32551
0.68	0.32445
0.681	0.32767
0.682	0.32867
0.683	0.32683
0.684	0.32628
0.685	0.32209
0.686	0.32445
0.687	0.32771
0.688	0.32923
0.689	0.33222
0.69	0.32935
0.691	0.32991
0.692	0.33492
0.693	0.33541
0.694	0.33924
0.695	0.3426
0.696	0.3402
0.697	0.3411
0.698	0.34243
0.699	0.3501
0.7	0.33891
0.701	0.33934
0.702	0.33696
0.703	0.33958
0.704	0.33766
0.705	0.34055
0.706	0.34261
0.707	0.34596
0.708	0.34613
0.709	0.34401
0.71	0.34641
0.711	0.345
0.712	0.34415
0.713	0.34441
0.714	0.34577
0.715	0.34617
0.716	0.3474
0.717	0.34767
0.718	0.34767
0.719	0.35054
0.72	0.35292
0.721	0.35387
0.722	0.3515
0.723	0.35216
0.724	0.3533
0.725	0.35482
0.726	0.35482
0.727	0.35283
0.728	0.3552
0.729	0.35406
0.73	0.35349
0.731	0.35349
0.732	0.35282
0.733	0.35709
0.734	0.35919
0.735	0.35927
0.736	0.35878
0.737	0.3569
0.738	0.35747
0.739	0.35576
0.74	0.35727
0.741	0.36239
0.742	0.3621
0.743	0.36181
0.744	0.36095
0.745	0.3614
0.746	0.36147
0.747	0.36262
0.748	0.36254
0.749	0.36709
0.75	0.37041
0.751	0.36521
0.752	0.36657
0.753	0.36444
0.754	0.37071
0.755	0.36827
0.756	0.36444
0.757	0.36538
0.758	0.37234
0.759	0.37416
0.76	0.37086
0.761	0.3715
0.762	0.37185
0.763	0.37005
0.764	0.36883
0.765	0.37063
0.766	0.37011
0.767	0.37127
0.768	0.37547
0.769	0.37191
0.77	0.37645
0.771	0.37018
0.772	0.37076
0.773	0.37319
0.774	0.37615
0.775	0.37533
0.776	0.37839
0.777	0.37693
0.778	0.37927
0.779	0.38137
0.78	0.38348
0.781	0.38437
0.782	0.37801
0.783	0.37898
0.784	0.38018
0.785	0.37697
0.786	0.37818
0.787	0.38114
0.788	0.38031
0.789	0.37968
0.79	0.37964
0.791	0.37993
0.792	0.38384
0.793	0.37997
0.794	0.37908
0.795	0.37527
0.796	0.3806
0.797	0.37534
0.798	0.37964
0.799	0.37964
0.8	0.37964
0.804	0.37762
0.808	0.37832
0.812	0.37385
0.816	0.37424
0.82	0.37409
0.824	0.37569
0.828	0.36886
0.832	0.37409
0.836	0.37208
0.84	0.37274
0.844	0.37311
0.848	0.36954
0.852	0.36852
0.856	0.36854
0.86	0.36527
0.864	0.36803
0.868	0.36921
0.872	0.3683
0.876	0.36778
0.88	0.36837
0.884	0.36993
0.888	0.36903
0.892	0.3689
0.896	0.37046
0.9	0.37278
0.904	0.37335
0.908	0.37278
0.912	0.37316
0.916	0.37264
0.92	0.37432
0.924	0.3778
0.928	0.3746
0.932	0.37357
0.936	0.37382
0.94	0.37575
0.944	0.37691
0.948	0.37639
0.952	0.37562
0.956	0.376
0.96	0.37793
0.964	0.3751
0.968	0.37192
0.972	0.37865
0.976	0.38046
0.98	0.38181
0.984	0.38218
0.988	0.38479
0.992	0.37926
0.996	0.38218
1	0.38246
1.004	0.38167
1.008	0.3837
1.012	0.38251
1.016	0.37568
1.02	0.37668
1.024	0.38531
1.028	0.38739
1.032	0.38603
1.036	0.3884
1.04	0.38892
1.044	0.38474
1.048	0.38633
1.052	0.3909
1.056	0.39185
1.06	0.39049
1.064	0.39081
1.068	0.39107
1.072	0.39124
1.076	0.38755
1.08	0.38995
1.084	0.39751
1.088	0.39176
1.092	0.38874
1.096	0.39177
1.1	0.39435
1.104	0.39797
1.108	0.39843
1.112	0.39849
1.116	0.40086
1.12	0.40149
1.124	0.39889
1.128	0.39594
1.132	0.39465
1.136	0.39692
1.14	0.3951
1.144	0.39161
1.148	0.39271
1.152	0.39608
1.156	0.39724
1.16	0.40178
1.164	0.40225
1.168	0.40199
1.172	0.40335
1.176	0.40252
1.18	0.40382
1.184	0.4022
1.188	0.40314
1.192	0.40445
1.196	0.4063
1.2	0.4063
1.204	0.40862
1.208	0.40999
1.212	0.41273
1.216	0.40892
1.22	0.40472
1.224	0.40623
1.228	0.41273
1.232	0.41656
1.236	0.41687
1.24	0.41826
1.244	0.41893
1.248	0.41948
1.252	0.41922
1.256	0.41176
1.26	0.40855
1.264	0.41088
1.268	0.4109
1.272	0.4104
1.276	0.41284
1.28	0.41474
1.284	0.4163
1.288	0.41852
1.292	0.42013
1.296	0.42066
1.3	0.42199
1.304	0.42199
1.308	0.42253
1.312	0.41908
1.316	0.41961
1.32	0.41856
1.324	0.41855
1.328	0.42226
1.332	0.43058
1.336	0.43086
1.34	0.42934
1.344	0.42412
1.348	0.42799
1.352	0.43189
1.356	0.4257
1.36	0.42197
1.364	0.42572
1.368	0.42587
1.372	0.41787
1.376	0.41189
1.38	0.41083
1.384	0.40941
1.388	0.40483
1.392	0.40324
1.396	0.40118
1.4	0.39611
1.404	0.39301
1.408	0.39205
1.412	0.39662
1.416	0.40305
1.42	0.40733
1.424	0.41184
1.428	0.41184
1.432	0.41185
1.436	0.41482
1.44	0.41475
1.444	0.41669
1.448	0.41743
1.452	0.41775
1.456	0.41486
1.46	0.41716
1.464	0.41848
1.468	0.4198
1.472	0.42145
1.476	0.42438
1.48	0.42171
1.484	0.41932
1.488	0.41665
1.492	0.41775
1.496	0.41696
1.5	0.41879
1.504	0.42035
1.508	0.42373
1.512	0.42373
1.516	0.42293
1.52	0.42396
1.524	0.42579
1.528	0.42967
1.532	0.42971
1.536	0.43208
1.54	0.43262
1.544	0.43601
1.548	0.43517
1.552	0.43249
1.556	0.43193
1.56	0.43143
1.564	0.43172
1.568	0.43359
1.572	0.43751
1.576	0.43666
1.58	0.43373
1.584	0.43349
1.588	0.43509
1.592	0.43567
1.596	0.43303
1.6	0.4317
1.604	0.42932
1.608	0.43034
1.612	0.43869
1.616	0.43816
1.62	0.43526
1.624	0.43713
1.628	0.43761
1.632	0.43601
1.636	0.43628
1.64	0.4412
1.644	0.44142
1.648	0.43878
1.652	0.43871
1.656	0.44154
1.66	0.44025
1.664	0.439
1.668	0.43584
1.672	0.43686
1.676	0.43792
1.68	0.43788
1.684	0.44147
1.688	0.44273
1.692	0.441
1.696	0.44154
1.7	0.4452
1.704	0.4459
1.708	0.44353
1.712	0.44329
1.716	0.44407
1.72	0.44132
1.724	0.44218
1.728	0.44347
1.732	0.44504
1.736	0.44369
1.74	0.44047
1.744	0.4394
1.748	0.4394
1.752	0.43869
1.756	0.43798
1.76	0.43825
1.764	0.44107
1.768	0.44
1.772	0.43843
1.776	0.43763
1.78	0.43608
1.784	0.43684
1.788	0.43834
1.792	0.43984
1.796	0.43547
1.8	0.43983
1.804	0.44191
1.808	0.44461
1.812	0.44596
1.816	0.44698
1.82	0.44407
1.824	0.44144
1.828	0.44117
1.832	0.43692
1.836	0.43339
1.84	0.43685
1.844	0.44336
1.848	0.44459
1.852	0.43889
1.856	0.43726
1.86	0.42963
1.864	0.42237
1.868	0.41728
1.872	0.41421
1.876	0.41421
1.88	0.40602
1.884	0.39687
1.888	0.38267
1.892	0.37122
1.896	0.35806
1.9	0.34649
1.904	0.34248
1.908	0.34122
1.912	0.33968
1.916	0.33939
1.92	0.33973
1.924	0.34576
1.928	0.35066
1.932	0.35363
1.936	0.35489
1.94	0.35895
1.944	0.36163
1.948	0.36591
1.952	0.36746
1.956	0.37128
1.96	0.37283
1.964	0.37415
1.968	0.37377
1.972	0.37485
1.976	0.37894
1.98	0.38217
1.984	0.38324
1.988	0.385
1.992	0.38905
1.996	0.39359
2	0.39515
2.004	0.39692
2.008	0.39795
2.012	0.39992
2.016	0.40289
2.02	0.40438
2.024	0.4071
2.028	0.41028
2.032	0.41055
2.036	0.41154
2.04	0.40984
2.044	0.41132
2.048	0.41523
2.052	0.41548
2.056	0.41719
2.06	0.41987
2.064	0.41864
2.068	0.41669
2.072	0.41717
2.076	0.41963
2.0795	0.41865
2.0803	0.41959
2.0812	0.41999
2.082	0.4198
2.0828	0.41955
2.0837	0.41921
2.0845	0.41895
2.0853	0.41887
2.0862	0.41895
2.087	0.41914
2.0879	0.41934
2.0887	0.41946
2.0895	0.41944
2.0904	0.41926
2.0912	0.41897
2.0921	0.41864
2.0929	0.41837
2.0938	0.41826
2.0946	0.41834
2.0955	0.41862
2.0963	0.41905
2.0971	0.41954
2.098	0.41999
2.0988	0.42031
2.0997	0.42048
2.1005	0.42047
2.1014	0.4203
2.1023	0.41999
2.1031	0.41957
2.104	0.41908
2.1048	0.41855
2.1057	0.41801
2.1065	0.41754
2.1074	0.41717
2.1082	0.41696
2.1091	0.41689
2.11	0.41696
2.1108	0.41712
2.1117	0.41736
2.1125	0.41767
2.1134	0.41806
2.1143	0.4185
2.1151	0.41897
2.116	0.41941
2.1168	0.41974
2.1177	0.41988
2.1186	0.41982
2.1194	0.41955
2.1203	0.41912
2.1212	0.41861
2.122	0.4181
2.1229	0.41767
2.1238	0.41738
2.1247	0.41726
2.1255	0.41732
2.1264	0.41752
2.1273	0.41782
2.1281	0.41814
2.129	0.41842
2.1299	0.4186
2.1308	0.41866
2.1316	0.41862
2.1325	0.4185
2.1334	0.41836
2.1343	0.41822
2.1352	0.41811
2.136	0.41806
2.1369	0.41806
2.1378	0.4181
2.1387	0.41817
2.1396	0.41826
2.1404	0.41835
2.1413	0.4184
2.1422	0.41841
2.1431	0.41833
2.144	0.41814
2.1449	0.41782
2.1458	0.41737
2.1466	0.41682
2.1475	0.41621
2.1484	0.41563
2.1493	0.41514
2.1502	0.4148
2.1511	0.41463
2.152	0.4146
2.1529	0.41465
2.1538	0.4147
2.1547	0.4147
2.1556	0.41463
2.1565	0.4145
2.1574	0.41435
2.1583	0.41422
2.1592	0.41413
2.1601	0.41407
2.161	0.41399
2.1619	0.41384
2.1628	0.41357
2.1637	0.41319
2.1646	0.41272
2.1655	0.41222
2.1664	0.41175
2.1673	0.41136
2.1682	0.41107
2.1691	0.41088
2.17	0.41077
2.1709	0.41072
2.1718	0.41072
2.1727	0.41077
2.1736	0.41083
2.1746	0.41089
2.1755	0.41088
2.1764	0.41077
2.1773	0.41053
2.1782	0.41017
2.1791	0.40975
2.18	0.40933
2.181	0.40897
2.1819	0.40869
2.1828	0.40847
2.1837	0.40824
2.1846	0.40794
2.1856	0.40753
2.1865	0.407
2.1874	0.40638
2.1883	0.40574
2.1893	0.40513
2.1902	0.4046
2.1911	0.40415
2.192	0.40375
2.193	0.40337
2.1939	0.40299
2.1948	0.40258
2.1957	0.40215
2.1967	0.40169
2.1976	0.4012
2.1985	0.40066
2.1995	0.40005
2.2004	0.39936
2.2013	0.39858
2.2023	0.3977
2.2032	0.39676
2.2041	0.39576
2.2051	0.39476
2.206	0.3938
2.207	0.39294
2.2079	0.39224
2.2088	0.39175
2.2098	0.39151
2.2107	0.39152
2.2117	0.39173
2.2126	0.39207
2.2136	0.39247
2.2145	0.39284
2.2155	0.39312
2.2164	0.39327
2.2173	0.39329
2.2183	0.3932
2.2192	0.39303
2.2202	0.39286
2.2211	0.39274
2.2221	0.39271
2.2231	0.39283
2.224	0.39307
2.225	0.39342
2.2259	0.3938
2.2269	0.39414
2.2278	0.39441
2.2288	0.39457
2.2297	0.39467
2.2307	0.39472
2.2317	0.39478
2.2326	0.39483
2.2336	0.39488
2.2345	0.39487
2.2355	0.39476
2.2365	0.39454
2.2374	0.39422
2.2384	0.39381
2.2394	0.39335
2.2403	0.3929
2.2413	0.39247
2.2423	0.39209
2.2433	0.39175
2.2442	0.39145
2.2452	0.39118
2.2462	0.39093
2.2471	0.39069
2.2481	0.39046
2.2491	0.39023
2.2501	0.39003
2.251	0.38986
2.252	0.38976
2.253	0.38975
2.254	0.38987
2.255	0.3901
2.2559	0.39041
2.2569	0.39072
2.2579	0.391
2.2589	0.39121
2.2599	0.39136
2.2609	0.39153
2.2618	0.39177
2.2628	0.39217
2.2638	0.39273
2.2648	0.3934
2.2658	0.39407
2.2668	0.3946
2.2678	0.39488
2.2688	0.39487
2.2698	0.39459
2.2708	0.39415
2.2718	0.39366
2.2728	0.39325
2.2738	0.39297
2.2747	0.39284
2.2757	0.39281
2.2767	0.39281
2.2777	0.39276
2.2787	0.39262
2.2798	0.39235
2.2808	0.39197
2.2818	0.39152
2.2828	0.39102
2.2838	0.39049
2.2848	0.38994
2.2858	0.38937
2.2868	0.38878
2.2878	0.38817
2.2888	0.38756
2.2898	0.38697
2.2908	0.38642
2.2918	0.38593
2.2929	0.38551
2.2939	0.38514
2.2949	0.38481
2.2959	0.38451
2.2969	0.38423
2.2979	0.38394
2.299	0.38365
2.3	0.38333
2.301	0.38299
2.302	0.38262
2.303	0.38225
2.3041	0.38189
2.3051	0.38157
2.3061	0.3813
2.3071	0.38105
2.3082	0.3808
2.3092	0.38051
2.3102	0.38014
2.3113	0.37968
2.3123	0.37913
2.3133	0.37856
2.3144	0.37803
2.3154	0.37762
2.3164	0.37737
2.3175	0.37726
2.3185	0.37725
2.3195	0.37725
2.3206	0.37716
2.3216	0.37691
2.3226	0.37649
2.3237	0.37591
2.3247	0.37523
2.3258	0.37451
2.3268	0.37382
2.3279	0.37318
2.3289	0.37259
2.33	0.37205
2.331	0.37155
2.3321	0.37109
2.3331	0.37068
2.3342	0.37035
2.3352	0.37011
2.3363	0.36997
2.3373	0.36991
2.3384	0.36989
2.3394	0.36986
2.3405	0.36977
2.3415	0.36963
2.3426	0.36943
2.3436	0.36923
2.3447	0.36905
2.3458	0.36894
2.3468	0.36889
2.3479	0.36892
2.349	0.36896
2.35	0.369
2.3511	0.36899
2.3522	0.36892
2.3532	0.36881
2.3543	0.36867
2.3554	0.36857
2.3564	0.36854
2.3575	0.36862
2.3586	0.36881
2.3597	0.36908
2.3607	0.36939
2.3618	0.36969
2.3629	0.36992
2.364	0.37006
2.365	0.37009
2.3661	0.37004
2.3672	0.36994
2.3683	0.36983
2.3694	0.36973
2.3704	0.36966
2.3715	0.36959
2.3726	0.3695
2.3737	0.36936
2.3748	0.36916
2.3759	0.3689
2.377	0.36859
2.3781	0.36828
2.3791	0.36799
2.3802	0.36774
2.3813	0.36756
2.3824	0.36746
2.3835	0.36743
2.3846	0.36745
2.3857	0.3675
2.3868	0.36752
2.3879	0.36749
2.389	0.36737
2.3901	0.36719
2.3912	0.36698
2.3923	0.36678
2.3934	0.36663
2.3945	0.36654
2.3956	0.36648
2.3967	0.36642
2.3979	0.36633
2.399	0.36618
2.4001	0.36598
2.4012	0.36575
2.4023	0.36553
2.4034	0.36533
2.4045	0.36516
2.4056	0.365
2.4068	0.36484
2.4079	0.36463
2.409	0.36436
2.4101	0.36399
2.4112	0.36354
2.4124	0.36304
2.4135	0.36251
2.4146	0.36198
2.4157	0.3615
2.4169	0.36106
2.418	0.36067
2.4191	0.36032
2.4202	0.36
2.4214	0.35969
2.4225	0.3594
2.4236	0.35913
2.4248	0.35886
2.4259	0.35858
2.427	0.35827
2.4282	0.35788
2.4293	0.35739
2.4305	0.35678
2.4316	0.35605
2.4327	0.35526
2.4339	0.35446
2.435	0.35371
2.4362	0.35306
2.4373	0.35253
2.4385	0.3521
2.4396	0.35174
2.4408	0.35141
2.4419	0.35108
2.4431	0.35075
2.4442	0.35041
2.4454	0.35007
2.4465	0.34973
2.4477	0.34938
2.4488	0.34903
2.45	0.34865
2.4511	0.34827
2.4523	0.34791
2.4535	0.34758
2.4546	0.34729
2.4558	0.34704
2.4569	0.34678
2.4581	0.34648
2.4593	0.34612
2.4604	0.34569
2.4616	0.3452
2.4628	0.3447
2.464	0.34421
2.4651	0.34376
2.4663	0.34334
2.4675	0.34295
2.4686	0.34257
2.4698	0.34218
2.471	0.3418
2.4722	0.34142
2.4734	0.34106
2.4745	0.34073
2.4757	0.34042
2.4769	0.3401
2.4781	0.33976
2.4793	0.33938
2.4805	0.33894
2.4816	0.33847
2.4828	0.33798
2.484	0.33749
2.4852	0.33702
2.4864	0.33658
2.4876	0.33616
2.4888	0.33577
2.49	0.33539
2.4912	0.33505
2.4924	0.33473
2.4936	0.33445
2.4948	0.33417
2.496	0.33389
2.4972	0.33358
2.4984	0.33322
2.4996	0.33279
2.5008	0.33231
2.502	0.3318
2.5032	0.33129
2.5044	0.33084
2.5056	0.33046
2.5068	0.33018
2.5081	0.32999
2.5093	0.32984
2.5105	0.32971
2.5117	0.32957
2.5129	0.32936
2.5141	0.3291
2.5154	0.32878
2.5166	0.32844
2.5178	0.32811
2.519	0.32782
2.5202	0.32758
2.5215	0.32739
2.5227	0.32721
2.5239	0.32696
2.5252	0.32659
2.5264	0.32602
2.5276	0.32527
2.5289	0.32439
2.5301	0.3235
2.5313	0.32273
2.5326	0.32219
2.5338	0.32191
2.535	0.32186
2.5363	0.32194
2.5375	0.32204
2.5388	0.32205
2.54	0.32196
2.5413	0.32178
2.5425	0.32155
2.5437	0.3213
2.545	0.32104
2.5462	0.3208
2.5475	0.32066
2.5487	0.32073
2.55	0.32114
2.5513	0.3219
2.5525	0.32285
2.5538	0.32363
2.555	0.32377
2.5563	0.32288
2.5575	0.32087
2.5588	0.31804
2.5601	0.31504
2.5613	0.31261
2.5626	0.31133
2.5639	0.31135
2.5651	0.31238
2.5664	0.31381
2.5677	0.31498
2.569	0.31547
2.5702	0.31524
2.5715	0.31457
2.5728	0.31388
2.5741	0.31343
2.5753	0.31327
2.5766	0.31314
2.5779	0.31273
2.5792	0.31185
2.5805	0.31057
2.5817	0.30926
2.583	0.30831
2.5843	0.30795
2.5856	0.30801
2.5869	0.30791
2.5882	0.30701
2.5895	0.30492
2.5908	0.30182
2.5921	0.29848
2.5934	0.296
2.5947	0.29529
2.596	0.29663
2.5973	0.29946
2.5986	0.30264
2.5999	0.30493
2.6012	0.30555
2.6025	0.30453
2.6038	0.30264
2.6051	0.30098
2.6064	0.30046
2.6077	0.30134
2.609	0.30316
2.6103	0.30499
2.6117	0.30588
2.613	0.30531
2.6143	0.3034
2.6156	0.30088
2.6169	0.29869
2.6183	0.29755
2.6196	0.29768
2.6209	0.29873
2.6222	0.29993
2.6236	0.30047
2.6249	0.29989
2.6262	0.29825
2.6275	0.29613
2.6289	0.29435
2.6302	0.29364
2.6315	0.29435
2.6329	0.29635
2.6342	0.29906
2.6356	0.30173
2.6369	0.30368
2.6382	0.30451
2.6396	0.30417
2.6409	0.30293
2.6423	0.30116
2.6436	0.29923
2.645	0.29733
2.6463	0.2955
2.6477	0.29367
2.649	0.29177
2.6504	0.28979
2.6517	0.28781
2.6531	0.28592
2.6545	0.28412
2.6558	0.2822
2.6572	0.2798
2.6585	0.27647
2.6599	0.27188
2.6613	0.26599
2.6626	0.25913
2.664	0.25199
2.6654	0.24539
2.6667	0.24005
2.6681	0.2363
2.6695	0.23405
2.6709	0.23283
2.6722	0.23196
2.6736	0.23083
2.675	0.22905
2.6764	0.22653
2.6778	0.22337
2.6791	0.21974
2.6805	0.21567
2.6819	0.21105
2.6833	0.20563
2.6847	0.19909
2.6861	0.19121
2.6875	0.18191
2.6889	0.17136
2.6903	0.15987
2.6917	0.14787
2.6931	0.13581
2.6945	0.12406
2.6959	0.1129
2.6973	0.10251
2.6987	0.09305
2.7001	0.08464
2.7015	0.07746
2.7029	0.07168
2.7043	0.0675
2.7057	0.064978
2.7071	0.064036
2.7085	0.064387
2.71	0.065576
2.7114	0.067026
2.7128	0.06816
2.7142	0.06851
2.7156	0.06782
2.7171	0.066106
2.7185	0.063616
2.7199	0.060754
2.7213	0.057947
2.7228	0.055527
2.7242	0.053652
2.7256	0.052273
2.7271	0.051194
2.7285	0.050151
2.7299	0.048914
2.7314	0.047349
2.7328	0.045454
2.7343	0.043347
2.7357	0.041226
2.7371	0.039302
2.7386	0.037742
2.74	0.036631
2.7415	0.035947
2.7429	0.035576
2.7444	0.035347
2.7458	0.035081
2.7473	0.034639
2.7488	0.033943
2.7502	0.032991
2.7517	0.031839
2.7531	0.030584
2.7546	0.029321
2.7561	0.028145
2.7575	0.027124
2.759	0.026311
2.7605	0.025735
2.7619	0.025423
2.7634	0.025364
2.7649	0.025537
2.7664	0.025906
2.7678	0.026411
2.7693	0.026992
2.7708	0.027598
2.7723	0.028181
2.7738	0.028714
2.7752	0.029163
2.7767	0.029509
2.7782	0.029729
2.7797	0.02981
2.7812	0.029761
2.7827	0.029614
2.7842	0.029436
2.7857	0.029297
2.7872	0.029268
2.7887	0.029387
2.7902	0.029646
2.7917	0.029995
2.7932	0.030359
2.7947	0.030664
2.7962	0.03086
2.7977	0.03093
2.7992	0.030903
2.8007	0.030825
2.8022	0.030742
2.8038	0.030681
2.8053	0.030647
2.8068	0.030632
2.8083	0.030618
2.8098	0.030598
2.8114	0.030581
2.8129	0.030589
2.8144	0.030645
2.8159	0.030772
2.8175	0.030977
2.819	0.031248
2.8205	0.03157
2.8221	0.031919
2.8236	0.032268
2.8252	0.0326
2.8267	0.032905
2.8282	0.033186
2.8298	0.033455
2.8313	0.033718
2.8329	0.033989
2.8344	0.03427
2.836	0.034553
2.8375	0.034819
2.8391	0.035059
2.8406	0.035259
2.8422	0.035425
2.8437	0.035574
2.8453	0.035723
2.8469	0.035889
2.8484	0.036072
2.85	0.036275
2.8516	0.03648
2.8531	0.036665
2.8547	0.036826
2.8563	0.036951
2.8579	0.037036
2.8594	0.037085
2.861	0.037097
2.8626	0.03708
2.8642	0.037034
2.8658	0.03697
2.8673	0.0369
2.8689	0.036836
2.8705	0.03678
2.8721	0.036726
2.8737	0.03666
2.8753	0.036572
2.8769	0.036458
2.8785	0.036316
2.8801	0.036157
2.8817	0.036004
2.8833	0.03586
2.8849	0.035737
2.8865	0.035637
2.8881	0.035545
2.8897	0.035464
2.8913	0.035381
2.8929	0.035296
2.8946	0.035213
2.8962	0.035137
2.8978	0.035064
2.8994	0.034993
2.901	0.034915
2.9027	0.034812
2.9043	0.034675
2.9059	0.034505
2.9075	0.034319
2.9092	0.034131
2.9108	0.033977
2.9124	0.033862
2.9141	0.033797
2.9157	0.033762
2.9174	0.033745
2.919	0.033735
2.9207	0.033735
2.9223	0.033757
2.9239	0.033826
2.9256	0.033941
2.9272	0.034099
2.9289	0.034268
2.9306	0.034414
2.9322	0.034509
2.9339	0.034539
2.9355	0.034509
2.9372	0.034446
2.9389	0.034375
2.9405	0.034326
2.9422	0.034302
2.9439	0.034304
2.9455	0.034317
2.9472	0.034326
2.9489	0.034329
2.9506	0.034324
2.9523	0.034329
2.9539	0.034365
2.9556	0.034458
2.9573	0.034617
2.959	0.034844
2.9607	0.035122
2.9624	0.035415
2.9641	0.035679
2.9658	0.035881
2.9675	0.035994
2.9692	0.036026
2.9709	0.036008
2.9726	0.035977
2.9743	0.035972
2.976	0.036016
2.9777	0.036109
2.9794	0.036228
2.9811	0.036348
2.9828	0.036458
2.9845	0.036565
2.9863	0.036694
2.988	0.036875
2.9897	0.037131
2.9914	0.037454
2.9932	0.037813
2.9949	0.038164
2.9966	0.038455
2.9984	0.038662
3.0001	0.038787
3.0018	0.038853
3.0036	0.038889
3.0053	0.038941
3.007	0.039028
3.0088	0.039165
3.0105	0.039351
3.0123	0.039568
3.014	0.039802
3.0158	0.040047
3.0176	0.040291
3.0193	0.040535
3.0211	0.040781
3.0228	0.04103
3.0246	0.041277
3.0264	0.041511
3.0281	0.041719
3.0299	0.041892
3.0317	0.042031
3.0334	0.042139
3.0352	0.042227
3.037	0.042295
3.0388	0.042356
3.0406	0.042402
3.0423	0.042444
3.0441	0.042493
3.0459	0.042568
3.0477	0.042693
3.0495	0.042874
3.0513	0.043098
3.0531	0.043335
3.0549	0.043543
3.0567	0.043679
3.0585	0.043748
3.0603	0.043765
3.0621	0.043777
3.0639	0.043836
3.0657	0.04398
3.0675	0.044212
3.0694	0.044509
3.0712	0.044824
3.073	0.045125
3.0748	0.045388
3.0766	0.04562
3.0785	0.045838
3.0803	0.046069
3.0821	0.046323
3.084	0.046594
3.0858	0.04686
3.0876	0.047097
3.0895	0.04729
3.0913	0.047454
3.0932	0.04761
3.095	0.0478
3.0969	0.048054
3.0987	0.048389
3.1006	0.048796
3.1024	0.049253
3.1043	0.049727
3.1061	0.050183
3.108	0.050603
3.1099	0.050974
3.1117	0.051299
3.1136	0.051582
3.1155	0.051843
3.1174	0.052102
3.1192	0.052383
3.1211	0.052715
3.123	0.053118
3.1249	0.053601
3.1268	0.054153
3.1286	0.054751
3.1305	0.055347
3.1324	0.055899
3.1343	0.056372
3.1362	0.056758
3.1381	0.05707
3.14	0.057349
3.1419	0.057649
3.1438	0.058013
3.1457	0.058464
3.1476	0.058999
3.1495	0.05959
3.1515	0.0602
3.1534	0.060798
3.1553	0.061367
3.1572	0.061904
3.1591	0.06242
3.1611	0.062918
3.163	0.063399
3.1649	0.06386
3.1669	0.064297
3.1688	0.064727
3.1707	0.065169
3.1727	0.065635
3.1746	0.066148
3.1766	0.066692
3.1785	0.067253
3.1805	0.0678
3.1824	0.06831
3.1844	0.06878
3.1863	0.06922
3.1883	0.06967
3.1902	0.07015
3.1922	0.07068
3.1942	0.07127
3.1961	0.07189
3.1981	0.07252
3.2001	0.07315
3.2021	0.07375
3.204	0.07434
3.206	0.07493
3.208	0.07551
3.21	0.0761
3.212	0.07668
3.214	0.07723
3.216	0.07776
3.218	0.07825
3.22	0.07872
3.222	0.0792
3.224	0.07971
3.226	0.08025
3.228	0.08082
3.23	0.08143
3.232	0.08207
3.234	0.08271
3.2361	0.08337
3.2381	0.08403
3.2401	0.08469
3.2421	0.08535
3.2442	0.08601
3.2462	0.08666
3.2482	0.08731
3.2503	0.08795
3.2523	0.08858
3.2543	0.0892
3.2564	0.08982
3.2584	0.09044
3.2605	0.09107
3.2625	0.09172
3.2646	0.09239
3.2666	0.09307
3.2687	0.09375
3.2708	0.09442
3.2728	0.09508
3.2749	0.09573
3.277	0.09637
3.279	0.09702
3.2811	0.09766
3.2832	0.09828
3.2853	0.09888
3.2874	0.09944
3.2894	0.09995
3.2915	0.10044
3.2936	0.10093
3.2957	0.10144
3.2978	0.10201
3.2999	0.10265
3.302	0.10334
3.3041	0.10405
3.3062	0.10475
3.3083	0.10541
3.3104	0.10602
3.3126	0.10657
3.3147	0.10709
3.3168	0.10759
3.3189	0.10812
3.321	0.10866
3.3232	0.10921
3.3253	0.10972
3.3274	0.11012
3.3296	0.11032
3.3317	0.11027
3.3339	0.10993
3.336	0.10934
3.3382	0.10856
3.3403	0.1077
3.3425	0.10689
3.3446	0.10625
3.3468	0.10585
3.3489	0.10573
3.3511	0.10589
3.3533	0.10628
3.3554	0.10684
3.3576	0.10749
3.3598	0.10816
3.362	0.10881
3.3641	0.1094
3.3663	0.10993
3.3685	0.11041
3.3707	0.11084
3.3729	0.11125
3.3751	0.11164
3.3773	0.11204
3.3795	0.11246
3.3817	0.1129
3.3839	0.11335
3.3861	0.11382
3.3883	0.11426
3.3906	0.11465
3.3928	0.11497
3.395	0.11521
3.3972	0.1154
3.3994	0.11554
3.4017	0.11567
3.4039	0.11581
3.4061	0.11598
3.4084	0.11619
3.4106	0.11644
3.4129	0.11676
3.4151	0.11715
3.4174	0.11765
3.4196	0.11827
3.4219	0.11903
3.4241	0.11991
3.4264	0.12091
3.4287	0.12197
3.4309	0.12305
3.4332	0.12409
3.4355	0.12504
3.4378	0.12588
3.44	0.12661
3.4423	0.12723
3.4446	0.12779
3.4469	0.12829
3.4492	0.12875
3.4515	0.12917
3.4538	0.12948
3.4561	0.12965
3.4584	0.12961
3.4607	0.12933
3.463	0.12879
3.4653	0.12804
3.4677	0.12715
3.47	0.12624
3.4723	0.12547
3.4746	0.12496
3.477	0.12484
3.4793	0.12516
3.4816	0.12591
3.484	0.12702
3.4863	0.12836
3.4887	0.12979
3.491	0.13118
3.4934	0.13244
3.4957	0.13356
3.4981	0.13459
3.5004	0.13564
3.5028	0.13685
3.5052	0.13833
3.5075	0.1402
3.5099	0.14247
3.5123	0.1451
3.5147	0.14802
3.5171	0.1511
3.5195	0.15421
3.5218	0.15726
3.5242	0.16017
3.5266	0.16289
3.529	0.16544
3.5314	0.16779
3.5338	0.16997
3.5363	0.17198
3.5387	0.17383
3.5411	0.17554
3.5435	0.17713
3.5459	0.1786
3.5484	0.17998
3.5508	0.18127
3.5532	0.18247
3.5557	0.18356
3.5581	0.18455
3.5605	0.18545
3.563	0.1863
3.5654	0.18714
3.5679	0.18803
3.5704	0.18901
3.5728	0.19009
3.5753	0.19126
3.5777	0.19246
3.5802	0.19365
3.5827	0.19481
3.5852	0.19591
3.5876	0.19697
3.5901	0.19801
3.5926	0.19903
3.5951	0.20006
3.5976	0.20107
3.6001	0.20206
3.6026	0.203
3.6051	0.20389
3.6076	0.20475
3.6101	0.20557
3.6127	0.20639
3.6152	0.2072
3.6177	0.20802
3.6202	0.20883
3.6227	0.20961
3.6253	0.21036
3.6278	0.21105
3.6304	0.21171
3.6329	0.21235
3.6355	0.213
3.638	0.21369
3.6406	0.21445
3.6431	0.21527
3.6457	0.21615
3.6482	0.21705
3.6508	0.21792
3.6534	0.21874
3.656	0.21949
3.6585	0.22017
3.6611	0.2208
3.6637	0.22142
3.6663	0.22203
3.6689	0.22266
3.6715	0.22331
3.6741	0.22399
3.6767	0.22469
3.6793	0.2254
3.6819	0.22611
3.6845	0.22681
3.6872	0.22748
3.6898	0.22812
3.6924	0.22874
3.695	0.22935
3.6977	0.22995
3.7003	0.23055
3.703	0.23115
3.7056	0.23175
3.7083	0.23234
3.7109	0.23292
3.7136	0.2335
3.7162	0.2341
3.7189	0.2347
3.7216	0.23532
3.7242	0.23594
3.7269	0.23653
3.7296	0.23708
3.7323	0.23755
3.735	0.23796
3.7377	0.23831
3.7404	0.23864
3.7431	0.23898
3.7458	0.23934
3.7485	0.23975
3.7512	0.24019
3.7539	0.24064
3.7566	0.24106
3.7594	0.24142
3.7621	0.24168
3.7648	0.24185
3.7676	0.24194
3.7703	0.24194
3.773	0.24188
3.7758	0.24175
3.7785	0.24153
3.7813	0.2412
3.7841	0.2407
3.7868	0.23997
3.7896	0.23896
3.7924	0.23767
3.7951	0.23611
3.7979	0.23433
3.8007	0.23243
3.8035	0.2305
3.8063	0.22862
3.8091	0.22683
3.8119	0.22514
3.8147	0.22351
3.8175	0.22189
3.8203	0.22021
3.8231	0.21846
3.8259	0.21662
3.8288	0.21472
3.8316	0.21282
3.8344	0.21099
3.8373	0.20929
3.8401	0.20779
3.843	0.20649
3.8458	0.20541
3.8487	0.20451
3.8515	0.20377
3.8544	0.20316
3.8573	0.20264
3.8601	0.2022
3.863	0.20184
3.8659	0.20153
3.8688	0.20126
3.8717	0.20104
3.8746	0.20083
3.8775	0.20063
3.8804	0.20043
3.8833	0.2002
3.8862	0.19996
3.8891	0.19967
3.892	0.19934
3.8949	0.19895
3.8979	0.19846
3.9008	0.19787
3.9037	0.19715
3.9067	0.19632
3.9096	0.19538
3.9126	0.19435
3.9155	0.19328
3.9185	0.19218
3.9214	0.19103
3.9244	0.18978
3.9274	0.18829
3.9304	0.18639
3.9333	0.18392
3.9363	0.18071
3.9393	0.17675
3.9423	0.17209
3.9453	0.16692
3.9483	0.16152
3.9513	0.15619
3.9544	0.15121
3.9574	0.14678
3.9604	0.14305
3.9634	0.14004
3.9665	0.13776
3.9695	0.13617
3.9725	0.13525
3.9756	0.13501
3.9786	0.13552
3.9817	0.13683
3.9847	0.13904
3.9878	0.14221
3.9909	0.14635
3.994	0.15137
3.997	0.15713
4.0001	0.16343
