0.4	0.061194
0.401	0.062814
0.402	0.062325
0.403	0.064265
0.404	0.064124
0.405	0.065747
0.406	0.065721
0.407	0.065669
0.408	0.065617
0.409	0.069532
0.41	0.069417
0.411	0.070195
0.412	0.072829
0.413	0.074563
0.414	0.074563
0.415	0.074705
0.416	0.076353
0.417	0.078156
0.418	0.078156
0.419	0.080046
0.42	0.080376
0.421	0.081799
0.422	0.085206
0.423	0.082581
0.424	0.088282
0.425	0.088626
0.426	0.091607
0.427	0.091451
0.428	0.092981
0.429	0.092455
0.43	0.093933
0.431	0.095899
0.432	0.096994
0.433	0.096654
0.434	0.10101
0.435	0.102448
0.436	0.102509
0.437	0.104014
0.438	0.107405
0.439	0.106813
0.44	0.112766
0.441	0.110277
0.442	0.112337
0.443	0.113503
0.444	0.114592
0.445	0.116295
0.446	0.117449
0.447	0.117223
0.448	0.118906
0.449	0.120086
0.45	0.11952
0.451	0.123622
0.452	0.126144
0.453	0.126861
0.454	0.127029
0.455	0.127113
0.456	0.125584
0.457	0.130939
0.458	0.131089
0.459	0.129391
0.46	0.133281
0.461	0.136406
0.462	0.132916
0.463	0.136311
0.464	0.13903
0.465	0.138453
0.466	0.135745
0.467	0.13807
0.468	0.141073
0.469	0.140439
0.47	0.143174
0.471	0.14358
0.472	0.143378
0.473	0.141369
0.474	0.14438
0.475	0.144686
0.476	0.147096
0.477	0.149972
0.478	0.146785
0.479	0.152469
0.48	0.14908
0.481	0.151016
0.482	0.15377
0.483	0.153661
0.484	0.15598
0.485	0.155487
0.486	0.157853
0.487	0.158189
0.488	0.160934
0.489	0.16059
0.49	0.16059
0.491	0.161766
0.492	0.163756
0.493	0.164107
0.494	0.168362
0.495	0.167524
0.496	0.1687
0.497	0.170632
0.498	0.170253
0.499	0.171546
0.5	0.172038
0.501	0.175016
0.502	0.176846
0.503	0.179434
0.504	0.178797
0.505	0.17829
0.506	0.179069
0.507	0.183414
0.508	0.183938
0.509	0.185906
0.51	0.185642
0.511	0.184986
0.512	0.187002
0.513	0.186538
0.514	0.192073
0.515	0.192814
0.516	0.191636
0.517	0.194836
0.518	0.195527
0.519	0.197962
0.52	0.200252
0.521	0.202394
0.522	0.200677
0.523	0.201396
0.524	0.201112
0.525	0.208399
0.526	0.206098
0.527	0.207235
0.528	0.208224
0.529	0.210342
0.53	0.21394
0.531	0.216923
0.532	0.217435
0.533	0.221422
0.534	0.21907
0.535	0.219224
0.536	0.22396
0.537	0.228626
0.538	0.222256
0.539	0.223074
0.54	0.226925
0.541	0.23183
0.542	0.225667
0.543	0.226944
0.544	0.234985
0.545	0.236591
0.546	0.237088
0.547	0.237536
0.548	0.241097
0.549	0.24205
0.55	0.243339
0.551	0.243882
0.552	0.245255
0.553	0.247123
0.554	0.248053
0.555	0.247377
0.556	0.249058
0.557	0.252437
0.558	0.251686
0.559	0.256459
0.56	0.262849
0.561	0.266022
0.562	0.265075
0.563	0.268777
0.564	0.269123
0.565	0.267072
0.566	0.268168
0.567	0.270918
0.568	0.272561
0.569	0.275125
0.57	0.277566
0.571	0.279438
0.572	0.281136
0.573	0.281493
0.574	0.282973
0.575	0.283062
0.576	0.285198
0.577	0.286934
0.578	0.291146
0.579	0.289384
0.58	0.29009
0.581	0.289677
0.582	0.293157
0.583	0.291622
0.584	0.294557
0.585	0.297291
0.586	0.296021
0.587	0.301765
0.588	0.301031
0.589	0.300431
0.59	0.302331
0.591	0.302368
0.592	0.303054
0.593	0.309056
0.594	0.308611
0.595	0.303309
0.596	0.303801
0.597	0.304504
0.598	0.309532
0.599	0.309976
0.6	0.309989
0.601	0.311511
0.602	0.311727
0.603	0.311512
0.604	0.313436
0.605	0.315495
0.606	0.316123
0.607	0.314063
0.608	0.315123
0.609	0.318023
0.61	0.315968
0.611	0.315324
0.612	0.316532
0.613	0.317617
0.614	0.317913
0.615	0.318131
0.616	0.316001
0.617	0.316653
0.618	0.317962
0.619	0.319472
0.62	0.321206
0.621	0.324238
0.622	0.32486
0.623	0.322636
0.624	0.323616
0.625	0.321278
0.626	0.322991
0.627	0.324758
0.628	0.320842
0.629	0.321935
0.63	0.324586
0.631	0.321278
0.632	0.322333
0.633	0.326152
0.634	0.325268
0.635	0.328093
0.636	0.328316
0.637	0.326923
0.638	0.328252
0.639	0.329817
0.64	0.33245
0.641	0.333132
0.642	0.333421
0.643	0.334102
0.644	0.335014
0.645	0.335838
0.646	0.33433
0.647	0.334557
0.648	0.330163
0.649	0.336109
0.65	0.341891
0.651	0.34282
0.652	0.342705
0.653	0.338756
0.654	0.33725
0.655	0.340606
0.656	0.338226
0.657	0.342474
0.658	0.34682
0.659	0.341855
0.66	0.343265
0.661	0.34561
0.662	0.342007
0.663	0.345353
0.664	0.338462
0.665	0.34259
0.666	0.345246
0.667	0.345711
0.668	0.346409
0.669	0.346176
0.67	0.343631
0.671	0.344552
0.672	0.347689
0.673	0.350012
0.674	0.348839
0.675	0.355912
0.676	0.351484
0.677	0.350781
0.678	0.34998
0.679	0.352899
0.68	0.358576
0.681	0.356965
0.682	0.358089
0.683	0.356166
0.684	0.356567
0.685	0.352143
0.686	0.353318
0.687	0.354499
0.688	0.356091
0.689	0.352847
0.69	0.357599
0.691	0.359348
0.692	0.359348
0.693	0.358526
0.694	0.361343
0.695	0.363043
0.696	0.360861
0.697	0.362799
0.698	0.362921
0.699	0.377324
0.7	0.364042
0.701	0.367736
0.702	0.368219
0.703	0.368985
0.704	0.367905
0.705	0.365458
0.706	0.366533
0.707	0.36802
0.708	0.369064
0.709	0.370306
0.71	0.369823
0.711	0.369525
0.712	0.371789
0.713	0.370547
0.714	0.371305
0.715	0.374784
0.716	0.373973
0.717	0.372546
0.718	0.377251
0.719	0.376498
0.72	0.376007
0.721	0.376214
0.722	0.375727
0.723	0.374755
0.724	0.37575
0.725	0.376257
0.726	0.376805
0.727	0.379267
0.728	0.381483
0.729	0.383212
0.73	0.382968
0.731	0.382673
0.732	0.382921
0.733	0.386389
0.734	0.381445
0.735	0.382674
0.736	0.383663
0.737	0.384408
0.738	0.38992
0.739	0.387127
0.74	0.387377
0.741	0.386877
0.742	0.389833
0.743	0.390792
0.744	0.391797
0.745	0.386844
0.746	0.38635
0.747	0.389294
0.748	0.386316
0.749	0.387053
0.75	0.388535
0.751	0.391545
0.752	0.391269
0.753	0.389772
0.754	0.387793
0.755	0.392491
0.756	0.392743
0.757	0.395176
0.758	0.393416
0.759	0.391219
0.76	0.392669
0.761	0.389978
0.762	0.393168
0.763	0.396117
0.764	0.400168
0.765	0.397127
0.766	0.395842
0.767	0.395813
0.768	0.393834
0.769	0.396585
0.77	0.399837
0.771	0.403264
0.772	0.403007
0.773	0.402495
0.774	0.402186
0.775	0.399938
0.776	0.398986
0.777	0.396501
0.778	0.395505
0.779	0.395972
0.78	0.404056
0.781	0.408102
0.782	0.402832
0.783	0.401568
0.784	0.40217
0.785	0.404212
0.786	0.403189
0.787	0.40712
0.788	0.404358
0.789	0.402832
0.79	0.398143
0.791	0.397397
0.792	0.405067
0.793	0.406348
0.794	0.403819
0.795	0.406031
0.796	0.404812
0.797	0.403104
0.798	0.404163
0.799	0.404133
0.8	0.40909
0.804	0.405924
0.808	0.404941
0.812	0.40644
0.816	0.409127
0.82	0.408105
0.824	0.407861
0.828	0.408117
0.832	0.406649
0.836	0.408592
0.84	0.407389
0.844	0.412812
0.848	0.409594
0.852	0.411796
0.856	0.407366
0.86	0.405671
0.864	0.405225
0.868	0.4031
0.872	0.405772
0.876	0.406503
0.88	0.404624
0.884	0.405586
0.888	0.405376
0.892	0.401612
0.896	0.404007
0.9	0.404742
0.904	0.40454
0.908	0.407595
0.912	0.404799
0.916	0.405745
0.92	0.40669
0.924	0.407429
0.928	0.407885
0.932	0.40952
0.936	0.408604
0.94	0.411419
0.944	0.412604
0.948	0.411419
0.952	0.415184
0.956	0.415418
0.96	0.415888
0.964	0.412878
0.968	0.413585
0.972	0.417327
0.976	0.418724
0.98	0.417093
0.984	0.420583
0.988	0.421264
0.992	0.422371
0.996	0.422438
1	0.422422
1.004	0.427323
1.008	0.427085
1.012	0.426847
1.016	0.427057
1.02	0.428659
1.024	0.43261
1.028	0.429743
1.032	0.428762
1.036	0.429869
1.04	0.436164
1.044	0.440602
1.048	0.434009
1.052	0.434154
1.056	0.436831
1.06	0.43646
1.064	0.4355
1.068	0.436296
1.072	0.436296
1.076	0.433829
1.08	0.435234
1.084	0.440144
1.088	0.441355
1.092	0.443474
1.096	0.444055
1.1	0.44422
1.104	0.444467
1.108	0.444143
1.112	0.445032
1.116	0.444223
1.12	0.443332
1.124	0.444953
1.128	0.447314
1.132	0.445518
1.136	0.448761
1.14	0.45177
1.144	0.452164
1.148	0.451677
1.152	0.446861
1.156	0.447558
1.16	0.448486
1.164	0.449379
1.168	0.450129
1.172	0.449404
1.176	0.453458
1.18	0.452835
1.184	0.455672
1.188	0.455918
1.192	0.458267
1.196	0.457647
1.2	0.459013
1.204	0.46288
1.208	0.461247
1.212	0.463734
1.216	0.468357
1.22	0.470442
1.224	0.469932
1.228	0.472081
1.232	0.474668
1.236	0.47363
1.24	0.475354
1.244	0.475956
1.248	0.478011
1.252	0.479202
1.256	0.4815
1.26	0.483201
1.264	0.486153
1.268	0.491992
1.272	0.494818
1.276	0.490297
1.28	0.489724
1.284	0.490442
1.288	0.489746
1.292	0.489317
1.296	0.491018
1.3	0.490585
1.304	0.493307
1.308	0.497714
1.312	0.498819
1.316	0.496458
1.32	0.494269
1.324	0.493897
1.328	0.49638
1.332	0.497163
1.336	0.499312
1.34	0.501219
1.344	0.500717
1.348	0.502536
1.352	0.498472
1.356	0.497213
1.36	0.503526
1.364	0.505736
1.368	0.501239
1.372	0.495062
1.376	0.492874
1.38	0.494998
1.384	0.494075
1.388	0.489063
1.392	0.485989
1.396	0.481784
1.4	0.477265
1.404	0.470141
1.408	0.469375
1.412	0.473875
1.416	0.481458
1.42	0.4844
1.424	0.48688
1.428	0.490318
1.432	0.493807
1.436	0.495669
1.44	0.499716
1.444	0.501357
1.448	0.504408
1.452	0.505948
1.456	0.508612
1.46	0.508082
1.464	0.513149
1.468	0.514745
1.472	0.517944
1.476	0.520694
1.48	0.522555
1.484	0.525167
1.488	0.528764
1.492	0.529006
1.496	0.530998
1.5	0.52231
1.504	0.521318
1.508	0.523377
1.512	0.528747
1.516	0.533023
1.52	0.532972
1.524	0.533976
1.528	0.53453
1.532	0.539156
1.536	0.539653
1.54	0.538315
1.544	0.535253
1.548	0.535419
1.552	0.539615
1.556	0.538072
1.56	0.542061
1.564	0.541781
1.568	0.544237
1.572	0.544028
1.576	0.546215
1.58	0.547272
1.584	0.545083
1.588	0.545985
1.592	0.544299
1.596	0.545141
1.6	0.549443
1.604	0.549551
1.608	0.551359
1.612	0.552689
1.616	0.548249
1.62	0.550136
1.624	0.551744
1.628	0.55212
1.632	0.554306
1.636	0.552593
1.64	0.556588
1.644	0.555731
1.648	0.557344
1.652	0.558009
1.656	0.559973
1.66	0.55781
1.664	0.560548
1.668	0.559421
1.672	0.55885
1.676	0.558749
1.68	0.559787
1.684	0.559759
1.688	0.559217
1.692	0.565056
1.696	0.564651
1.7	0.560047
1.704	0.560047
1.708	0.565686
1.712	0.564939
1.716	0.56147
1.72	0.561478
1.724	0.5617
1.728	0.560749
1.732	0.565345
1.736	0.5673
1.74	0.567919
1.744	0.564577
1.748	0.566936
1.752	0.566593
1.756	0.566999
1.76	0.569461
1.764	0.571708
1.768	0.568381
1.772	0.570247
1.776	0.571285
1.78	0.567802
1.784	0.566936
1.788	0.569828
1.792	0.570445
1.796	0.568132
1.8	0.568709
1.804	0.568709
1.808	0.569799
1.812	0.572961
1.816	0.57222
1.82	0.571509
1.824	0.570641
1.828	0.571026
1.832	0.570468
1.836	0.572422
1.84	0.570058
1.844	0.568419
1.848	0.568503
1.852	0.563957
1.856	0.565501
1.86	0.563903
1.864	0.556214
1.868	0.549815
1.872	0.538603
1.876	0.529665
1.88	0.516067
1.884	0.50562
1.888	0.486658
1.892	0.470823
1.896	0.45329
1.9	0.443037
1.904	0.442521
1.908	0.442752
1.912	0.448621
1.916	0.450715
1.92	0.453673
1.924	0.460088
1.928	0.470225
1.932	0.472945
1.936	0.479031
1.94	0.48101
1.944	0.48392
1.948	0.488621
1.952	0.489901
1.956	0.493544
1.96	0.497444
1.964	0.495193
1.968	0.497227
1.972	0.500548
1.976	0.502323
1.98	0.507393
1.984	0.513499
1.988	0.515015
1.992	0.516756
1.996	0.523109
2	0.523563
2.004	0.524983
2.008	0.52799
2.012	0.531009
2.016	0.535521
2.02	0.535934
2.024	0.540679
2.028	0.540611
2.032	0.539279
2.036	0.538371
2.04	0.543198
2.044	0.544193
2.048	0.538891
2.052	0.54245
2.056	0.543778
2.06	0.542909
2.064	0.544695
2.068	0.547316
2.072	0.548222
2.076	0.548438
2.0795	0.550673
2.0803	0.550881
2.0812	0.551615
2.082	0.55144
2.0828	0.55158
2.0837	0.551684
2.0845	0.551757
2.0853	0.551928
2.0862	0.552037
2.087	0.552058
2.0879	0.551977
2.0887	0.551802
2.0895	0.551598
2.0904	0.551416
2.0912	0.551291
2.0921	0.551224
2.0929	0.551191
2.0938	0.551165
2.0946	0.551122
2.0955	0.551066
2.0963	0.551004
2.0971	0.550957
2.098	0.550938
2.0988	0.550947
2.0997	0.550973
2.1005	0.550992
2.1014	0.550973
2.1023	0.550881
2.1031	0.550715
2.104	0.5505
2.1048	0.550279
2.1057	0.550111
2.1065	0.550031
2.1074	0.550047
2.1082	0.550123
2.1091	0.550197
2.11	0.550225
2.1108	0.550187
2.1117	0.550097
2.1125	0.549988
2.1134	0.5499
2.1143	0.549858
2.1151	0.549867
2.116	0.549912
2.1168	0.549974
2.1177	0.550026
2.1186	0.550043
2.1194	0.54999
2.1203	0.549865
2.1212	0.549687
2.122	0.549503
2.1229	0.549368
2.1238	0.54933
2.1247	0.549394
2.1255	0.549517
2.1264	0.549638
2.1273	0.549704
2.1281	0.549699
2.129	0.549638
2.1299	0.549555
2.1308	0.549479
2.1316	0.549408
2.1325	0.54932
2.1334	0.549185
2.1343	0.548993
2.1352	0.548752
2.136	0.54848
2.1369	0.5482
2.1378	0.54793
2.1387	0.547672
2.1396	0.547426
2.1404	0.547198
2.1413	0.547
2.1422	0.546834
2.1431	0.546687
2.144	0.546531
2.1449	0.546322
2.1458	0.546014
2.1466	0.545581
2.1475	0.54501
2.1484	0.544328
2.1493	0.54357
2.1502	0.542794
2.1511	0.542052
2.152	0.541387
2.1529	0.540814
2.1538	0.540317
2.1547	0.53986
2.1556	0.539395
2.1565	0.538891
2.1574	0.538344
2.1583	0.537768
2.1592	0.537193
2.1601	0.536644
2.161	0.536127
2.1619	0.53563
2.1628	0.535135
2.1637	0.534631
2.1646	0.534119
2.1655	0.533612
2.1664	0.533129
2.1673	0.532689
2.1682	0.532296
2.1691	0.531936
2.17	0.531585
2.1709	0.531213
2.1718	0.530787
2.1727	0.530299
2.1736	0.529764
2.1746	0.529215
2.1755	0.528679
2.1764	0.52817
2.1773	0.527666
2.1782	0.527121
2.1791	0.526491
2.18	0.525755
2.181	0.524928
2.1819	0.524054
2.1828	0.52319
2.1837	0.522375
2.1846	0.521608
2.1856	0.520862
2.1865	0.520097
2.1874	0.51928
2.1883	0.518404
2.1893	0.517476
2.1902	0.516521
2.1911	0.515565
2.192	0.514617
2.193	0.513675
2.1939	0.512728
2.1948	0.511764
2.1957	0.510769
2.1967	0.509732
2.1976	0.508647
2.1985	0.507513
2.1995	0.506317
2.2004	0.50505
2.2013	0.503707
2.2023	0.502291
2.2032	0.500828
2.2041	0.499373
2.2051	0.498017
2.206	0.496866
2.207	0.496032
2.2079	0.495601
2.2088	0.495625
2.2098	0.496108
2.2107	0.497022
2.2117	0.498298
2.2126	0.499857
2.2136	0.501583
2.2145	0.503361
2.2155	0.505067
2.2164	0.506592
2.2173	0.507875
2.2183	0.508905
2.2192	0.509715
2.2202	0.510376
2.2211	0.510949
2.2221	0.511477
2.2231	0.511967
2.224	0.512405
2.225	0.51277
2.2259	0.513052
2.2269	0.51326
2.2278	0.513417
2.2288	0.513547
2.2297	0.513665
2.2307	0.513779
2.2317	0.513874
2.2326	0.513926
2.2336	0.513916
2.2345	0.513833
2.2355	0.513684
2.2365	0.513488
2.2374	0.513272
2.2384	0.513064
2.2394	0.512872
2.2403	0.512685
2.2413	0.512486
2.2423	0.512278
2.2433	0.512069
2.2442	0.511892
2.2452	0.511778
2.2462	0.51174
2.2471	0.511766
2.2481	0.51183
2.2491	0.511901
2.2501	0.511965
2.251	0.512019
2.252	0.51209
2.253	0.512202
2.254	0.512372
2.255	0.512602
2.2559	0.512891
2.2569	0.51322
2.2579	0.513563
2.2589	0.513878
2.2599	0.514139
2.2609	0.514333
2.2618	0.514461
2.2628	0.514551
2.2638	0.514629
2.2648	0.51471
2.2658	0.514769
2.2668	0.514757
2.2678	0.514624
2.2688	0.514345
2.2698	0.513928
2.2708	0.513424
2.2718	0.512896
2.2728	0.512389
2.2738	0.511915
2.2747	0.511453
2.2757	0.510954
2.2767	0.510369
2.2777	0.509665
2.2787	0.508844
2.2798	0.507918
2.2808	0.506916
2.2818	0.505874
2.2828	0.50482
2.2838	0.503766
2.2848	0.502708
2.2858	0.501635
2.2868	0.500539
2.2878	0.499418
2.2888	0.498291
2.2898	0.497188
2.2908	0.496148
2.2918	0.495198
2.2929	0.494344
2.2939	0.493569
2.2949	0.492854
2.2959	0.492177
2.2969	0.491528
2.2979	0.4909
2.299	0.490301
2.3	0.489723
2.301	0.48916
2.302	0.488603
2.303	0.488054
2.3041	0.487507
2.3051	0.486967
2.3061	0.486422
2.3071	0.485866
2.3082	0.485292
2.3092	0.4847
2.3102	0.484108
2.3113	0.48354
2.3123	0.483031
2.3133	0.482607
2.3144	0.482278
2.3154	0.482034
2.3164	0.481861
2.3175	0.481726
2.3185	0.481603
2.3195	0.481473
2.3206	0.481316
2.3216	0.48112
2.3226	0.480869
2.3237	0.480551
2.3247	0.48017
2.3258	0.479746
2.3268	0.479299
2.3279	0.478868
2.3289	0.478484
2.33	0.478148
2.331	0.47784
2.3321	0.47752
2.3331	0.47716
2.3342	0.476741
2.3352	0.47627
2.3363	0.47578
2.3373	0.475313
2.3384	0.474896
2.3394	0.474536
2.3405	0.474228
2.3415	0.473961
2.3426	0.473707
2.3436	0.473452
2.3447	0.473186
2.3458	0.472916
2.3468	0.472649
2.3479	0.472403
2.349	0.472204
2.35	0.472071
2.3511	0.472009
2.3522	0.472007
2.3532	0.472043
2.3543	0.472092
2.3554	0.472144
2.3564	0.472189
2.3575	0.47223
2.3586	0.472272
2.3597	0.472308
2.3607	0.472327
2.3618	0.47231
2.3629	0.472249
2.364	0.47214
2.365	0.471986
2.3661	0.471794
2.3672	0.471569
2.3683	0.471304
2.3694	0.470993
2.3704	0.470629
2.3715	0.470205
2.3726	0.469715
2.3737	0.469158
2.3748	0.468526
2.3759	0.467813
2.377	0.467024
2.3781	0.466181
2.3791	0.465324
2.3802	0.464505
2.3813	0.463761
2.3824	0.463122
2.3835	0.462584
2.3846	0.462129
2.3857	0.461739
2.3868	0.461393
2.3879	0.46108
2.389	0.460794
2.3901	0.460531
2.3912	0.460294
2.3923	0.460093
2.3934	0.459934
2.3945	0.45983
2.3956	0.459776
2.3967	0.459759
2.3979	0.459749
2.399	0.459714
2.4001	0.459622
2.4012	0.459463
2.4023	0.459238
2.4034	0.458968
2.4045	0.458674
2.4056	0.458381
2.4068	0.458111
2.4079	0.457862
2.409	0.45763
2.4101	0.457393
2.4112	0.457133
2.4124	0.45683
2.4135	0.456481
2.4146	0.4561
2.4157	0.4557
2.4169	0.455297
2.418	0.454892
2.4191	0.454478
2.4202	0.45404
2.4214	0.453573
2.4225	0.453085
2.4236	0.452586
2.4248	0.452096
2.4259	0.45162
2.427	0.451139
2.4282	0.450623
2.4293	0.450028
2.4305	0.449337
2.4316	0.448558
2.4327	0.447729
2.4339	0.446909
2.435	0.446149
2.4362	0.445477
2.4373	0.444885
2.4385	0.444347
2.4396	0.443831
2.4408	0.443317
2.4419	0.442803
2.4431	0.442299
2.4442	0.441815
2.4454	0.441356
2.4465	0.440918
2.4477	0.440494
2.4488	0.440077
2.45	0.439675
2.4511	0.439296
2.4523	0.438936
2.4535	0.43859
2.4546	0.438239
2.4558	0.437875
2.4569	0.437482
2.4581	0.437072
2.4593	0.436655
2.4604	0.436248
2.4616	0.435848
2.4628	0.435447
2.464	0.435024
2.4651	0.434562
2.4663	0.43405
2.4675	0.433506
2.4686	0.432958
2.4698	0.432442
2.471	0.431988
2.4722	0.431594
2.4734	0.431251
2.4745	0.430922
2.4757	0.430567
2.4769	0.430157
2.4781	0.429686
2.4793	0.429153
2.4805	0.428577
2.4816	0.42799
2.4828	0.427417
2.484	0.426879
2.4852	0.426394
2.4864	0.425961
2.4876	0.425565
2.4888	0.425186
2.49	0.4248
2.4912	0.424395
2.4924	0.423964
2.4936	0.423517
2.4948	0.423071
2.496	0.422638
2.4972	0.422224
2.4984	0.421821
2.4996	0.421423
2.5008	0.421018
2.502	0.420606
2.5032	0.420196
2.5044	0.419806
2.5056	0.419451
2.5068	0.419133
2.5081	0.418847
2.5093	0.418562
2.5105	0.418252
2.5117	0.417895
2.5129	0.417485
2.5141	0.417049
2.5154	0.416616
2.5166	0.416216
2.5178	0.41586
2.519	0.415555
2.5202	0.415283
2.5215	0.415024
2.5227	0.414764
2.5239	0.41448
2.5252	0.414141
2.5264	0.413701
2.5276	0.413132
2.5289	0.412436
2.5301	0.411657
2.5313	0.41089
2.5326	0.410253
2.5338	0.409831
2.535	0.409627
2.5363	0.409552
2.5375	0.409478
2.5388	0.409301
2.54	0.408957
2.5413	0.408467
2.5425	0.40791
2.5437	0.407342
2.545	0.406745
2.5462	0.40608
2.5475	0.405374
2.5487	0.404754
2.55	0.40441
2.5513	0.404503
2.5525	0.405014
2.5538	0.405616
2.555	0.405741
2.5563	0.404839
2.5575	0.402674
2.5588	0.39953
2.5601	0.396136
2.5613	0.393403
2.5626	0.392008
2.5639	0.392098
2.5651	0.393218
2.5664	0.394537
2.5677	0.395267
2.569	0.395021
2.5702	0.393917
2.5715	0.39247
2.5728	0.391277
2.5741	0.390763
2.5753	0.390914
2.5766	0.391269
2.5779	0.391241
2.5792	0.390412
2.5805	0.388771
2.5817	0.386753
2.583	0.385046
2.5843	0.384248
2.5856	0.384411
2.5869	0.384866
2.5882	0.384591
2.5895	0.382787
2.5908	0.379386
2.5921	0.375218
2.5934	0.371727
2.5947	0.370323
2.596	0.371571
2.5973	0.374763
2.5986	0.378313
2.5999	0.380577
2.6012	0.380615
2.6025	0.378574
2.6038	0.37558
2.6051	0.373167
2.6064	0.37248
2.6077	0.373655
2.609	0.375874
2.6103	0.377901
2.6117	0.378614
2.613	0.377451
2.6143	0.374685
2.6156	0.371313
2.6169	0.368566
2.6183	0.367278
2.6196	0.367578
2.6209	0.368952
2.6222	0.370392
2.6236	0.370816
2.6249	0.369662
2.6262	0.367105
2.6275	0.363953
2.6289	0.361208
2.6302	0.359721
2.6315	0.35991
2.6329	0.361521
2.6342	0.363796
2.6356	0.365885
2.6369	0.367098
2.6382	0.367086
2.6396	0.365873
2.6409	0.363825
2.6423	0.361442
2.6436	0.359084
2.645	0.356905
2.6463	0.354871
2.6477	0.352801
2.649	0.35053
2.6504	0.348036
2.6517	0.345441
2.6531	0.342935
2.6545	0.340626
2.6558	0.338422
2.6572	0.335971
2.6585	0.332729
2.6599	0.328267
2.6613	0.322444
2.6626	0.315472
2.664	0.307981
2.6654	0.300882
2.6667	0.294985
2.6681	0.290661
2.6695	0.287717
2.6709	0.285595
2.6722	0.283523
2.6736	0.280781
2.675	0.277041
2.6764	0.272402
2.6778	0.267157
2.6791	0.261485
2.6805	0.255344
2.6819	0.248465
2.6833	0.240427
2.6847	0.230803
2.6861	0.219379
2.6875	0.20625
2.6889	0.191766
2.6903	0.176475
2.6917	0.161037
2.6931	0.146134
2.6945	0.132368
2.6959	0.120167
2.6973	0.10975
2.6987	0.101158
2.7001	0.094307
2.7015	0.089033
2.7029	0.08514
2.7043	0.082433
2.7057	0.080733
2.7071	0.079852
2.7085	0.079563
2.71	0.079622
2.7114	0.079736
2.7128	0.07957
2.7142	0.078836
2.7156	0.077358
2.7171	0.075151
2.7185	0.072425
2.7199	0.069531
2.7213	0.066837
2.7228	0.064596
2.7242	0.062877
2.7256	0.061567
2.7271	0.060452
2.7285	0.059294
2.7299	0.057925
2.7314	0.056282
2.7328	0.054399
2.7343	0.052381
2.7357	0.05038
2.7371	0.048557
2.7386	0.047039
2.74	0.045895
2.7415	0.045111
2.7429	0.044588
2.7444	0.044161
2.7458	0.043669
2.7473	0.042982
2.7488	0.042051
2.7502	0.040912
2.7517	0.039674
2.7531	0.038468
2.7546	0.037407
2.7561	0.036581
2.7575	0.036029
2.759	0.035754
2.7605	0.035731
2.7619	0.03593
2.7634	0.036325
2.7649	0.036879
2.7664	0.037554
2.7678	0.038303
2.7693	0.039068
2.7708	0.039785
2.7723	0.040398
2.7738	0.040874
2.7752	0.041213
2.7767	0.041445
2.7782	0.041623
2.7797	0.041803
2.7812	0.042032
2.7827	0.042328
2.7842	0.042684
2.7857	0.043072
2.7872	0.04347
2.7887	0.043856
2.7902	0.04423
2.7917	0.044588
2.7932	0.044933
2.7947	0.045248
2.7962	0.045504
2.7977	0.045684
2.7992	0.045779
2.8007	0.045819
2.8022	0.045855
2.8038	0.045952
2.8053	0.046158
2.8068	0.046477
2.8083	0.046882
2.8098	0.047325
2.8114	0.047754
2.8129	0.048128
2.8144	0.048438
2.8159	0.048701
2.8175	0.04894
2.819	0.049182
2.8205	0.04945
2.8221	0.049753
2.8236	0.050087
2.8252	0.050439
2.8267	0.050785
2.8282	0.051102
2.8298	0.051368
2.8313	0.051576
2.8329	0.05174
2.8344	0.051884
2.836	0.052031
2.8375	0.052204
2.8391	0.052403
2.8406	0.052613
2.8422	0.052815
2.8437	0.052988
2.8453	0.053115
2.8469	0.053205
2.8484	0.053262
2.85	0.053288
2.8516	0.053293
2.8531	0.053279
2.8547	0.053255
2.8563	0.053236
2.8579	0.053236
2.8594	0.05326
2.861	0.0533
2.8626	0.05334
2.8642	0.053357
2.8658	0.053333
2.8673	0.053258
2.8689	0.053137
2.8705	0.052995
2.8721	0.05285
2.8737	0.052729
2.8753	0.052647
2.8769	0.052602
2.8785	0.05259
2.8801	0.05259
2.8817	0.05258
2.8833	0.052549
2.8849	0.052493
2.8865	0.05241
2.8881	0.052308
2.8897	0.052194
2.8913	0.052076
2.8929	0.051962
2.8946	0.05186
2.8962	0.051787
2.8978	0.051742
2.8994	0.051713
2.901	0.05168
2.9027	0.051614
2.9043	0.05151
2.9059	0.051372
2.9075	0.05123
2.9092	0.051117
2.9108	0.051062
2.9124	0.051065
2.9141	0.051098
2.9157	0.051126
2.9174	0.051121
2.919	0.051074
2.9207	0.051001
2.9223	0.050937
2.9239	0.050913
2.9256	0.050937
2.9272	0.050996
2.9289	0.05106
2.9306	0.051098
2.9322	0.051091
2.9339	0.051048
2.9355	0.051001
2.9372	0.050982
2.9389	0.05102
2.9405	0.051121
2.9422	0.051273
2.9439	0.051443
2.9455	0.051593
2.9472	0.05169
2.9489	0.051728
2.9506	0.051718
2.9523	0.051697
2.9539	0.05169
2.9556	0.051721
2.9573	0.051794
2.959	0.051898
2.9607	0.052021
2.9624	0.052152
2.9641	0.052289
2.9658	0.05244
2.9675	0.052618
2.9692	0.052815
2.9709	0.053023
2.9726	0.053227
2.9743	0.053419
2.976	0.053608
2.9777	0.053812
2.9794	0.054046
2.9811	0.054316
2.9828	0.054596
2.9845	0.054856
2.9863	0.05506
2.988	0.055206
2.9897	0.055311
2.9914	0.05541
2.9932	0.055548
2.9949	0.055746
2.9966	0.056009
2.9984	0.056305
3.0001	0.056613
3.0018	0.056912
3.0036	0.057193
3.0053	0.057463
3.007	0.057731
3.0088	0.057991
3.0105	0.058233
3.0123	0.058444
3.014	0.058617
3.0158	0.058756
3.0176	0.058887
3.0193	0.059038
3.0211	0.059232
3.0228	0.059472
3.0246	0.059737
3.0264	0.060002
3.0281	0.060239
3.0299	0.060438
3.0317	0.060601
3.0334	0.060748
3.0352	0.060902
3.037	0.06108
3.0388	0.061288
3.0406	0.061525
3.0423	0.061785
3.0441	0.062053
3.0459	0.062313
3.0477	0.062548
3.0495	0.062749
3.0513	0.062912
3.0531	0.063045
3.0549	0.063159
3.0567	0.06327
3.0585	0.063391
3.0603	0.063531
3.0621	0.063687
3.0639	0.063867
3.0657	0.064066
3.0675	0.064286
3.0694	0.064525
3.0712	0.064781
3.073	0.065044
3.0748	0.065311
3.0766	0.065579
3.0785	0.065849
3.0803	0.066117
3.0821	0.066391
3.084	0.066673
3.0858	0.066962
3.0876	0.06726
3.0895	0.067564
3.0913	0.067871
3.0932	0.068184
3.095	0.068504
3.0969	0.068842
3.0987	0.069205
3.1006	0.069595
3.1024	0.070019
3.1043	0.070476
3.1061	0.070962
3.108	0.071462
3.1099	0.071971
3.1117	0.072477
3.1136	0.072977
3.1155	0.073472
3.1174	0.073962
3.1192	0.074453
3.1211	0.07495
3.123	0.075464
3.1249	0.076011
3.1268	0.076593
3.1286	0.077226
3.1305	0.077903
3.1324	0.078613
3.1343	0.07934
3.1362	0.080058
3.1381	0.080757
3.14	0.081429
3.1419	0.082076
3.1438	0.08271
3.1457	0.083354
3.1476	0.08402
3.1495	0.084721
3.1515	0.085464
3.1534	0.086248
3.1553	0.087051
3.1572	0.087854
3.1591	0.088633
3.1611	0.089374
3.163	0.090071
3.1649	0.090743
3.1669	0.091418
3.1688	0.092121
3.1707	0.092874
3.1727	0.093684
3.1746	0.094542
3.1766	0.095423
3.1785	0.096306
3.1805	0.097177
3.1824	0.098035
3.1844	0.098882
3.1863	0.09973
3.1883	0.100588
3.1902	0.101452
3.1922	0.102307
3.1942	0.103143
3.1961	0.103946
3.1981	0.104715
3.2001	0.105464
3.2021	0.106214
3.204	0.106996
3.206	0.107829
3.208	0.108729
3.21	0.109691
3.212	0.110695
3.214	0.111711
3.216	0.112698
3.218	0.113634
3.22	0.114508
3.222	0.115332
3.224	0.116134
3.226	0.116951
3.228	0.117806
3.23	0.118716
3.232	0.119663
3.234	0.120627
3.2361	0.121581
3.2381	0.122517
3.2401	0.123433
3.2421	0.12434
3.2442	0.125254
3.2462	0.126185
3.2482	0.127127
3.2503	0.128072
3.2523	0.12901
3.2543	0.129931
3.2564	0.130831
3.2584	0.131724
3.2605	0.132622
3.2625	0.13354
3.2646	0.134497
3.2666	0.135497
3.2687	0.136541
3.2708	0.137614
3.2728	0.138703
3.2749	0.13979
3.277	0.14087
3.279	0.141931
3.2811	0.142982
3.2832	0.144024
3.2853	0.145059
3.2874	0.146087
3.2894	0.147108
3.2915	0.148126
3.2936	0.149144
3.2957	0.150172
3.2978	0.151219
3.2999	0.152284
3.302	0.153364
3.3041	0.154451
3.3062	0.155534
3.3083	0.156611
3.3104	0.157679
3.3126	0.158738
3.3147	0.159784
3.3168	0.160819
3.3189	0.16183
3.321	0.162816
3.3232	0.163777
3.3253	0.16472
3.3274	0.165655
3.3296	0.166579
3.3317	0.16749
3.3339	0.168374
3.336	0.169221
3.3382	0.170022
3.3403	0.170777
3.3425	0.171502
3.3446	0.172205
3.3468	0.172892
3.3489	0.173562
3.3511	0.174214
3.3533	0.174839
3.3554	0.175438
3.3576	0.176016
3.3598	0.176584
3.362	0.177148
3.3641	0.177707
3.3663	0.178251
3.3685	0.17877
3.3707	0.179255
3.3729	0.179727
3.3751	0.180212
3.3773	0.180764
3.3795	0.181427
3.3817	0.182227
3.3839	0.183153
3.3861	0.184155
3.3883	0.185157
3.3906	0.186076
3.3928	0.186843
3.395	0.187418
3.3972	0.187797
3.3994	0.188006
3.4017	0.188096
3.4039	0.188131
3.4061	0.188176
3.4084	0.188304
3.4106	0.188581
3.4129	0.189062
3.4151	0.189782
3.4174	0.19076
3.4196	0.191991
3.4219	0.19346
3.4241	0.195129
3.4264	0.196967
3.4287	0.198925
3.4309	0.200945
3.4332	0.202965
3.4355	0.204921
3.4378	0.206773
3.44	0.208497
3.4423	0.210103
3.4446	0.211614
3.4469	0.213061
3.4492	0.214458
3.4515	0.215808
3.4538	0.217096
3.4561	0.218302
3.4584	0.219415
3.4607	0.220426
3.463	0.221349
3.4653	0.222195
3.4677	0.222983
3.47	0.223734
3.4723	0.224482
3.4746	0.225254
3.477	0.226083
3.4793	0.226976
3.4816	0.227921
3.484	0.228871
3.4863	0.229768
3.4887	0.230552
3.491	0.231187
3.4934	0.231684
3.4957	0.232101
3.4981	0.232534
3.5004	0.233117
3.5028	0.233979
3.5052	0.235222
3.5075	0.236889
3.5099	0.238945
3.5123	0.241299
3.5147	0.243814
3.5171	0.246338
3.5195	0.248751
3.5218	0.250975
3.5242	0.252983
3.5266	0.254781
3.529	0.2564
3.5314	0.257881
3.5338	0.259261
3.5363	0.260571
3.5387	0.261835
3.5411	0.263069
3.5435	0.264279
3.5459	0.265468
3.5484	0.266638
3.5508	0.267794
3.5532	0.268942
3.5557	0.270091
3.5581	0.271244
3.5605	0.272397
3.563	0.273536
3.5654	0.274649
3.5679	0.275725
3.5704	0.276755
3.5728	0.277749
3.5753	0.278723
3.5777	0.279696
3.5802	0.280681
3.5827	0.281685
3.5852	0.282706
3.5876	0.283729
3.5901	0.284747
3.5926	0.285756
3.5951	0.286753
3.5976	0.287741
3.6001	0.288719
3.6026	0.289685
3.6051	0.290632
3.6076	0.291553
3.6101	0.292446
3.6127	0.293315
3.6152	0.29417
3.6177	0.295016
3.6202	0.295856
3.6227	0.296702
3.6253	0.297552
3.6278	0.298407
3.6304	0.299262
3.6329	0.30011
3.6355	0.300934
3.638	0.301725
3.6406	0.302482
3.6431	0.303212
3.6457	0.303932
3.6482	0.304654
3.6508	0.305381
3.6534	0.306113
3.656	0.30683
3.6585	0.307517
3.6611	0.308166
3.6637	0.308775
3.6663	0.30935
3.6689	0.309897
3.6715	0.310418
3.6741	0.310915
3.6767	0.311384
3.6793	0.31183
3.6819	0.312258
3.6845	0.312682
3.6872	0.313104
3.6898	0.313523
3.6924	0.313935
3.695	0.31433
3.6977	0.314709
3.7003	0.315074
3.703	0.315436
3.7056	0.315806
3.7083	0.316192
3.7109	0.31659
3.7136	0.316995
3.7162	0.317411
3.7189	0.317842
3.7216	0.318292
3.7242	0.318768
3.7269	0.31927
3.7296	0.319791
3.7323	0.320324
3.735	0.320859
3.7377	0.321399
3.7404	0.321953
3.7431	0.322534
3.7458	0.323154
3.7485	0.323817
3.7512	0.324513
3.7539	0.325229
3.7566	0.325944
3.7594	0.32664
3.7621	0.32732
3.7648	0.327988
3.7676	0.328658
3.7703	0.32934
3.773	0.330034
3.7758	0.330727
3.7785	0.331402
3.7813	0.332039
3.7841	0.332622
3.7868	0.333148
3.7896	0.333617
3.7924	0.334033
3.7951	0.334403
3.7979	0.334727
3.8007	0.335011
3.8035	0.335265
3.8063	0.335485
3.8091	0.335677
3.8119	0.33584
3.8147	0.335973
3.8175	0.336068
3.8203	0.336127
3.8231	0.336153
3.8259	0.336155
3.8288	0.336143
3.8316	0.336125
3.8344	0.336108
3.8373	0.336098
3.8401	0.336094
3.843	0.336106
3.8458	0.336143
3.8487	0.336219
3.8515	0.336352
3.8544	0.336546
3.8573	0.336797
3.8601	0.337088
3.863	0.337396
3.8659	0.337699
3.8688	0.337981
3.8717	0.338244
3.8746	0.338495
3.8775	0.338758
3.8804	0.339054
3.8833	0.339388
3.8862	0.33975
3.8891	0.340122
3.892	0.340468
3.8949	0.340766
3.8979	0.340998
3.9008	0.341173
3.9037	0.341308
3.9067	0.341415
3.9096	0.341507
3.9126	0.341578
3.9155	0.341612
3.9185	0.34159
3.9214	0.341495
3.9244	0.341313
3.9274	0.341038
3.9304	0.340662
3.9333	0.340165
3.9363	0.339535
3.9393	0.33876
3.9423	0.337841
3.9453	0.336797
3.9483	0.335665
3.9513	0.334493
3.9544	0.33333
3.9574	0.332219
3.9604	0.331187
3.9634	0.330251
3.9665	0.329425
3.9695	0.32871
3.9725	0.328115
3.9756	0.327658
3.9786	0.32736
3.9817	0.327237
3.9847	0.327298
3.9878	0.327538
3.9909	0.327928
3.994	0.328435
3.997	0.329018
4.0001	0.329648
