0.2771	0.008422
0.2811	0.00571
0.2851	0.006936
0.2891	0.010695
0.2931	0.009187
0.2971	0.008582
0.3011	0.007174
0.3051	0.008928
0.3091	0.012837
0.3131	0.014371
0.3171	0.011768
0.3211	0.014508
0.3251	0.012421
0.3291	0.013513
0.3331	0.013472
0.3371	0.01583
0.3411	0.015216
0.3451	0.015198
0.3491	0.015526
0.3531	0.019046
0.3571	0.019453
0.3606	0.019263
0.3636	0.021287
0.3666	0.020993
0.3696	0.022579
0.3726	0.02346
0.3756	0.023901
0.3786	0.024494
0.3811	0.026135
0.3831	0.027059
0.3851	0.028168
0.3871	0.029164
0.3891	0.031341
0.3911	0.033164
0.3931	0.034756
0.3951	0.035741
0.3971	0.038969
0.3991	0.040122
0.4011	0.042967
0.4031	0.046166
0.4051	0.049792
0.4071	0.052674
0.4091	0.055653
0.4111	0.060204
0.4128	0.063548
0.4158	0.069368
0.4188	0.075513
0.4218	0.081762
0.4248	0.088638
0.4278	0.095253
0.4308	0.100106
0.4338	0.107534
0.4368	0.112398
0.4398	0.117453
0.4428	0.122438
0.4458	0.126897
0.4488	0.131374
0.4513	0.136775
0.4533	0.139089
0.4553	0.141782
0.4573	0.142958
0.4593	0.145232
0.4613	0.148593
0.4633	0.152888
0.4653	0.154434
0.4673	0.15813
0.4693	0.159173
0.4713	0.161767
0.4733	0.164721
0.4753	0.168084
0.4773	0.168901
0.4793	0.171971
0.4813	0.172928
0.4833	0.17542
0.4853	0.178206
0.4873	0.180523
0.4893	0.181454
0.4913	0.184375
0.4933	0.185187
0.4953	0.189109
0.4973	0.189718
0.4993	0.192823
0.5013	0.19366
0.5033	0.195548
0.5053	0.197931
0.5073	0.199945
0.5093	0.20053
0.5113	0.203636
0.5133	0.204511
0.5153	0.207082
0.5173	0.208837
0.5193	0.210433
0.5213	0.211768
0.5233	0.213718
0.5253	0.215953
0.5273	0.216827
0.5293	0.217495
0.5313	0.22041
0.5333	0.221713
0.5353	0.22415
0.5373	0.225796
0.5393	0.228469
0.5413	0.228859
0.5433	0.23138
0.5453	0.231661
0.5473	0.234916
0.5493	0.233701
0.5513	0.237225
0.5533	0.237341
0.5553	0.240104
0.5573	0.240128
0.5593	0.242067
0.5613	0.243865
0.5633	0.245516
0.5653	0.248251
0.5673	0.248262
0.5693	0.251083
0.5713	0.251867
0.5733	0.253663
0.5753	0.255943
0.5773	0.256482
0.5793	0.260784
0.5813	0.259228
0.5833	0.262717
0.5853	0.263354
0.5873	0.265349
0.5893	0.266517
0.5913	0.268623
0.5933	0.268564
0.5953	0.26966
0.5973	0.269798
0.5993	0.270799
0.6011	0.272797
0.6027	0.273321
0.6043	0.275428
0.6059	0.275258
0.6075	0.276303
0.6091	0.276793
0.6107	0.277189
0.6123	0.278751
0.6139	0.279837
0.6155	0.281749
0.6171	0.281515
0.6187	0.282829
0.6203	0.285154
0.6219	0.285027
0.6235	0.285886
0.6251	0.288219
0.6267	0.288946
0.6283	0.289852
0.6299	0.290359
0.6317	0.291907
0.6337	0.292865
0.6357	0.293507
0.6377	0.29634
0.6397	0.296077
0.6417	0.298794
0.6437	0.299242
0.6457	0.301012
0.6477	0.301609
0.6497	0.303237
0.6517	0.30277
0.6537	0.304491
0.6557	0.305865
0.6577	0.306958
0.6597	0.307925
0.6617	0.308157
0.6637	0.309178
0.6657	0.311394
0.6677	0.310924
0.6702	0.311851
0.6732	0.312021
0.6762	0.314106
0.6792	0.315665
0.6822	0.317396
0.6852	0.320465
0.6882	0.320363
0.6912	0.322484
0.6942	0.322771
0.6972	0.324893
0.7002	0.325094
0.702	0.326721
0.704	0.325131
0.706	0.327238
0.708	0.326929
0.71	0.328351
0.712	0.328226
0.714	0.33013
0.716	0.329519
0.718	0.331295
0.72	0.331064
0.722	0.332573
0.724	0.332822
0.726	0.333903
0.728	0.334306
0.73	0.335425
0.732	0.334942
0.734	0.33622
0.736	0.336455
0.738	0.337515
0.74	0.337563
0.742	0.338649
0.744	0.33885
0.746	0.339353
0.748	0.339577
0.7505	0.339543
0.7535	0.340136
0.7565	0.340676
0.7595	0.34183
0.7625	0.343239
0.7655	0.342406
0.7685	0.34351
0.7715	0.344652
0.7745	0.347028
0.7775	0.346763
0.781	0.346516
0.785	0.346456
0.789	0.347963
0.793	0.350233
0.797	0.349878
0.8015	0.349289
0.8065	0.351342
0.8115	0.351304
0.8165	0.352289
0.822	0.352009
0.828	0.353325
0.851	0.357472
0.859	0.357063
0.871	0.356265
0.883	0.359522
0.894	0.360415
0.904	0.358315
0.914	0.357846
0.924	0.360724
0.933	0.363376
0.941	0.362479
0.949	0.363113
0.957	0.362575
0.964	0.361652
0.97	0.364411
0.976	0.362755
0.982	0.362658
0.988	0.36277
0.994	0.363143
1	0.362626
1.006	0.362091
1.012	0.360953
1.018	0.362586
1.0235	0.363822
1.0285	0.364416
1.0335	0.363369
1.0385	0.366653
1.0435	0.364458
1.0485	0.365252
1.0535	0.366333
1.0585	0.365446
1.0635	0.365908
1.0685	0.36568
1.0735	0.364737
1.0785	0.366142
1.0835	0.369158
1.0885	0.367385
1.0935	0.366543
1.0985	0.36825
1.1035	0.36709
1.1085	0.368786
1.1135	0.368846
1.1185	0.367617
1.1235	0.368519
1.1285	0.367882
1.1335	0.367348
1.1385	0.364735
1.1435	0.362865
1.1485	0.364828
1.1535	0.363666
1.1585	0.361293
1.1635	0.360398
1.1685	0.360179
1.1735	0.358186
1.1785	0.356687
1.1835	0.356511
1.1885	0.356413
1.1935	0.35638
1.1985	0.3555
1.2035	0.355472
1.2085	0.354062
1.2135	0.353721
1.2185	0.356017
1.2235	0.3552
1.2285	0.35575
1.2335	0.356969
1.2385	0.356805
1.2435	0.35828
1.2485	0.358393
1.2535	0.36037
1.2585	0.360318
1.2635	0.360585
1.2685	0.360461
1.2735	0.359899
1.2785	0.361107
1.2835	0.361798
1.2885	0.362245
1.2935	0.361309
1.2985	0.361509
1.3035	0.362581
1.3085	0.361374
1.3135	0.3625
1.3185	0.361881
1.3235	0.360713
1.3285	0.360542
1.3335	0.358457
1.3385	0.358549
1.3435	0.355588
1.3485	0.351905
1.3535	0.350685
1.3585	0.347798
1.3635	0.346007
1.3685	0.345032
1.3735	0.343397
1.3785	0.3405
1.3835	0.341222
1.3885	0.337577
1.3935	0.33169
1.3985	0.330419
1.4035	0.322767
1.4085	0.317245
1.4135	0.307554
1.4185	0.297863
1.4235	0.291093
1.4285	0.283598
1.4335	0.280427
1.4385	0.276068
1.4435	0.274329
1.4485	0.272552
1.4535	0.272966
1.4585	0.271201
1.4635	0.27354
1.4685	0.26969
1.4735	0.27043
1.4785	0.271013
1.4835	0.272806
1.4885	0.273522
1.4935	0.274253
1.4985	0.276133
1.5035	0.277467
1.5085	0.277453
1.5135	0.278693
1.5185	0.281212
1.5235	0.280983
1.5285	0.283248
1.534	0.283305
1.54	0.286555
1.546	0.286336
1.552	0.287266
1.558	0.289608
1.564	0.28779
1.5705	0.287901
1.5775	0.288567
1.5845	0.290402
1.5915	0.292143
1.5985	0.293881
1.6055	0.297766
1.6125	0.298773
1.6195	0.301173
1.6265	0.303157
1.6335	0.304898
1.6405	0.306092
1.6475	0.305839
1.6545	0.30684
1.6615	0.305159
1.6685	0.305576
1.676	0.301276
1.684	0.298617
1.692	0.299266
1.7	0.298824
1.708	0.297661
1.716	0.289988
1.724	0.290677
1.732	0.288129
1.74	0.290103
1.748	0.292509
1.756	0.294051
1.764	0.290041
1.772	0.291023
1.78	0.289841
1.788	0.294455
1.796	0.290833
1.805	0.292509
1.815	0.293578
1.825	0.292046
1.835	0.294978
1.845	0.297987
1.855	0.298985
1.865	0.297298
1.875	0.290785
1.885	0.279644
1.895	0.253149
1.905	0.2273
1.915	0.207394
1.925	0.198489
1.935	0.20037
1.945	0.206771
1.955	0.211735
1.965	0.22361
1.975	0.23066
1.985	0.234711
1.995	0.24302
2.005	0.243604
2.015	0.245989
2.025	0.240195
2.035	0.235747
2.045	0.225798
2.055	0.218239
2.065	0.21089
2.075	0.207281
2.085	0.207568
2.095	0.198409
2.105	0.202349
2.115	0.202673
2.125	0.205032
2.135	0.209151
2.145	0.212034
2.155	0.211478
2.165	0.21741
2.175	0.220343
2.185	0.219485
2.195	0.220148
2.205	0.222516
2.215	0.224424
2.225	0.221953
2.235	0.215372
2.245	0.206529
2.255	0.198802
2.265	0.194618
2.275	0.18968
2.285	0.189713
2.295	0.191911
2.305	0.18478
2.315	0.182665
2.325	0.180811
2.335	0.180116
2.345	0.177039
2.355	0.177044
2.365	0.181107
2.375	0.181688
2.386	0.1794
2.4	0.179187
2.418	0.171317
2.44	0.160243
2.466	0.144688
2.496	0.134728
2.528	0.138442
2.56	0.143305
2.592	0.150442
2.624	0.156658
2.656	0.147906
2.688	0.130677
2.72	0.08289
2.752	0.029415
2.784	0.011351
2.816	0.01753
2.848	0.011059
2.88	0.01218
2.912	0.005411
2.944	0.004672
2.976	0.002612
