0.3	0.088
0.302	0.090
0.304	0.092
0.306	0.094
0.308	0.095
0.31	0.097
0.312	0.099
0.314	0.100
0.316	0.102
0.318	0.104
0.32	0.105
0.322	0.107
0.324	0.108
0.326	0.110
0.328	0.111
0.33	0.113
0.332	0.114
0.334	0.115
0.336	0.117
0.338	0.118
0.34	0.119
0.342	0.120
0.344	0.121
0.346	0.122
0.348	0.123
0.35	0.124
0.352	0.125
0.354	0.126
0.356	0.127
0.358	0.128
0.36	0.129
0.362	0.130
0.364	0.131
0.366	0.132
0.368	0.133
0.37	0.134
0.372	0.135
0.374	0.136
0.376	0.137
0.378	0.139
0.38	0.140
0.382	0.142
0.384	0.143
0.386	0.145
0.388	0.146
0.39	0.147
0.392	0.149
0.394	0.150
0.396	0.152
0.398	0.153
0.4	0.154
0.402	0.156
0.404	0.157
0.406	0.158
0.408	0.159
0.41	0.161
0.412	0.162
0.414	0.163
0.416	0.164
0.418	0.166
0.42	0.167
0.422	0.168
0.424	0.170
0.426	0.171
0.428	0.173
0.43	0.174
0.432	0.176
0.434	0.177
0.436	0.179
0.438	0.180
0.44	0.182
0.442	0.183
0.444	0.185
0.446	0.186
0.448	0.188
0.45	0.189
0.452	0.190
0.454	0.191
0.456	0.192
0.458	0.193
0.46	0.194
0.462	0.195
0.464	0.196
0.466	0.197
0.468	0.198
0.47	0.199
0.472	0.200
0.474	0.201
0.476	0.202
0.478	0.203
0.48	0.204
0.482	0.205
0.484	0.206
0.486	0.207
0.488	0.208
0.49	0.210
0.492	0.211
0.494	0.212
0.496	0.213
0.498	0.215
0.5	0.216
0.502	0.217
0.504	0.219
0.506	0.220
0.508	0.221
0.51	0.223
0.512	0.224
0.514	0.226
0.516	0.227
0.518	0.228
0.52	0.230
0.522	0.231
0.524	0.233
0.526	0.235
0.528	0.236
0.53	0.238
0.532	0.239
0.534	0.241
0.536	0.242
0.538	0.244
0.54	0.245
0.542	0.247
0.544	0.249
0.546	0.250
0.548	0.252
0.55	0.254
0.552	0.256
0.554	0.257
0.556	0.259
0.558	0.261
0.56	0.263
0.562	0.264
0.564	0.266
0.566	0.268
0.568	0.269
0.57	0.271
0.572	0.273
0.574	0.274
0.576	0.275
0.578	0.277
0.58	0.278
0.582	0.279
0.584	0.280
0.586	0.281
0.588	0.283
0.59	0.283
0.592	0.284
0.594	0.285
0.596	0.286
0.598	0.287
0.6	0.288
0.602	0.288
0.604	0.289
0.606	0.290
0.608	0.290
0.61	0.291
0.612	0.291
0.614	0.292
0.616	0.292
0.618	0.293
0.62	0.293
0.622	0.294
0.624	0.294
0.626	0.294
0.628	0.295
0.63	0.295
0.632	0.296
0.634	0.296
0.636	0.296
0.638	0.297
0.64	0.297
0.642	0.297
0.644	0.298
0.646	0.298
0.648	0.298
0.65	0.299
0.652	0.299
0.654	0.299
0.656	0.300
0.658	0.300
0.66	0.300
0.662	0.301
0.664	0.301
0.666	0.301
0.668	0.302
0.67	0.302
0.672	0.302
0.674	0.303
0.676	0.303
0.678	0.303
0.68	0.304
0.682	0.304
0.684	0.304
0.686	0.305
0.688	0.305
0.69	0.305
0.692	0.305
0.694	0.306
0.696	0.306
0.698	0.306
0.7	0.306
0.702	0.307
0.704	0.307
0.706	0.307
0.708	0.307
0.71	0.308
0.712	0.308
0.714	0.308
0.716	0.308
0.718	0.309
0.72	0.309
0.722	0.309
0.724	0.309
0.726	0.310
0.728	0.310
0.73	0.310
0.732	0.310
0.734	0.310
0.736	0.310
0.738	0.311
0.74	0.311
0.742	0.311
0.744	0.311
0.746	0.311
0.748	0.312
0.75	0.312
0.752	0.312
0.754	0.312
0.756	0.312
0.758	0.312
0.76	0.312
0.762	0.312
0.764	0.313
0.766	0.313
0.768	0.313
0.77	0.313
0.772	0.313
0.774	0.313
0.776	0.313
0.778	0.314
0.78	0.314
0.782	0.314
0.784	0.314
0.786	0.314
0.788	0.314
0.79	0.314
0.792	0.314
0.794	0.314
0.796	0.314
0.798	0.314
0.8	0.314
0.82	0.315
0.84	0.315
0.86	0.316
0.88	0.319
0.9	0.321
0.92	0.322
0.94	0.324
0.96	0.325
0.98	0.326
1	0.328
1.02	0.330
1.04	0.332
1.06	0.334
1.08	0.336
1.1	0.339
1.12	0.341
1.14	0.343
1.16	0.345
1.18	0.347
1.2	0.349
1.22	0.351
1.24	0.353
1.26	0.354
1.28	0.356
1.3	0.358
1.32	0.359
1.34	0.361
1.36	0.363
1.38	0.362
1.4	0.358
1.42	0.356
1.44	0.360
1.46	0.364
1.48	0.367
1.5	0.371
1.52	0.375
1.54	0.378
1.56	0.382
1.58	0.385
1.6	0.388
1.62	0.391
1.64	0.394
1.66	0.397
1.68	0.399
1.7	0.400
1.72	0.402
1.74	0.403
1.76	0.404
1.78	0.406
1.8	0.407
1.82	0.408
1.84	0.409
1.86	0.408
1.88	0.395
1.9	0.363
1.92	0.343
1.94	0.347
1.96	0.356
1.98	0.365
2	0.375
2.02	0.383
2.04	0.388
2.06	0.391
2.08	0.393
2.1	0.395
2.12	0.398
2.14	0.398
2.16	0.394
2.18	0.389
2.2	0.382
2.22	0.377
2.24	0.374
2.26	0.367
2.28	0.363
2.3	0.359
2.32	0.357
2.34	0.350
2.36	0.348
2.38	0.345
2.4	0.336
2.42	0.327
2.44	0.316
2.46	0.306
2.48	0.299
2.5	0.297
2.52	0.291
2.54	0.288
2.56	0.289
2.58	0.287
2.6	0.285
2.62	0.278
2.64	0.271
2.66	0.255
2.68	0.215
2.7	0.143
2.72	0.094
2.74	0.063
2.76	0.050
2.78	0.048
2.8	0.049
2.82	0.049
2.84	0.049
2.86	0.049
2.88	0.049
2.9	0.049
2.92	0.047
2.94	0.046
2.96	0.048
2.98	0.049
3	0.052
3.02	0.052
3.04	0.050
3.06	0.051
3.08	0.053
3.1	0.053
3.12	0.055
3.14	0.055
3.16	0.056
3.18	0.061
3.2	0.064
3.22	0.066
3.24	0.066
3.26	0.071
3.28	0.074
3.3	0.072
3.32	0.075
3.34	0.074
3.36	0.075
3.38	0.073
3.4	0.071
3.42	0.074
3.44	0.075
3.46	0.079
3.48	0.079
3.5	0.083
3.52	0.091
3.54	0.101
3.56	0.107
3.58	0.109
3.6	0.113
3.62	0.116
3.64	0.120
3.66	0.122
3.68	0.124
3.7	0.124
3.72	0.127
3.74	0.128
3.76	0.128
3.78	0.128
3.8	0.125
3.82	0.121
3.84	0.118
3.86	0.116
3.88	0.116
3.9	0.115
3.92	0.112
3.94	0.106
3.96	0.096
3.98	0.094
4	0.103
