0.35	0.093118
0.351	0.093118
0.352	0.093128
0.353	0.093133
0.354	0.093124
0.355	0.093102
0.356	0.093088
0.357	0.093109
0.358	0.093182
0.359	0.093286
0.36	0.093386
0.361	0.093457
0.362	0.093507
0.363	0.093549
0.364	0.093597
0.365	0.093658
0.366	0.093737
0.367	0.093834
0.368	0.09393
0.369	0.094001
0.37	0.094031
0.371	0.094033
0.372	0.094031
0.373	0.094041
0.374	0.094058
0.375	0.094069
0.376	0.094063
0.377	0.094036
0.378	0.093985
0.379	0.093909
0.38	0.093818
0.381	0.093725
0.382	0.09364
0.383	0.093562
0.384	0.093491
0.385	0.093425
0.386	0.093364
0.387	0.093311
0.388	0.093266
0.389	0.093224
0.39	0.093181
0.391	0.093132
0.392	0.093083
0.393	0.093041
0.394	0.093011
0.395	0.092988
0.396	0.092965
0.397	0.092938
0.398	0.092909
0.399	0.092881
0.4	0.092857
0.401	0.092837
0.402	0.09282
0.403	0.092805
0.404	0.092791
0.405	0.092777
0.406	0.09276
0.407	0.092741
0.408	0.092721
0.409	0.092699
0.41	0.092678
0.411	0.09266
0.412	0.092649
0.413	0.092643
0.414	0.092641
0.415	0.092639
0.416	0.092638
0.417	0.092633
0.418	0.092626
0.419	0.092616
0.42	0.092609
0.421	0.092606
0.422	0.092608
0.423	0.092613
0.424	0.092622
0.425	0.092635
0.426	0.092652
0.427	0.092672
0.428	0.092695
0.429	0.092718
0.43	0.092741
0.431	0.092765
0.432	0.092791
0.433	0.092821
0.434	0.092852
0.435	0.092881
0.436	0.092906
0.437	0.09293
0.438	0.092955
0.439	0.092983
0.44	0.093014
0.441	0.093045
0.442	0.093073
0.443	0.093096
0.444	0.093115
0.445	0.093128
0.446	0.093138
0.447	0.093149
0.448	0.093162
0.449	0.093176
0.45	0.093186
0.451	0.093192
0.452	0.093194
0.453	0.093193
0.454	0.093191
0.455	0.093191
0.456	0.093194
0.457	0.093199
0.458	0.093203
0.459	0.093201
0.46	0.093188
0.461	0.093166
0.462	0.093136
0.463	0.093103
0.464	0.093073
0.465	0.093053
0.466	0.093048
0.467	0.093052
0.468	0.093057
0.469	0.093054
0.47	0.093037
0.471	0.092999
0.472	0.092938
0.473	0.092862
0.474	0.092781
0.475	0.092705
0.476	0.092638
0.477	0.092579
0.478	0.092531
0.479	0.092487
0.48	0.092446
0.481	0.092402
0.482	0.092358
0.483	0.092314
0.484	0.092271
0.485	0.09223
0.486	0.092187
0.487	0.092142
0.488	0.092096
0.489	0.092049
0.49	0.092002
0.491	0.091957
0.492	0.091912
0.493	0.091868
0.494	0.091822
0.495	0.09177
0.496	0.09171
0.497	0.091646
0.498	0.091586
0.499	0.091533
0.5	0.091486
0.501	0.091441
0.502	0.091395
0.503	0.091347
0.504	0.091296
0.505	0.091242
0.506	0.091188
0.507	0.091138
0.508	0.091093
0.509	0.091051
0.51	0.091007
0.511	0.090959
0.512	0.090907
0.513	0.090853
0.514	0.090799
0.515	0.090746
0.516	0.090692
0.517	0.090637
0.518	0.09058
0.519	0.09052
0.52	0.090456
0.521	0.09039
0.522	0.090328
0.523	0.090273
0.524	0.090222
0.525	0.090174
0.526	0.090126
0.527	0.090078
0.528	0.090029
0.529	0.089978
0.53	0.089925
0.531	0.089869
0.532	0.08981
0.533	0.089747
0.534	0.089681
0.535	0.089613
0.536	0.089545
0.537	0.089478
0.538	0.089415
0.539	0.089353
0.54	0.089291
0.541	0.089228
0.542	0.089164
0.543	0.089099
0.544	0.089035
0.545	0.088971
0.546	0.088906
0.547	0.088838
0.548	0.088768
0.549	0.088694
0.55	0.088618
0.551	0.08854
0.552	0.088464
0.553	0.088389
0.554	0.088315
0.555	0.088239
0.556	0.08816
0.557	0.088079
0.558	0.087999
0.559	0.087923
0.56	0.08785
0.561	0.087777
0.562	0.087704
0.563	0.087628
0.564	0.087549
0.565	0.087466
0.566	0.087378
0.567	0.087285
0.568	0.087187
0.569	0.087083
0.57	0.086973
0.571	0.086856
0.572	0.086733
0.573	0.086603
0.574	0.086465
0.575	0.086318
0.576	0.086158
0.577	0.085986
0.578	0.085802
0.579	0.085609
0.58	0.085411
0.581	0.085214
0.582	0.085021
0.583	0.084838
0.584	0.084669
0.585	0.084518
0.586	0.084387
0.587	0.084271
0.588	0.084166
0.589	0.084066
0.59	0.083972
0.591	0.083886
0.592	0.083809
0.593	0.083738
0.594	0.083671
0.595	0.083607
0.596	0.083545
0.597	0.083487
0.598	0.083435
0.599	0.083388
0.6	0.083349
0.601	0.083315
0.602	0.083285
0.603	0.083254
0.604	0.083218
0.605	0.083174
0.606	0.083119
0.607	0.083049
0.608	0.082967
0.609	0.082872
0.61	0.082768
0.611	0.082657
0.612	0.082544
0.613	0.082434
0.614	0.082327
0.615	0.082225
0.616	0.082128
0.617	0.082036
0.618	0.081949
0.619	0.081866
0.62	0.081782
0.621	0.081693
0.622	0.081596
0.623	0.081497
0.624	0.081399
0.625	0.08131
0.626	0.081228
0.627	0.081153
0.628	0.081083
0.629	0.081011
0.63	0.080926
0.631	0.080823
0.632	0.080704
0.633	0.08057
0.634	0.080426
0.635	0.080276
0.636	0.080124
0.637	0.079973
0.638	0.079827
0.639	0.079688
0.64	0.079557
0.641	0.079435
0.642	0.079322
0.643	0.079218
0.644	0.079122
0.645	0.079033
0.646	0.078951
0.647	0.078874
0.648	0.0788
0.649	0.078727
0.65	0.078656
0.651	0.078586
0.652	0.078517
0.653	0.078448
0.654	0.078379
0.655	0.078309
0.656	0.07824
0.657	0.078173
0.658	0.078107
0.659	0.078044
0.66	0.077981
0.661	0.077918
0.662	0.077855
0.663	0.07779
0.664	0.077724
0.665	0.077656
0.666	0.077587
0.667	0.077519
0.668	0.077451
0.669	0.077384
0.67	0.077319
0.671	0.077255
0.672	0.07719
0.673	0.077123
0.674	0.077056
0.675	0.076989
0.676	0.076922
0.677	0.076855
0.678	0.076788
0.679	0.076719
0.68	0.076649
0.681	0.076576
0.682	0.076502
0.683	0.076427
0.684	0.076353
0.685	0.076281
0.686	0.076211
0.687	0.076139
0.688	0.076065
0.689	0.075989
0.69	0.075911
0.691	0.075832
0.692	0.075754
0.693	0.075678
0.694	0.075605
0.695	0.075533
0.696	0.075461
0.697	0.075387
0.698	0.075311
0.699	0.075232
0.7	0.07515
0.701	0.075067
0.702	0.074986
0.703	0.074911
0.704	0.074838
0.705	0.074764
0.706	0.074688
0.707	0.074609
0.708	0.074529
0.709	0.074449
0.71	0.074369
0.711	0.074291
0.712	0.074214
0.713	0.074137
0.714	0.074058
0.715	0.073976
0.716	0.073892
0.717	0.07381
0.718	0.07373
0.719	0.073651
0.72	0.073572
0.721	0.073491
0.722	0.07341
0.723	0.07333
0.724	0.073252
0.725	0.073173
0.726	0.073093
0.727	0.073012
0.728	0.072928
0.729	0.072844
0.73	0.07276
0.731	0.072677
0.732	0.072595
0.733	0.072513
0.734	0.072431
0.735	0.072349
0.736	0.072265
0.737	0.072182
0.738	0.072101
0.739	0.072025
0.74	0.071949
0.741	0.071872
0.742	0.07179
0.743	0.071705
0.744	0.071618
0.745	0.071533
0.746	0.071451
0.747	0.071376
0.748	0.071308
0.749	0.071241
0.75	0.07117
0.751	0.071089
0.752	0.070998
0.753	0.070901
0.754	0.070802
0.755	0.070703
0.756	0.070609
0.757	0.070521
0.758	0.070437
0.759	0.070354
0.76	0.070268
0.761	0.070181
0.762	0.070095
0.763	0.070011
0.764	0.069929
0.765	0.069844
0.766	0.069757
0.767	0.069666
0.768	0.069574
0.769	0.069482
0.77	0.069391
0.771	0.069303
0.772	0.069219
0.773	0.069136
0.774	0.069053
0.775	0.068965
0.776	0.068874
0.777	0.068782
0.778	0.06869
0.779	0.068598
0.78	0.068507
0.781	0.068418
0.782	0.068328
0.783	0.068237
0.784	0.068144
0.785	0.068049
0.786	0.067956
0.787	0.067864
0.788	0.067774
0.789	0.067685
0.79	0.067596
0.791	0.067507
0.792	0.067417
0.793	0.067328
0.794	0.067238
0.795	0.067146
0.796	0.067053
0.797	0.066959
0.798	0.066865
0.799	0.066771
0.8	0.066679
0.801	0.066587
0.802	0.066497
0.803	0.066407
0.804	0.066317
0.805	0.066225
0.806	0.066132
0.807	0.06604
0.808	0.065949
0.809	0.06586
0.81	0.065772
0.811	0.065685
0.812	0.065599
0.813	0.065514
0.814	0.06543
0.815	0.065345
0.816	0.065259
0.817	0.06517
0.818	0.06508
0.819	0.064992
0.82	0.064909
0.821	0.064827
0.822	0.064745
0.823	0.06466
0.824	0.064574
0.825	0.064486
0.826	0.064399
0.827	0.064311
0.828	0.064225
0.829	0.064139
0.83	0.064054
0.831	0.063972
0.832	0.063891
0.833	0.063812
0.834	0.063734
0.835	0.063656
0.836	0.063579
0.837	0.063501
0.838	0.063422
0.839	0.063341
0.84	0.063257
0.841	0.063172
0.842	0.063086
0.843	0.063003
0.844	0.062923
0.845	0.062847
0.846	0.062773
0.847	0.062698
0.848	0.062623
0.849	0.062546
0.85	0.062468
0.851	0.06239
0.852	0.062314
0.853	0.062241
0.854	0.062167
0.855	0.062089
0.856	0.062004
0.857	0.061917
0.858	0.061836
0.859	0.061766
0.86	0.061704
0.861	0.061644
0.862	0.06158
0.863	0.061512
0.864	0.061436
0.865	0.061353
0.866	0.061268
0.867	0.061187
0.868	0.061115
0.869	0.061049
0.87	0.060983
0.871	0.060914
0.872	0.060842
0.873	0.060767
0.874	0.060691
0.875	0.060615
0.876	0.06054
0.877	0.060467
0.878	0.060395
0.879	0.060321
0.88	0.060246
0.881	0.060171
0.882	0.060098
0.883	0.060031
0.884	0.059965
0.885	0.059898
0.886	0.059825
0.887	0.059746
0.888	0.059663
0.889	0.059575
0.89	0.059486
0.891	0.059403
0.892	0.059328
0.893	0.059258
0.894	0.059187
0.895	0.059111
0.896	0.059031
0.897	0.058951
0.898	0.05887
0.899	0.05879
0.9	0.058711
0.901	0.058631
0.902	0.05855
0.903	0.058468
0.904	0.058385
0.905	0.058301
0.906	0.058216
0.907	0.058131
0.908	0.058047
0.909	0.057963
0.91	0.05788
0.911	0.057798
0.912	0.057714
0.913	0.057628
0.914	0.05754
0.915	0.05745
0.916	0.057357
0.917	0.057262
0.918	0.057167
0.919	0.057071
0.92	0.056976
0.921	0.056881
0.922	0.056787
0.923	0.056695
0.924	0.056604
0.925	0.056514
0.926	0.056423
0.927	0.05633
0.928	0.056233
0.929	0.056135
0.93	0.056039
0.931	0.055946
0.932	0.055854
0.933	0.055759
0.934	0.055659
0.935	0.055555
0.936	0.055451
0.937	0.055348
0.938	0.055246
0.939	0.055145
0.94	0.055046
0.941	0.054949
0.942	0.054852
0.943	0.054758
0.944	0.054662
0.945	0.054563
0.946	0.054459
0.947	0.054353
0.948	0.054246
0.949	0.05414
0.95	0.054035
0.951	0.053932
0.952	0.053829
0.953	0.053727
0.954	0.053623
0.955	0.053518
0.956	0.053414
0.957	0.053314
0.958	0.053221
0.959	0.053129
0.96	0.053032
0.961	0.052925
0.962	0.052816
0.963	0.05271
0.964	0.052613
0.965	0.052522
0.966	0.05243
0.967	0.052333
0.968	0.052232
0.969	0.052131
0.97	0.052033
0.971	0.051939
0.972	0.051847
0.973	0.051759
0.974	0.051669
0.975	0.051575
0.976	0.051474
0.977	0.051372
0.978	0.051278
0.979	0.051196
0.98	0.051121
0.981	0.051041
0.982	0.050951
0.983	0.050855
0.984	0.05076
0.985	0.050672
0.986	0.050589
0.987	0.050509
0.988	0.050428
0.989	0.050346
0.99	0.050265
0.991	0.050186
0.992	0.050113
0.993	0.05005
0.994	0.049998
0.995	0.049946
0.996	0.049879
0.997	0.04979
0.998	0.049702
0.999	0.049644
1	0.049638
1.001	0.049673
1.002	0.049729
1.003	0.049789
1.004	0.049831
1.005	0.049834
1.006	0.049786
1.007	0.049707
1.008	0.049623
1.009	0.049559
1.01	0.049517
1.011	0.0495
1.012	0.049504
1.013	0.049517
1.014	0.049522
1.015	0.049506
1.016	0.049463
1.017	0.049417
1.018	0.049394
1.019	0.049405
1.02	0.049427
1.021	0.049434
1.022	0.049411
1.023	0.049378
1.024	0.049357
1.025	0.049362
1.026	0.049383
1.027	0.049409
1.028	0.049436
1.029	0.04948
1.03	0.049558
1.031	0.049677
1.032	0.049814
1.033	0.049943
1.034	0.050046
1.035	0.050127
1.036	0.050194
1.037	0.050253
1.038	0.050315
1.039	0.050394
1.04	0.050493
1.041	0.050606
1.042	0.050725
1.043	0.050841
1.044	0.050957
1.045	0.05107
1.046	0.051185
1.047	0.051306
1.048	0.051443
1.049	0.051597
1.05	0.051769
1.051	0.051956
1.052	0.052154
1.053	0.052353
1.054	0.052546
1.055	0.052728
1.056	0.052908
1.057	0.053096
1.058	0.0533
1.059	0.05352
1.06	0.053757
1.061	0.054006
1.062	0.054262
1.063	0.054513
1.064	0.054756
1.065	0.05499
1.066	0.05522
1.067	0.055449
1.068	0.055686
1.069	0.055939
1.07	0.056211
1.071	0.056495
1.072	0.056782
1.073	0.057066
1.074	0.057348
1.075	0.057629
1.076	0.057911
1.077	0.058199
1.078	0.058499
1.079	0.058811
1.08	0.059131
1.081	0.059452
1.082	0.05977
1.083	0.060083
1.084	0.060391
1.085	0.060697
1.086	0.061007
1.087	0.061328
1.088	0.061664
1.089	0.062003
1.09	0.062334
1.091	0.062649
1.092	0.062955
1.093	0.063262
1.094	0.063573
1.095	0.06389
1.096	0.06421
1.097	0.06453
1.098	0.064849
1.099	0.065164
1.1	0.065473
1.101	0.065781
1.102	0.066093
1.103	0.066409
1.104	0.066728
1.105	0.067043
1.106	0.067353
1.107	0.06766
1.108	0.067969
1.109	0.06828
1.11	0.068593
1.111	0.068907
1.112	0.069219
1.113	0.069531
1.114	0.06984
1.115	0.070146
1.116	0.070449
1.117	0.070747
1.118	0.071039
1.119	0.071328
1.12	0.071618
1.121	0.07191
1.122	0.072206
1.123	0.072506
1.124	0.072809
1.125	0.073109
1.126	0.0734
1.127	0.073679
1.128	0.07395
1.129	0.07422
1.13	0.074493
1.131	0.07477
1.132	0.07505
1.133	0.075333
1.134	0.075618
1.135	0.075905
1.136	0.076193
1.137	0.076477
1.138	0.076755
1.139	0.077024
1.14	0.077286
1.141	0.077544
1.142	0.077799
1.143	0.078053
1.144	0.078307
1.145	0.078559
1.146	0.078809
1.147	0.079054
1.148	0.079294
1.149	0.079531
1.15	0.079768
1.151	0.080007
1.152	0.080247
1.153	0.080487
1.154	0.080724
1.155	0.08096
1.156	0.081195
1.157	0.08143
1.158	0.081665
1.159	0.0819
1.16	0.082135
1.161	0.082366
1.162	0.082589
1.163	0.082802
1.164	0.08301
1.165	0.083219
1.166	0.083431
1.167	0.083647
1.168	0.083866
1.169	0.084087
1.17	0.084307
1.171	0.084523
1.172	0.084734
1.173	0.084941
1.174	0.085143
1.175	0.085342
1.176	0.085538
1.177	0.08573
1.178	0.085918
1.179	0.086102
1.18	0.086284
1.181	0.086463
1.182	0.086642
1.183	0.086821
1.184	0.087001
1.185	0.087181
1.186	0.087361
1.187	0.087541
1.188	0.08772
1.189	0.087901
1.19	0.088082
1.191	0.088262
1.192	0.08844
1.193	0.088613
1.194	0.088782
1.195	0.088948
1.196	0.089112
1.197	0.089275
1.198	0.089439
1.199	0.089604
1.2	0.089771
1.201	0.089941
1.202	0.090112
1.203	0.09028
1.204	0.090438
1.205	0.090584
1.206	0.090721
1.207	0.090854
1.208	0.090986
1.209	0.091119
1.21	0.091256
1.211	0.091396
1.212	0.091542
1.213	0.091691
1.214	0.091843
1.215	0.091996
1.216	0.092147
1.217	0.092294
1.218	0.092433
1.219	0.092563
1.22	0.092682
1.221	0.092797
1.222	0.092915
1.223	0.093041
1.224	0.09317
1.225	0.093299
1.226	0.093425
1.227	0.09355
1.228	0.093675
1.229	0.093801
1.23	0.093926
1.231	0.094046
1.232	0.094161
1.233	0.094273
1.234	0.094384
1.235	0.094496
1.236	0.094609
1.237	0.094724
1.238	0.094839
1.239	0.094955
1.24	0.09507
1.241	0.095186
1.242	0.095301
1.243	0.095417
1.244	0.095533
1.245	0.095646
1.246	0.095752
1.247	0.095849
1.248	0.095945
1.249	0.096046
1.25	0.096155
1.251	0.096268
1.252	0.096379
1.253	0.096486
1.254	0.096589
1.255	0.096691
1.256	0.096791
1.257	0.09689
1.258	0.096986
1.259	0.097078
1.26	0.097167
1.261	0.097253
1.262	0.097339
1.263	0.097425
1.264	0.097513
1.265	0.097604
1.266	0.097695
1.267	0.097783
1.268	0.097868
1.269	0.097952
1.27	0.098037
1.271	0.098126
1.272	0.098217
1.273	0.098308
1.274	0.098398
1.275	0.098488
1.276	0.098577
1.277	0.098668
1.278	0.098757
1.279	0.098844
1.28	0.098929
1.281	0.09901
1.282	0.099089
1.283	0.099166
1.284	0.099242
1.285	0.099318
1.286	0.099395
1.287	0.099472
1.288	0.09955
1.289	0.099627
1.29	0.099705
1.291	0.099783
1.292	0.099862
1.293	0.09994
1.294	0.100018
1.295	0.100094
1.296	0.100171
1.297	0.100249
1.298	0.10033
1.299	0.100412
1.3	0.100494
1.301	0.100576
1.302	0.100659
1.303	0.100744
1.304	0.100832
1.305	0.100918
1.306	0.101
1.307	0.101076
1.308	0.101151
1.309	0.10123
1.31	0.101316
1.311	0.101406
1.312	0.101498
1.313	0.101587
1.314	0.101673
1.315	0.101753
1.316	0.101827
1.317	0.101901
1.318	0.10198
1.319	0.102065
1.32	0.102154
1.321	0.102241
1.322	0.102322
1.323	0.102397
1.324	0.102469
1.325	0.102537
1.326	0.102604
1.327	0.102672
1.328	0.102743
1.329	0.102813
1.33	0.102882
1.331	0.102947
1.332	0.103008
1.333	0.103069
1.334	0.103128
1.335	0.103186
1.336	0.103242
1.337	0.103296
1.338	0.103348
1.339	0.103397
1.34	0.103442
1.341	0.103486
1.342	0.103527
1.343	0.103566
1.344	0.103601
1.345	0.103631
1.346	0.103655
1.347	0.103676
1.348	0.1037
1.349	0.103727
1.35	0.103756
1.351	0.103785
1.352	0.10381
1.353	0.103831
1.354	0.103848
1.355	0.103862
1.356	0.103874
1.357	0.103889
1.358	0.103908
1.359	0.103929
1.36	0.103952
1.361	0.103975
1.362	0.103999
1.363	0.104026
1.364	0.104058
1.365	0.104094
1.366	0.104136
1.367	0.104183
1.368	0.104231
1.369	0.104279
1.37	0.104322
1.371	0.104364
1.372	0.104405
1.373	0.104447
1.374	0.10449
1.375	0.104535
1.376	0.10458
1.377	0.104623
1.378	0.104663
1.379	0.104699
1.38	0.104733
1.381	0.104765
1.382	0.104799
1.383	0.104836
1.384	0.104876
1.385	0.104921
1.386	0.104971
1.387	0.105026
1.388	0.105085
1.389	0.105146
1.39	0.105208
1.391	0.10527
1.392	0.105329
1.393	0.105384
1.394	0.105436
1.395	0.105484
1.396	0.10553
1.397	0.105577
1.398	0.105625
1.399	0.105679
1.4	0.105738
1.401	0.105801
1.402	0.105866
1.403	0.10593
1.404	0.105993
1.405	0.106055
1.406	0.106117
1.407	0.106182
1.408	0.106253
1.409	0.106331
1.41	0.106411
1.411	0.106492
1.412	0.106568
1.413	0.106643
1.414	0.106719
1.415	0.106796
1.416	0.106875
1.417	0.106957
1.418	0.107042
1.419	0.10713
1.42	0.107221
1.421	0.107314
1.422	0.107408
1.423	0.107502
1.424	0.107594
1.425	0.107685
1.426	0.107777
1.427	0.107869
1.428	0.10796
1.429	0.10805
1.43	0.108136
1.431	0.108221
1.432	0.108304
1.433	0.108387
1.434	0.108469
1.435	0.108552
1.436	0.108634
1.437	0.108716
1.438	0.108796
1.439	0.108873
1.44	0.108947
1.441	0.109019
1.442	0.10909
1.443	0.109159
1.444	0.109226
1.445	0.10929
1.446	0.109352
1.447	0.109412
1.448	0.109472
1.449	0.109532
1.45	0.109593
1.451	0.109656
1.452	0.109719
1.453	0.10978
1.454	0.109837
1.455	0.109893
1.456	0.109948
1.457	0.110005
1.458	0.110064
1.459	0.110127
1.46	0.110193
1.461	0.110261
1.462	0.110329
1.463	0.110396
1.464	0.110461
1.465	0.110526
1.466	0.110589
1.467	0.110652
1.468	0.110717
1.469	0.110783
1.47	0.110849
1.471	0.11091
1.472	0.110967
1.473	0.11102
1.474	0.111074
1.475	0.111129
1.476	0.111184
1.477	0.111237
1.478	0.111287
1.479	0.111336
1.48	0.111385
1.481	0.111435
1.482	0.111487
1.483	0.111539
1.484	0.11159
1.485	0.111639
1.486	0.111686
1.487	0.11173
1.488	0.111773
1.489	0.111815
1.49	0.111857
1.491	0.111901
1.492	0.111948
1.493	0.111997
1.494	0.112048
1.495	0.112098
1.496	0.112145
1.497	0.11219
1.498	0.112235
1.499	0.112279
1.5	0.112324
1.501	0.112371
1.502	0.112419
1.503	0.112468
1.504	0.112518
1.505	0.112568
1.506	0.112615
1.507	0.112659
1.508	0.112698
1.509	0.112736
1.51	0.112775
1.511	0.112816
1.512	0.112859
1.513	0.112905
1.514	0.112953
1.515	0.113001
1.516	0.113047
1.517	0.113091
1.518	0.113134
1.519	0.113176
1.52	0.113221
1.521	0.113267
1.522	0.113317
1.523	0.113371
1.524	0.113424
1.525	0.113473
1.526	0.113517
1.527	0.113557
1.528	0.113593
1.529	0.113628
1.53	0.113662
1.531	0.113697
1.532	0.113733
1.533	0.113771
1.534	0.113809
1.535	0.113846
1.536	0.113881
1.537	0.113911
1.538	0.113936
1.539	0.11396
1.54	0.113986
1.541	0.114017
1.542	0.114054
1.543	0.114094
1.544	0.114137
1.545	0.114179
1.546	0.114215
1.547	0.114244
1.548	0.114269
1.549	0.114293
1.55	0.11432
1.551	0.114351
1.552	0.11439
1.553	0.114436
1.554	0.114484
1.555	0.11453
1.556	0.11457
1.557	0.114606
1.558	0.114639
1.559	0.114671
1.56	0.114704
1.561	0.114738
1.562	0.114774
1.563	0.11481
1.564	0.114843
1.565	0.114873
1.566	0.1149
1.567	0.114924
1.568	0.114947
1.569	0.11497
1.57	0.114997
1.571	0.115031
1.572	0.115069
1.573	0.115111
1.574	0.115156
1.575	0.1152
1.576	0.115239
1.577	0.115271
1.578	0.115299
1.579	0.115327
1.58	0.115357
1.581	0.115387
1.582	0.115414
1.583	0.115438
1.584	0.115459
1.585	0.115479
1.586	0.115501
1.587	0.115521
1.588	0.115539
1.589	0.115555
1.59	0.11557
1.591	0.115584
1.592	0.1156
1.593	0.115618
1.594	0.115641
1.595	0.115667
1.596	0.115696
1.597	0.115722
1.598	0.115745
1.599	0.115763
1.6	0.115777
1.601	0.115788
1.602	0.115798
1.603	0.115807
1.604	0.115819
1.605	0.115831
1.606	0.115843
1.607	0.115853
1.608	0.115864
1.609	0.115874
1.61	0.115886
1.611	0.115897
1.612	0.115908
1.613	0.115918
1.614	0.115927
1.615	0.115936
1.616	0.115947
1.617	0.115957
1.618	0.115963
1.619	0.115965
1.62	0.115965
1.621	0.115964
1.622	0.115963
1.623	0.115966
1.624	0.115973
1.625	0.115986
1.626	0.116003
1.627	0.116023
1.628	0.116042
1.629	0.116061
1.63	0.116076
1.631	0.116087
1.632	0.116097
1.633	0.116108
1.634	0.116122
1.635	0.116137
1.636	0.116154
1.637	0.116172
1.638	0.116188
1.639	0.1162
1.64	0.116209
1.641	0.116217
1.642	0.116227
1.643	0.116241
1.644	0.11626
1.645	0.116282
1.646	0.116307
1.647	0.116332
1.648	0.116356
1.649	0.116378
1.65	0.116401
1.651	0.116428
1.652	0.116459
1.653	0.11649
1.654	0.116515
1.655	0.116529
1.656	0.116536
1.657	0.116541
1.658	0.116547
1.659	0.116558
1.66	0.116577
1.661	0.116606
1.662	0.116639
1.663	0.11667
1.664	0.116696
1.665	0.116716
1.666	0.116733
1.667	0.116746
1.668	0.116759
1.669	0.116775
1.67	0.116792
1.671	0.116809
1.672	0.11682
1.673	0.116824
1.674	0.116825
1.675	0.116831
1.676	0.116843
1.677	0.116861
1.678	0.116882
1.679	0.116905
1.68	0.116929
1.681	0.116955
1.682	0.116984
1.683	0.117017
1.684	0.117057
1.685	0.117102
1.686	0.117147
1.687	0.117184
1.688	0.11721
1.689	0.11723
1.69	0.117251
1.691	0.117277
1.692	0.117311
1.693	0.11735
1.694	0.117393
1.695	0.117437
1.696	0.117476
1.697	0.117509
1.698	0.117538
1.699	0.117568
1.7	0.117601
1.701	0.117637
1.702	0.117675
1.703	0.117713
1.704	0.11775
1.705	0.117785
1.706	0.117817
1.707	0.117847
1.708	0.117877
1.709	0.117908
1.71	0.11794
1.711	0.11797
1.712	0.117999
1.713	0.118028
1.714	0.118057
1.715	0.118087
1.716	0.118116
1.717	0.118143
1.718	0.118167
1.719	0.118188
1.72	0.118206
1.721	0.118222
1.722	0.118238
1.723	0.118258
1.724	0.118284
1.725	0.118312
1.726	0.118338
1.727	0.11836
1.728	0.118377
1.729	0.118387
1.73	0.118394
1.731	0.1184
1.732	0.118412
1.733	0.118431
1.734	0.118453
1.735	0.118471
1.736	0.118482
1.737	0.118489
1.738	0.118495
1.739	0.118502
1.74	0.118514
1.741	0.118532
1.742	0.118557
1.743	0.118586
1.744	0.118615
1.745	0.118641
1.746	0.118664
1.747	0.118684
1.748	0.118702
1.749	0.118718
1.75	0.118731
1.751	0.118742
1.752	0.118751
1.753	0.118756
1.754	0.118758
1.755	0.118759
1.756	0.118763
1.757	0.118769
1.758	0.118778
1.759	0.118788
1.76	0.118798
1.761	0.118811
1.762	0.118831
1.763	0.118859
1.764	0.118887
1.765	0.118907
1.766	0.118915
1.767	0.118915
1.768	0.118915
1.769	0.11892
1.77	0.118931
1.771	0.11895
1.772	0.118977
1.773	0.119008
1.774	0.119039
1.775	0.119067
1.776	0.119094
1.777	0.11912
1.778	0.119146
1.779	0.119171
1.78	0.119193
1.781	0.119211
1.782	0.119225
1.783	0.119235
1.784	0.119241
1.785	0.11925
1.786	0.119266
1.787	0.119292
1.788	0.119321
1.789	0.119347
1.79	0.119364
1.791	0.119379
1.792	0.119396
1.793	0.119418
1.794	0.119444
1.795	0.119469
1.796	0.119491
1.797	0.119507
1.798	0.119516
1.799	0.119518
1.8	0.119515
1.801	0.119508
1.802	0.1195
1.803	0.119493
1.804	0.11949
1.805	0.119491
1.806	0.119496
1.807	0.119505
1.808	0.119514
1.809	0.119521
1.81	0.119522
1.811	0.119514
1.812	0.119499
1.813	0.119482
1.814	0.119466
1.815	0.119458
1.816	0.119462
1.817	0.119482
1.818	0.119509
1.819	0.119529
1.82	0.119534
1.821	0.119525
1.822	0.119511
1.823	0.119498
1.824	0.119486
1.825	0.119474
1.826	0.119462
1.827	0.119447
1.828	0.119426
1.829	0.119399
1.83	0.119371
1.831	0.119354
1.832	0.119356
1.833	0.119369
1.834	0.119383
1.835	0.119384
1.836	0.119376
1.837	0.119365
1.838	0.119357
1.839	0.119356
1.84	0.119362
1.841	0.119374
1.842	0.11939
1.843	0.119407
1.844	0.11942
1.845	0.119431
1.846	0.119447
1.847	0.119469
1.848	0.119496
1.849	0.119517
1.85	0.119525
1.851	0.119519
1.852	0.119511
1.853	0.119507
1.854	0.119512
1.855	0.119522
1.856	0.119535
1.857	0.11955
1.858	0.119562
1.859	0.11957
1.86	0.119573
1.861	0.119574
1.862	0.119577
1.863	0.11958
1.864	0.119576
1.865	0.119559
1.866	0.119532
1.867	0.119502
1.868	0.119481
1.869	0.119472
1.87	0.119473
1.871	0.119485
1.872	0.119507
1.873	0.119537
1.874	0.119577
1.875	0.119624
1.876	0.119676
1.877	0.119729
1.878	0.119778
1.879	0.119818
1.88	0.11984
1.881	0.119846
1.882	0.119844
1.883	0.119843
1.884	0.119849
1.885	0.119861
1.886	0.119879
1.887	0.119898
1.888	0.119911
1.889	0.11991
1.89	0.119891
1.891	0.119863
1.892	0.119838
1.893	0.119822
1.894	0.119814
1.895	0.119815
1.896	0.119821
1.897	0.11983
1.898	0.119835
1.899	0.119834
1.9	0.119829
1.901	0.119821
1.902	0.119812
1.903	0.119806
1.904	0.119807
1.905	0.119818
1.906	0.119833
1.907	0.11985
1.908	0.119863
1.909	0.119874
1.91	0.119883
1.911	0.11989
1.912	0.119893
1.913	0.119893
1.914	0.119886
1.915	0.119877
1.916	0.119868
1.917	0.119861
1.918	0.119861
1.919	0.119869
1.92	0.119888
1.921	0.119913
1.922	0.119938
1.923	0.119959
1.924	0.119979
1.925	0.120003
1.926	0.120034
1.927	0.120068
1.928	0.120098
1.929	0.120119
1.93	0.120133
1.931	0.120142
1.932	0.120148
1.933	0.120155
1.934	0.12017
1.935	0.120194
1.936	0.120223
1.937	0.120247
1.938	0.120259
1.939	0.120261
1.94	0.120261
1.941	0.120263
1.942	0.120267
1.943	0.120272
1.944	0.120277
1.945	0.12028
1.946	0.120282
1.947	0.120283
1.948	0.120287
1.949	0.120299
1.95	0.120322
1.951	0.12035
1.952	0.120373
1.953	0.12038
1.954	0.120372
1.955	0.120357
1.956	0.120341
1.957	0.120328
1.958	0.120321
1.959	0.120321
1.96	0.120326
1.961	0.12033
1.962	0.120329
1.963	0.120325
1.964	0.120325
1.965	0.120337
1.966	0.120358
1.967	0.120382
1.968	0.120402
1.969	0.120414
1.97	0.120416
1.971	0.120406
1.972	0.120389
1.973	0.120376
1.974	0.120375
1.975	0.120385
1.976	0.120402
1.977	0.120418
1.978	0.120433
1.979	0.120448
1.98	0.120466
1.981	0.120485
1.982	0.120503
1.983	0.120518
1.984	0.120529
1.985	0.120535
1.986	0.120535
1.987	0.120532
1.988	0.12053
1.989	0.120533
1.99	0.12054
1.991	0.120548
1.992	0.120555
1.993	0.12056
1.994	0.120566
1.995	0.120577
1.996	0.12059
1.997	0.1206
1.998	0.120605
1.999	0.120604
2	0.120599
2.001	0.120592
2.002	0.12059
2.003	0.120598
2.004	0.120624
2.005	0.120661
2.006	0.120694
2.007	0.120713
2.008	0.120719
2.009	0.120719
2.01	0.120723
2.011	0.120734
2.012	0.120748
2.013	0.120766
2.014	0.120788
2.015	0.120813
2.016	0.120842
2.017	0.120875
2.018	0.12091
2.019	0.120947
2.02	0.120987
2.021	0.121029
2.022	0.121074
2.023	0.121119
2.024	0.121154
2.025	0.121174
2.026	0.121183
2.027	0.12119
2.028	0.121205
2.029	0.121227
2.03	0.121248
2.031	0.121262
2.032	0.121267
2.033	0.12127
2.034	0.121273
2.035	0.121279
2.036	0.121288
2.037	0.121302
2.038	0.121319
2.039	0.121334
2.04	0.121343
2.041	0.121351
2.042	0.121362
2.043	0.121383
2.044	0.121413
2.045	0.121448
2.046	0.121484
2.047	0.12152
2.048	0.121557
2.049	0.121596
2.05	0.121634
2.051	0.121668
2.052	0.121694
2.053	0.121712
2.054	0.121722
2.055	0.121724
2.056	0.121724
2.057	0.121731
2.058	0.121753
2.059	0.121788
2.06	0.121829
2.061	0.121872
2.062	0.121908
2.063	0.121932
2.064	0.12194
2.065	0.12194
2.066	0.121947
2.067	0.121977
2.068	0.122023
2.069	0.122069
2.07	0.122101
2.071	0.122118
2.072	0.122129
2.073	0.122141
2.074	0.122159
2.075	0.122181
2.076	0.122206
2.077	0.122232
2.078	0.122253
2.079	0.122266
2.08	0.122273
2.081	0.122277
2.082	0.122282
2.083	0.122293
2.084	0.122308
2.085	0.122329
2.086	0.122353
2.087	0.122373
2.088	0.122385
2.089	0.122391
2.09	0.122397
2.091	0.122407
2.092	0.122423
2.093	0.122442
2.094	0.122462
2.095	0.122481
2.096	0.122497
2.097	0.122509
2.098	0.122517
2.099	0.122522
2.1	0.122525
2.101	0.122528
2.102	0.122535
2.103	0.122547
2.104	0.122563
2.105	0.12258
2.106	0.122596
2.107	0.122605
2.108	0.122605
2.109	0.122592
2.11	0.122573
2.111	0.122562
2.112	0.12257
2.113	0.122594
2.114	0.122622
2.115	0.122643
2.116	0.122656
2.117	0.122668
2.118	0.122683
2.119	0.122704
2.12	0.122727
2.121	0.12275
2.122	0.122768
2.123	0.122773
2.124	0.122761
2.125	0.122737
2.126	0.122718
2.127	0.122717
2.128	0.12273
2.129	0.122745
2.13	0.12275
2.131	0.122744
2.132	0.122733
2.133	0.122723
2.134	0.122717
2.135	0.122719
2.136	0.122733
2.137	0.122754
2.138	0.122775
2.139	0.12279
2.14	0.122797
2.141	0.1228
2.142	0.122805
2.143	0.122811
2.144	0.122817
2.145	0.122824
2.146	0.12283
2.147	0.122835
2.148	0.122839
2.149	0.122842
2.15	0.122841
2.151	0.122837
2.152	0.122827
2.153	0.122811
2.154	0.122789
2.155	0.122764
2.156	0.122739
2.157	0.122719
2.158	0.122708
2.159	0.122706
2.16	0.122717
2.161	0.122737
2.162	0.12276
2.163	0.122781
2.164	0.122796
2.165	0.122807
2.166	0.122812
2.167	0.122813
2.168	0.122813
2.169	0.122815
2.17	0.122819
2.171	0.122826
2.172	0.122836
2.173	0.122845
2.174	0.122847
2.175	0.122838
2.176	0.122819
2.177	0.122796
2.178	0.122777
2.179	0.122766
2.18	0.122767
2.181	0.122783
2.182	0.122804
2.183	0.122818
2.184	0.12281
2.185	0.122787
2.186	0.122766
2.187	0.122762
2.188	0.122771
2.189	0.122778
2.19	0.122769
2.191	0.122746
2.192	0.122719
2.193	0.122699
2.194	0.122687
2.195	0.122679
2.196	0.122673
2.197	0.122667
2.198	0.122662
2.199	0.122658
2.2	0.122656
2.201	0.122661
2.202	0.122675
2.203	0.122695
2.204	0.122715
2.205	0.122732
2.206	0.122748
2.207	0.122763
2.208	0.122781
2.209	0.122802
2.21	0.122823
2.211	0.122843
2.212	0.122861
2.213	0.122876
2.214	0.122888
2.215	0.122894
2.216	0.122897
2.217	0.122895
2.218	0.122892
2.219	0.12289
2.22	0.122889
2.221	0.122884
2.222	0.122868
2.223	0.122837
2.224	0.122803
2.225	0.122783
2.226	0.122788
2.227	0.122807
2.228	0.122827
2.229	0.122838
2.23	0.122846
2.231	0.122857
2.232	0.122876
2.233	0.122894
2.234	0.122897
2.235	0.122883
2.236	0.122867
2.237	0.122867
2.238	0.122892
2.239	0.122928
2.24	0.122953
2.241	0.122956
2.242	0.122944
2.243	0.122925
2.244	0.122908
2.245	0.122897
2.246	0.122896
2.247	0.122905
2.248	0.122925
2.249	0.122952
2.25	0.122986
2.251	0.123023
2.252	0.123062
2.253	0.1231
2.254	0.123137
2.255	0.123172
2.256	0.123203
2.257	0.123226
2.258	0.123238
2.259	0.123238
2.26	0.123229
2.261	0.123212
2.262	0.123191
2.263	0.123171
2.264	0.123155
2.265	0.123149
2.266	0.123157
2.267	0.123184
2.268	0.123226
2.269	0.12327
2.27	0.123304
2.271	0.123324
2.272	0.123334
2.273	0.123341
2.274	0.123351
2.275	0.123366
2.276	0.123392
2.277	0.123427
2.278	0.123461
2.279	0.123485
2.28	0.123499
2.281	0.123504
2.282	0.123503
2.283	0.123498
2.284	0.123483
2.285	0.123458
2.286	0.123427
2.287	0.123401
2.288	0.123393
2.289	0.1234
2.29	0.123416
2.291	0.12343
2.292	0.123443
2.293	0.12346
2.294	0.123486
2.295	0.123519
2.296	0.123556
2.297	0.123592
2.298	0.123624
2.299	0.123648
2.3	0.123663
2.301	0.123671
2.302	0.123676
2.303	0.123682
2.304	0.123688
2.305	0.123691
2.306	0.123689
2.307	0.123683
2.308	0.123678
2.309	0.123677
2.31	0.123685
2.311	0.123708
2.312	0.123749
2.313	0.123801
2.314	0.123851
2.315	0.123888
2.316	0.123915
2.317	0.123938
2.318	0.123967
2.319	0.124
2.32	0.124037
2.321	0.124075
2.322	0.124106
2.323	0.124118
2.324	0.124105
2.325	0.124077
2.326	0.124053
2.327	0.124047
2.328	0.124059
2.329	0.124083
2.33	0.124114
2.331	0.124144
2.332	0.124162
2.333	0.124164
2.334	0.124159
2.335	0.124162
2.336	0.124182
2.337	0.124211
2.338	0.124237
2.339	0.124249
2.34	0.124255
2.341	0.124266
2.342	0.124287
2.343	0.124311
2.344	0.124327
2.345	0.124327
2.346	0.124307
2.347	0.124269
2.348	0.124215
2.349	0.124163
2.35	0.124135
2.351	0.124143
2.352	0.12417
2.353	0.12419
2.354	0.124184
2.355	0.12416
2.356	0.124131
2.357	0.12411
2.358	0.124103
2.359	0.124112
2.36	0.124139
2.361	0.124178
2.362	0.12422
2.363	0.124258
2.364	0.124279
2.365	0.124272
2.366	0.124232
2.367	0.124176
2.368	0.12413
2.369	0.124112
2.37	0.124119
2.371	0.124141
2.372	0.124169
2.373	0.124193
2.374	0.124203
2.375	0.12419
2.376	0.124166
2.377	0.124142
2.378	0.124128
2.379	0.124118
2.38	0.124104
2.381	0.124077
2.382	0.124042
2.383	0.124006
2.384	0.123973
2.385	0.123948
2.386	0.123934
2.387	0.123932
2.388	0.123937
2.389	0.12394
2.39	0.123936
2.391	0.123925
2.392	0.12391
2.393	0.123893
2.394	0.12388
2.395	0.123876
2.396	0.123882
2.397	0.123893
2.398	0.123899
2.399	0.123893
2.4	0.123872
2.401	0.123833
2.402	0.123778
2.403	0.123725
2.404	0.123695
2.405	0.123699
2.406	0.123713
2.407	0.123702
2.408	0.123643
2.409	0.123553
2.41	0.123461
2.411	0.123392
2.412	0.123359
2.413	0.123369
2.414	0.123422
2.415	0.123491
2.416	0.123537
2.417	0.123536
2.418	0.123508
2.419	0.123486
2.42	0.123492
2.421	0.123517
2.422	0.123546
2.423	0.123565
2.424	0.123582
2.425	0.123608
2.426	0.123649
2.427	0.123679
2.428	0.123666
2.429	0.12359
2.43	0.12348
2.431	0.123379
2.432	0.123321
2.433	0.123307
2.434	0.123332
2.435	0.123385
2.436	0.12344
2.437	0.123468
2.438	0.123448
2.439	0.123396
2.44	0.123334
2.441	0.123285
2.442	0.123254
2.443	0.123246
2.444	0.123257
2.445	0.123266
2.446	0.123244
2.447	0.123173
2.448	0.123078
2.449	0.122993
2.45	0.122946
2.451	0.122933
2.452	0.122947
2.453	0.122974
2.454	0.122989
2.455	0.122961
2.456	0.122873
2.457	0.122766
2.458	0.122692
2.459	0.12269
2.46	0.122745
2.461	0.122828
2.462	0.122912
2.463	0.122979
2.464	0.12301
2.465	0.123
2.466	0.12298
2.467	0.122989
2.468	0.123055
2.469	0.123146
2.47	0.123217
2.471	0.123232
2.472	0.123187
2.473	0.12309
2.474	0.122957
2.475	0.122853
2.476	0.122855
2.477	0.123017
2.478	0.123309
2.479	0.123677
2.48	0.124063
2.481	0.124395
2.482	0.124596
2.483	0.124611
2.484	0.12447
2.485	0.124228
2.486	0.123939
2.487	0.12367
2.488	0.123486
2.489	0.123438
2.49	0.123495
2.491	0.123608
2.492	0.123749
2.493	0.123971
2.494	0.12435
2.495	0.124919
2.496	0.125545
2.497	0.126051
2.498	0.126307
2.499	0.126367
2.5	0.126328
