 SMOOTHED RESULTS TO SIMULATE A  6.15 nm FWHM INSTRUMENT AND A WAVELENGTH STEP OF  2.0 nm,
 Shape selected: Gaussian    
   WVLGTH  ET_SPCTRUM  BEAM_NORMAL BEAM_NORM+  GLOB_HORIZ  GLOBL_TILT

    300.0  0.5056E+00  0.8449E-04  0.8601E-04  0.2356E-03  0.2356E-03
    302.0  0.5317E+00  0.2931E-03  0.2984E-03  0.7601E-03  0.7601E-03
    304.0  0.5708E+00  0.8270E-03  0.8415E-03  0.2070E-02  0.2070E-02
    306.0  0.5984E+00  0.1981E-02  0.2015E-02  0.4820E-02  0.4820E-02
    308.0  0.6162E+00  0.4171E-02  0.4242E-02  0.9741E-02  0.9741E-02
    310.0  0.6403E+00  0.7800E-02  0.7931E-02  0.1728E-01  0.1728E-01
    312.0  0.6676E+00  0.1292E-01  0.1314E-01  0.2717E-01  0.2717E-01
    314.0  0.6842E+00  0.1935E-01  0.1967E-01  0.3895E-01  0.3895E-01
    316.0  0.6963E+00  0.2712E-01  0.2756E-01  0.5279E-01  0.5279E-01
    318.0  0.7148E+00  0.3613E-01  0.3670E-01  0.6857E-01  0.6857E-01
    320.0  0.7347E+00  0.4581E-01  0.4652E-01  0.8508E-01  0.8508E-01
    322.0  0.7607E+00  0.5669E-01  0.5755E-01  0.1028E+00  0.1028E+00
    324.0  0.8157E+00  0.7065E-01  0.7170E-01  0.1247E+00  0.1247E+00
    326.0  0.8966E+00  0.8732E-01  0.8860E-01  0.1499E+00  0.1499E+00
    328.0  0.9651E+00  0.1030E+00  0.1045E+00  0.1722E+00  0.1722E+00
    330.0  0.9941E+00  0.1147E+00  0.1163E+00  0.1867E+00  0.1867E+00
    332.0  0.9867E+00  0.1221E+00  0.1238E+00  0.1936E+00  0.1936E+00
    334.0  0.9617E+00  0.1269E+00  0.1287E+00  0.1963E+00  0.1963E+00
    336.0  0.9426E+00  0.1320E+00  0.1338E+00  0.1988E+00  0.1988E+00
    338.0  0.9468E+00  0.1398E+00  0.1417E+00  0.2047E+00  0.2047E+00
    340.0  0.9644E+00  0.1493E+00  0.1513E+00  0.2124E+00  0.2124E+00
    342.0  0.9677E+00  0.1563E+00  0.1583E+00  0.2163E+00  0.2163E+00
    344.0  0.9544E+00  0.1606E+00  0.1626E+00  0.2158E+00  0.2158E+00
    346.0  0.9467E+00  0.1659E+00  0.1680E+00  0.2160E+00  0.2160E+00
    348.0  0.9578E+00  0.1744E+00  0.1766E+00  0.2201E+00  0.2201E+00
    350.0  0.9838E+00  0.1856E+00  0.1879E+00  0.2277E+00  0.2277E+00
    352.0  0.1011E+01  0.1969E+00  0.1993E+00  0.2355E+00  0.2355E+00
    354.0  0.1015E+01  0.2037E+00  0.2061E+00  0.2379E+00  0.2379E+00
    356.0  0.9851E+00  0.2034E+00  0.2058E+00  0.2321E+00  0.2321E+00
    358.0  0.9544E+00  0.2032E+00  0.2056E+00  0.2265E+00  0.2265E+00
    360.0  0.9665E+00  0.2124E+00  0.2149E+00  0.2311E+00  0.2311E+00
    362.0  0.1019E+01  0.2310E+00  0.2337E+00  0.2458E+00  0.2458E+00
    364.0  0.1091E+01  0.2546E+00  0.2575E+00  0.2652E+00  0.2652E+00
    366.0  0.1157E+01  0.2771E+00  0.2803E+00  0.2832E+00  0.2832E+00
    368.0  0.1187E+01  0.2916E+00  0.2949E+00  0.2926E+00  0.2926E+00
    370.0  0.1171E+01  0.2946E+00  0.2979E+00  0.2905E+00  0.2905E+00
    372.0  0.1124E+01  0.2901E+00  0.2933E+00  0.2809E+00  0.2809E+00
    374.0  0.1099E+01  0.2909E+00  0.2941E+00  0.2764E+00  0.2764E+00
    376.0  0.1127E+01  0.3056E+00  0.3089E+00  0.2852E+00  0.2852E+00
    378.0  0.1158E+01  0.3204E+00  0.3238E+00  0.2945E+00  0.2945E+00
    380.0  0.1121E+01  0.3163E+00  0.3196E+00  0.2866E+00  0.2866E+00
    382.0  0.1036E+01  0.2984E+00  0.3015E+00  0.2663E+00  0.2663E+00
    384.0  0.9855E+00  0.2911E+00  0.2941E+00  0.2554E+00  0.2554E+00
    386.0  0.1008E+01  0.3049E+00  0.3080E+00  0.2633E+00  0.2633E+00
    388.0  0.1066E+01  0.3292E+00  0.3326E+00  0.2803E+00  0.2803E+00
    390.0  0.1101E+01  0.3464E+00  0.3499E+00  0.2912E+00  0.2912E+00
    392.0  0.1083E+01  0.3470E+00  0.3505E+00  0.2882E+00  0.2882E+00
    394.0  0.1067E+01  0.3489E+00  0.3523E+00  0.2857E+00  0.2857E+00
    396.0  0.1141E+01  0.3812E+00  0.3849E+00  0.3077E+00  0.3077E+00
    398.0  0.1325E+01  0.4507E+00  0.4551E+00  0.3591E+00  0.3591E+00
    400.0  0.1538E+01  0.5317E+00  0.5368E+00  0.4189E+00  0.4189E+00
    402.0  0.1676E+01  0.5884E+00  0.5940E+00  0.4588E+00  0.4588E+00
    404.0  0.1714E+01  0.6115E+00  0.6173E+00  0.4719E+00  0.4719E+00
    406.0  0.1705E+01  0.6180E+00  0.6238E+00  0.4720E+00  0.4720E+00
    408.0  0.1698E+01  0.6249E+00  0.6308E+00  0.4723E+00  0.4723E+00
    410.0  0.1707E+01  0.6379E+00  0.6439E+00  0.4774E+00  0.4774E+00
    412.0  0.1728E+01  0.6554E+00  0.6615E+00  0.4858E+00  0.4858E+00
    414.0  0.1745E+01  0.6721E+00  0.6782E+00  0.4935E+00  0.4935E+00
    416.0  0.1747E+01  0.6829E+00  0.6891E+00  0.4968E+00  0.4968E+00
    418.0  0.1737E+01  0.6886E+00  0.6948E+00  0.4964E+00  0.4964E+00
    420.0  0.1731E+01  0.6949E+00  0.7011E+00  0.4964E+00  0.4964E+00
    422.0  0.1728E+01  0.7025E+00  0.7088E+00  0.4975E+00  0.4975E+00
    424.0  0.1707E+01  0.7034E+00  0.7096E+00  0.4939E+00  0.4939E+00
    426.0  0.1651E+01  0.6890E+00  0.6951E+00  0.4800E+00  0.4800E+00
    428.0  0.1566E+01  0.6623E+00  0.6681E+00  0.4577E+00  0.4577E+00
    430.0  0.1516E+01  0.6494E+00  0.6550E+00  0.4450E+00  0.4450E+00
    432.0  0.1556E+01  0.6751E+00  0.6809E+00  0.4587E+00  0.4587E+00
    434.0  0.1650E+01  0.7239E+00  0.7301E+00  0.4882E+00  0.4882E+00
    436.0  0.1724E+01  0.7646E+00  0.7711E+00  0.5121E+00  0.5121E+00
    438.0  0.1762E+01  0.7905E+00  0.7972E+00  0.5257E+00  0.5257E+00
    440.0  0.1801E+01  0.8170E+00  0.8238E+00  0.5393E+00  0.5393E+00
    442.0  0.1853E+01  0.8494E+00  0.8565E+00  0.5569E+00  0.5569E+00
    444.0  0.1898E+01  0.8779E+00  0.8852E+00  0.5718E+00  0.5718E+00
    446.0  0.1936E+01  0.9039E+00  0.9113E+00  0.5850E+00  0.5850E+00
    448.0  0.1981E+01  0.9344E+00  0.9421E+00  0.6007E+00  0.6007E+00
    450.0  0.2016E+01  0.9614E+00  0.9692E+00  0.6141E+00  0.6141E+00
    452.0  0.2024E+01  0.9755E+00  0.9834E+00  0.6191E+00  0.6191E+00
    454.0  0.2022E+01  0.9840E+00  0.9919E+00  0.6205E+00  0.6205E+00
    456.0  0.2027E+01  0.9951E+00  0.1003E+01  0.6235E+00  0.6235E+00
    458.0  0.2035E+01  0.1006E+01  0.1014E+01  0.6264E+00  0.6264E+00
    460.0  0.2039E+01  0.1016E+01  0.1024E+01  0.6285E+00  0.6285E+00
    462.0  0.2037E+01  0.1023E+01  0.1031E+01  0.6295E+00  0.6295E+00
    464.0  0.2024E+01  0.1025E+01  0.1033E+01  0.6275E+00  0.6275E+00
    466.0  0.2005E+01  0.1025E+01  0.1033E+01  0.6237E+00  0.6237E+00
    468.0  0.1994E+01  0.1027E+01  0.1035E+01  0.6218E+00  0.6218E+00
    470.0  0.1996E+01  0.1035E+01  0.1043E+01  0.6230E+00  0.6230E+00
    472.0  0.2008E+01  0.1046E+01  0.1054E+01  0.6265E+00  0.6265E+00
    474.0  0.2024E+01  0.1057E+01  0.1066E+01  0.6302E+00  0.6302E+00
    476.0  0.2038E+01  0.1069E+01  0.1077E+01  0.6336E+00  0.6336E+00
    478.0  0.2046E+01  0.1080E+01  0.1088E+01  0.6365E+00  0.6365E+00
    480.0  0.2042E+01  0.1087E+01  0.1095E+01  0.6367E+00  0.6367E+00
    482.0  0.2010E+01  0.1080E+01  0.1088E+01  0.6293E+00  0.6293E+00
    484.0  0.1947E+01  0.1056E+01  0.1064E+01  0.6122E+00  0.6122E+00
    486.0  0.1890E+01  0.1033E+01  0.1040E+01  0.5960E+00  0.5960E+00
    488.0  0.1881E+01  0.1034E+01  0.1042E+01  0.5942E+00  0.5942E+00
    490.0  0.1909E+01  0.1056E+01  0.1064E+01  0.6039E+00  0.6039E+00
    492.0  0.1938E+01  0.1079E+01  0.1086E+01  0.6138E+00  0.6138E+00
    494.0  0.1955E+01  0.1094E+01  0.1102E+01  0.6198E+00  0.6198E+00
    496.0  0.1955E+01  0.1100E+01  0.1107E+01  0.6201E+00  0.6201E+00
    498.0  0.1937E+01  0.1094E+01  0.1102E+01  0.6143E+00  0.6143E+00
    500.0  0.1914E+01  0.1084E+01  0.1092E+01  0.6059E+00  0.6059E+00
    502.0  0.1906E+01  0.1079E+01  0.1087E+01  0.6006E+00  0.6006E+00
    504.0  0.1916E+01  0.1085E+01  0.1093E+01  0.6014E+00  0.6014E+00
    506.0  0.1930E+01  0.1097E+01  0.1105E+01  0.6054E+00  0.6054E+00
    508.0  0.1933E+01  0.1106E+01  0.1114E+01  0.6082E+00  0.6082E+00
    510.0  0.1925E+01  0.1110E+01  0.1118E+01  0.6079E+00  0.6079E+00
    512.0  0.1900E+01  0.1104E+01  0.1111E+01  0.6022E+00  0.6022E+00
    514.0  0.1854E+01  0.1084E+01  0.1092E+01  0.5892E+00  0.5892E+00
    516.0  0.1804E+01  0.1061E+01  0.1068E+01  0.5741E+00  0.5741E+00
    518.0  0.1785E+01  0.1054E+01  0.1061E+01  0.5682E+00  0.5682E+00
    520.0  0.1811E+01  0.1072E+01  0.1079E+01  0.5757E+00  0.5757E+00
    522.0  0.1848E+01  0.1096E+01  0.1103E+01  0.5863E+00  0.5863E+00
    524.0  0.1864E+01  0.1106E+01  0.1113E+01  0.5894E+00  0.5894E+00
    526.0  0.1864E+01  0.1106E+01  0.1113E+01  0.5870E+00  0.5870E+00
    528.0  0.1874E+01  0.1112E+01  0.1120E+01  0.5881E+00  0.5881E+00
    530.0  0.1892E+01  0.1125E+01  0.1132E+01  0.5923E+00  0.5923E+00
    532.0  0.1895E+01  0.1129E+01  0.1137E+01  0.5928E+00  0.5928E+00
    534.0  0.1887E+01  0.1129E+01  0.1136E+01  0.5908E+00  0.5908E+00
    536.0  0.1879E+01  0.1129E+01  0.1136E+01  0.5889E+00  0.5889E+00
    538.0  0.1864E+01  0.1124E+01  0.1131E+01  0.5845E+00  0.5845E+00
    540.0  0.1848E+01  0.1117E+01  0.1124E+01  0.5792E+00  0.5792E+00
    542.0  0.1850E+01  0.1120E+01  0.1127E+01  0.5786E+00  0.5786E+00
    544.0  0.1862E+01  0.1128E+01  0.1135E+01  0.5812E+00  0.5812E+00
    546.0  0.1867E+01  0.1133E+01  0.1140E+01  0.5823E+00  0.5823E+00
    548.0  0.1866E+01  0.1136E+01  0.1143E+01  0.5820E+00  0.5820E+00
    550.0  0.1866E+01  0.1140E+01  0.1147E+01  0.5824E+00  0.5824E+00
    552.0  0.1866E+01  0.1144E+01  0.1151E+01  0.5827E+00  0.5827E+00
    554.0  0.1861E+01  0.1143E+01  0.1150E+01  0.5805E+00  0.5805E+00
    556.0  0.1847E+01  0.1136E+01  0.1142E+01  0.5749E+00  0.5749E+00
    558.0  0.1831E+01  0.1126E+01  0.1133E+01  0.5682E+00  0.5682E+00
    560.0  0.1826E+01  0.1122E+01  0.1128E+01  0.5644E+00  0.5644E+00
    562.0  0.1830E+01  0.1123E+01  0.1130E+01  0.5633E+00  0.5633E+00
    564.0  0.1832E+01  0.1122E+01  0.1129E+01  0.5613E+00  0.5613E+00
    566.0  0.1831E+01  0.1118E+01  0.1124E+01  0.5577E+00  0.5577E+00
    568.0  0.1832E+01  0.1113E+01  0.1119E+01  0.5539E+00  0.5539E+00
    570.0  0.1834E+01  0.1110E+01  0.1116E+01  0.5510E+00  0.5510E+00
    572.0  0.1840E+01  0.1110E+01  0.1117E+01  0.5502E+00  0.5502E+00
    574.0  0.1844E+01  0.1112E+01  0.1118E+01  0.5498E+00  0.5498E+00
    576.0  0.1839E+01  0.1112E+01  0.1119E+01  0.5489E+00  0.5489E+00
    578.0  0.1833E+01  0.1117E+01  0.1123E+01  0.5500E+00  0.5500E+00
    580.0  0.1834E+01  0.1130E+01  0.1136E+01  0.5550E+00  0.5550E+00
    582.0  0.1838E+01  0.1143E+01  0.1150E+01  0.5607E+00  0.5607E+00
    584.0  0.1831E+01  0.1145E+01  0.1152E+01  0.5606E+00  0.5606E+00
    586.0  0.1809E+01  0.1127E+01  0.1133E+01  0.5508E+00  0.5508E+00
    588.0  0.1781E+01  0.1096E+01  0.1102E+01  0.5351E+00  0.5351E+00
    590.0  0.1768E+01  0.1076E+01  0.1082E+01  0.5244E+00  0.5244E+00
    592.0  0.1774E+01  0.1077E+01  0.1083E+01  0.5238E+00  0.5238E+00
    594.0  0.1783E+01  0.1088E+01  0.1094E+01  0.5280E+00  0.5280E+00
    596.0  0.1783E+01  0.1099E+01  0.1105E+01  0.5319E+00  0.5319E+00
    598.0  0.1775E+01  0.1107E+01  0.1113E+01  0.5342E+00  0.5342E+00
    600.0  0.1762E+01  0.1112E+01  0.1118E+01  0.5353E+00  0.5353E+00
    602.0  0.1756E+01  0.1118E+01  0.1124E+01  0.5370E+00  0.5370E+00
    604.0  0.1756E+01  0.1127E+01  0.1133E+01  0.5402E+00  0.5402E+00
    606.0  0.1754E+01  0.1135E+01  0.1141E+01  0.5429E+00  0.5429E+00
    608.0  0.1744E+01  0.1137E+01  0.1143E+01  0.5434E+00  0.5434E+00
    610.0  0.1729E+01  0.1135E+01  0.1141E+01  0.5418E+00  0.5418E+00
    612.0  0.1712E+01  0.1131E+01  0.1137E+01  0.5389E+00  0.5389E+00
    614.0  0.1696E+01  0.1126E+01  0.1132E+01  0.5361E+00  0.5361E+00
    616.0  0.1688E+01  0.1126E+01  0.1131E+01  0.5352E+00  0.5352E+00
    618.0  0.1690E+01  0.1129E+01  0.1134E+01  0.5361E+00  0.5361E+00
    620.0  0.1693E+01  0.1127E+01  0.1133E+01  0.5348E+00  0.5348E+00
    622.0  0.1686E+01  0.1115E+01  0.1121E+01  0.5290E+00  0.5290E+00
    624.0  0.1676E+01  0.1101E+01  0.1107E+01  0.5219E+00  0.5219E+00
    626.0  0.1671E+01  0.1092E+01  0.1098E+01  0.5171E+00  0.5171E+00
    628.0  0.1669E+01  0.1089E+01  0.1094E+01  0.5150E+00  0.5150E+00
    630.0  0.1661E+01  0.1094E+01  0.1099E+01  0.5166E+00  0.5166E+00
    632.0  0.1650E+01  0.1107E+01  0.1113E+01  0.5220E+00  0.5220E+00
    634.0  0.1644E+01  0.1124E+01  0.1130E+01  0.5292E+00  0.5292E+00
    636.0  0.1642E+01  0.1139E+01  0.1145E+01  0.5355E+00  0.5355E+00
    638.0  0.1639E+01  0.1149E+01  0.1154E+01  0.5391E+00  0.5391E+00
    640.0  0.1630E+01  0.1152E+01  0.1157E+01  0.5400E+00  0.5400E+00
    642.0  0.1620E+01  0.1151E+01  0.1157E+01  0.5390E+00  0.5390E+00
    644.0  0.1612E+01  0.1145E+01  0.1151E+01  0.5358E+00  0.5358E+00
    646.0  0.1601E+01  0.1133E+01  0.1138E+01  0.5295E+00  0.5295E+00
    648.0  0.1588E+01  0.1119E+01  0.1125E+01  0.5228E+00  0.5228E+00
    650.0  0.1577E+01  0.1114E+01  0.1119E+01  0.5198E+00  0.5198E+00
    652.0  0.1560E+01  0.1109E+01  0.1114E+01  0.5168E+00  0.5168E+00
    654.0  0.1527E+01  0.1092E+01  0.1097E+01  0.5082E+00  0.5082E+00
    656.0  0.1497E+01  0.1075E+01  0.1080E+01  0.4999E+00  0.4999E+00
    658.0  0.1502E+01  0.1079E+01  0.1084E+01  0.5015E+00  0.5015E+00
    660.0  0.1531E+01  0.1097E+01  0.1102E+01  0.5092E+00  0.5092E+00
    662.0  0.1552E+01  0.1112E+01  0.1117E+01  0.5156E+00  0.5156E+00
    664.0  0.1556E+01  0.1126E+01  0.1131E+01  0.5214E+00  0.5214E+00
    666.0  0.1551E+01  0.1141E+01  0.1146E+01  0.5277E+00  0.5277E+00
    668.0  0.1542E+01  0.1152E+01  0.1157E+01  0.5321E+00  0.5321E+00
    670.0  0.1532E+01  0.1156E+01  0.1161E+01  0.5333E+00  0.5333E+00
    672.0  0.1522E+01  0.1155E+01  0.1160E+01  0.5323E+00  0.5323E+00
    674.0  0.1513E+01  0.1153E+01  0.1158E+01  0.5309E+00  0.5309E+00
    676.0  0.1506E+01  0.1152E+01  0.1157E+01  0.5299E+00  0.5299E+00
    678.0  0.1500E+01  0.1150E+01  0.1155E+01  0.5287E+00  0.5287E+00
    680.0  0.1492E+01  0.1145E+01  0.1150E+01  0.5259E+00  0.5259E+00
    682.0  0.1482E+01  0.1127E+01  0.1132E+01  0.5174E+00  0.5174E+00
    684.0  0.1472E+01  0.1079E+01  0.1083E+01  0.4954E+00  0.4954E+00
    686.0  0.1467E+01  0.1001E+01  0.1005E+01  0.4605E+00  0.4605E+00
    688.0  0.1468E+01  0.9416E+00  0.9457E+00  0.4338E+00  0.4338E+00
    690.0  0.1466E+01  0.9411E+00  0.9451E+00  0.4332E+00  0.4332E+00
    692.0  0.1460E+01  0.9788E+00  0.9829E+00  0.4494E+00  0.4494E+00
    694.0  0.1450E+01  0.1018E+01  0.1022E+01  0.4660E+00  0.4660E+00
    696.0  0.1439E+01  0.1045E+01  0.1050E+01  0.4777E+00  0.4777E+00
    698.0  0.1430E+01  0.1058E+01  0.1062E+01  0.4828E+00  0.4828E+00
    700.0  0.1421E+01  0.1058E+01  0.1063E+01  0.4824E+00  0.4824E+00
    702.0  0.1416E+01  0.1059E+01  0.1064E+01  0.4824E+00  0.4824E+00
    704.0  0.1414E+01  0.1068E+01  0.1073E+01  0.4860E+00  0.4860E+00
    706.0  0.1410E+01  0.1079E+01  0.1083E+01  0.4902E+00  0.4902E+00
    708.0  0.1403E+01  0.1085E+01  0.1089E+01  0.4923E+00  0.4923E+00
    710.0  0.1394E+01  0.1084E+01  0.1089E+01  0.4916E+00  0.4916E+00
    712.0  0.1383E+01  0.1072E+01  0.1076E+01  0.4856E+00  0.4856E+00
    714.0  0.1372E+01  0.1034E+01  0.1039E+01  0.4686E+00  0.4686E+00
    716.0  0.1361E+01  0.9676E+00  0.9715E+00  0.4385E+00  0.4385E+00
    718.0  0.1351E+01  0.9007E+00  0.9043E+00  0.4083E+00  0.4083E+00
    720.0  0.1347E+01  0.8758E+00  0.8793E+00  0.3969E+00  0.3969E+00
    722.0  0.1348E+01  0.8841E+00  0.8876E+00  0.4002E+00  0.4002E+00
    724.0  0.1347E+01  0.8853E+00  0.8887E+00  0.4005E+00  0.4005E+00
    726.0  0.1340E+01  0.8760E+00  0.8795E+00  0.3961E+00  0.3961E+00
    728.0  0.1330E+01  0.8777E+00  0.8811E+00  0.3965E+00  0.3965E+00
    730.0  0.1323E+01  0.9009E+00  0.9044E+00  0.4064E+00  0.4064E+00
    732.0  0.1321E+01  0.9407E+00  0.9444E+00  0.4237E+00  0.4237E+00
    734.0  0.1319E+01  0.9795E+00  0.9833E+00  0.4404E+00  0.4404E+00
    736.0  0.1310E+01  0.1003E+01  0.1007E+01  0.4503E+00  0.4503E+00
    738.0  0.1296E+01  0.1015E+01  0.1019E+01  0.4549E+00  0.4549E+00
    740.0  0.1285E+01  0.1025E+01  0.1029E+01  0.4588E+00  0.4588E+00
    742.0  0.1283E+01  0.1037E+01  0.1041E+01  0.4636E+00  0.4636E+00
    744.0  0.1285E+01  0.1048E+01  0.1052E+01  0.4681E+00  0.4681E+00
    746.0  0.1285E+01  0.1054E+01  0.1058E+01  0.4702E+00  0.4702E+00
    748.0  0.1281E+01  0.1054E+01  0.1058E+01  0.4698E+00  0.4698E+00
    750.0  0.1276E+01  0.1051E+01  0.1055E+01  0.4684E+00  0.4684E+00
    752.0  0.1273E+01  0.1048E+01  0.1052E+01  0.4667E+00  0.4667E+00
    754.0  0.1270E+01  0.1034E+01  0.1038E+01  0.4599E+00  0.4599E+00
    756.0  0.1266E+01  0.9677E+00  0.9713E+00  0.4307E+00  0.4307E+00
    758.0  0.1261E+01  0.8020E+00  0.8050E+00  0.3579E+00  0.3579E+00
    760.0  0.1255E+01  0.5770E+00  0.5791E+00  0.2594E+00  0.2594E+00
    762.0  0.1249E+01  0.4383E+00  0.4399E+00  0.1989E+00  0.1989E+00
    764.0  0.1240E+01  0.4714E+00  0.4731E+00  0.2135E+00  0.2135E+00
    766.0  0.1229E+01  0.6271E+00  0.6294E+00  0.2813E+00  0.2813E+00
    768.0  0.1220E+01  0.8030E+00  0.8059E+00  0.3574E+00  0.3574E+00
    770.0  0.1215E+01  0.9257E+00  0.9290E+00  0.4101E+00  0.4101E+00
    772.0  0.1211E+01  0.9845E+00  0.9880E+00  0.4351E+00  0.4351E+00
    774.0  0.1209E+01  0.1004E+01  0.1008E+01  0.4434E+00  0.4434E+00
    776.0  0.1206E+01  0.1009E+01  0.1012E+01  0.4448E+00  0.4448E+00
    778.0  0.1202E+01  0.1008E+01  0.1011E+01  0.4439E+00  0.4439E+00
    780.0  0.1197E+01  0.1004E+01  0.1008E+01  0.4422E+00  0.4422E+00
    782.0  0.1192E+01  0.1001E+01  0.1004E+01  0.4403E+00  0.4403E+00
    784.0  0.1188E+01  0.9951E+00  0.9985E+00  0.4376E+00  0.4376E+00
    786.0  0.1184E+01  0.9849E+00  0.9883E+00  0.4329E+00  0.4329E+00
    788.0  0.1178E+01  0.9697E+00  0.9730E+00  0.4260E+00  0.4260E+00
    790.0  0.1167E+01  0.9545E+00  0.9577E+00  0.4191E+00  0.4191E+00
    792.0  0.1154E+01  0.9443E+00  0.9476E+00  0.4144E+00  0.4144E+00
    794.0  0.1145E+01  0.9395E+00  0.9426E+00  0.4120E+00  0.4120E+00
    796.0  0.1142E+01  0.9373E+00  0.9405E+00  0.4108E+00  0.4108E+00
    798.0  0.1140E+01  0.9355E+00  0.9386E+00  0.4097E+00  0.4097E+00
    800.0  0.1137E+01  0.9319E+00  0.9350E+00  0.4079E+00  0.4079E+00
    802.0  0.1132E+01  0.9279E+00  0.9310E+00  0.4059E+00  0.4059E+00
    804.0  0.1126E+01  0.9264E+00  0.9295E+00  0.4050E+00  0.4050E+00
    806.0  0.1120E+01  0.9255E+00  0.9286E+00  0.4043E+00  0.4043E+00
    808.0  0.1116E+01  0.9168E+00  0.9198E+00  0.4002E+00  0.4002E+00
    810.0  0.1113E+01  0.8917E+00  0.8947E+00  0.3892E+00  0.3892E+00
    812.0  0.1113E+01  0.8470E+00  0.8498E+00  0.3697E+00  0.3697E+00
    814.0  0.1110E+01  0.7925E+00  0.7950E+00  0.3459E+00  0.3459E+00
    816.0  0.1102E+01  0.7524E+00  0.7549E+00  0.3284E+00  0.3284E+00
    818.0  0.1090E+01  0.7427E+00  0.7451E+00  0.3238E+00  0.3238E+00
    820.0  0.1079E+01  0.7513E+00  0.7537E+00  0.3273E+00  0.3273E+00
    822.0  0.1073E+01  0.7601E+00  0.7625E+00  0.3309E+00  0.3309E+00
    824.0  0.1072E+01  0.7708E+00  0.7732E+00  0.3352E+00  0.3352E+00
    826.0  0.1071E+01  0.7834E+00  0.7858E+00  0.3405E+00  0.3405E+00
    828.0  0.1067E+01  0.7885E+00  0.7910E+00  0.3425E+00  0.3425E+00
    830.0  0.1060E+01  0.7909E+00  0.7934E+00  0.3434E+00  0.3434E+00
    832.0  0.1053E+01  0.8013E+00  0.8039E+00  0.3476E+00  0.3476E+00
    834.0  0.1050E+01  0.8211E+00  0.8237E+00  0.3560E+00  0.3560E+00
    836.0  0.1049E+01  0.8434E+00  0.8461E+00  0.3653E+00  0.3653E+00
    838.0  0.1048E+01  0.8606E+00  0.8633E+00  0.3725E+00  0.3725E+00
    840.0  0.1043E+01  0.8703E+00  0.8730E+00  0.3763E+00  0.3763E+00
    842.0  0.1036E+01  0.8746E+00  0.8773E+00  0.3778E+00  0.3778E+00
    844.0  0.1027E+01  0.8755E+00  0.8782E+00  0.3780E+00  0.3780E+00
    846.0  0.1016E+01  0.8713E+00  0.8740E+00  0.3759E+00  0.3759E+00
    848.0  0.9992E+00  0.8593E+00  0.8619E+00  0.3704E+00  0.3704E+00
    850.0  0.9807E+00  0.8438E+00  0.8463E+00  0.3635E+00  0.3635E+00
    852.0  0.9660E+00  0.8316E+00  0.8342E+00  0.3581E+00  0.3581E+00
    854.0  0.9615E+00  0.8294E+00  0.8319E+00  0.3569E+00  0.3569E+00
    856.0  0.9723E+00  0.8411E+00  0.8436E+00  0.3617E+00  0.3617E+00
    858.0  0.9888E+00  0.8577E+00  0.8603E+00  0.3686E+00  0.3686E+00
    860.0  0.9966E+00  0.8665E+00  0.8690E+00  0.3722E+00  0.3722E+00
    862.0  0.9904E+00  0.8626E+00  0.8652E+00  0.3704E+00  0.3704E+00
    864.0  0.9722E+00  0.8479E+00  0.8504E+00  0.3639E+00  0.3639E+00
    866.0  0.9547E+00  0.8337E+00  0.8361E+00  0.3577E+00  0.3577E+00
    868.0  0.9520E+00  0.8321E+00  0.8346E+00  0.3568E+00  0.3568E+00
    870.0  0.9585E+00  0.8386E+00  0.8410E+00  0.3594E+00  0.3594E+00
    872.0  0.9612E+00  0.8415E+00  0.8439E+00  0.3605E+00  0.3605E+00
    874.0  0.9585E+00  0.8395E+00  0.8420E+00  0.3595E+00  0.3595E+00
    876.0  0.9551E+00  0.8368E+00  0.8392E+00  0.3581E+00  0.3581E+00
    878.0  0.9511E+00  0.8332E+00  0.8356E+00  0.3564E+00  0.3564E+00
    880.0  0.9456E+00  0.8279E+00  0.8303E+00  0.3540E+00  0.3540E+00
    882.0  0.9414E+00  0.8235E+00  0.8258E+00  0.3519E+00  0.3519E+00
    884.0  0.9394E+00  0.8206E+00  0.8229E+00  0.3505E+00  0.3505E+00
    886.0  0.9379E+00  0.8176E+00  0.8199E+00  0.3491E+00  0.3491E+00
    888.0  0.9369E+00  0.8135E+00  0.8158E+00  0.3472E+00  0.3472E+00
    890.0  0.9354E+00  0.8017E+00  0.8040E+00  0.3421E+00  0.3421E+00
    892.0  0.9319E+00  0.7712E+00  0.7734E+00  0.3290E+00  0.3290E+00
    894.0  0.9280E+00  0.7182E+00  0.7202E+00  0.3065E+00  0.3065E+00
    896.0  0.9244E+00  0.6545E+00  0.6563E+00  0.2794E+00  0.2794E+00
    898.0  0.9188E+00  0.6036E+00  0.6052E+00  0.2577E+00  0.2577E+00
    900.0  0.9121E+00  0.5862E+00  0.5878E+00  0.2502E+00  0.2502E+00
    902.0  0.9089E+00  0.6029E+00  0.6045E+00  0.2571E+00  0.2571E+00
    904.0  0.9093E+00  0.6256E+00  0.6273E+00  0.2666E+00  0.2666E+00
    906.0  0.9077E+00  0.6215E+00  0.6232E+00  0.2648E+00  0.2648E+00
    908.0  0.9025E+00  0.5942E+00  0.5958E+00  0.2532E+00  0.2532E+00
    910.0  0.8976E+00  0.5689E+00  0.5705E+00  0.2425E+00  0.2425E+00
    912.0  0.8952E+00  0.5543E+00  0.5558E+00  0.2362E+00  0.2362E+00
    914.0  0.8936E+00  0.5488E+00  0.5503E+00  0.2339E+00  0.2339E+00
    916.0  0.8909E+00  0.5571E+00  0.5586E+00  0.2372E+00  0.2372E+00
    918.0  0.8858E+00  0.5811E+00  0.5826E+00  0.2472E+00  0.2472E+00
    920.0  0.8773E+00  0.6077E+00  0.6093E+00  0.2583E+00  0.2583E+00
    922.0  0.8685E+00  0.6186E+00  0.6202E+00  0.2628E+00  0.2628E+00
    924.0  0.8643E+00  0.6061E+00  0.6077E+00  0.2575E+00  0.2575E+00
    926.0  0.8653E+00  0.5636E+00  0.5651E+00  0.2396E+00  0.2396E+00
    928.0  0.8676E+00  0.4820E+00  0.4833E+00  0.2052E+00  0.2052E+00
    930.0  0.8681E+00  0.3735E+00  0.3745E+00  0.1594E+00  0.1594E+00
    932.0  0.8662E+00  0.2712E+00  0.2719E+00  0.1161E+00  0.1161E+00
    934.0  0.8622E+00  0.2057E+00  0.2063E+00  0.8836E-01  0.8836E-01
    936.0  0.8568E+00  0.1937E+00  0.1942E+00  0.8316E-01  0.8316E-01
    938.0  0.8498E+00  0.2277E+00  0.2283E+00  0.9746E-01  0.9746E-01
    940.0  0.8403E+00  0.2689E+00  0.2696E+00  0.1148E+00  0.1148E+00
    942.0  0.8317E+00  0.2803E+00  0.2810E+00  0.1195E+00  0.1195E+00
    944.0  0.8277E+00  0.2681E+00  0.2688E+00  0.1143E+00  0.1143E+00
    946.0  0.8276E+00  0.2599E+00  0.2605E+00  0.1108E+00  0.1108E+00
    948.0  0.8276E+00  0.2645E+00  0.2652E+00  0.1128E+00  0.1128E+00
    950.0  0.8244E+00  0.2730E+00  0.2737E+00  0.1164E+00  0.1164E+00
    952.0  0.8173E+00  0.2795E+00  0.2802E+00  0.1190E+00  0.1190E+00
    954.0  0.8090E+00  0.2848E+00  0.2855E+00  0.1211E+00  0.1211E+00
    956.0  0.8046E+00  0.2940E+00  0.2947E+00  0.1248E+00  0.1248E+00
    958.0  0.8045E+00  0.3146E+00  0.3154E+00  0.1334E+00  0.1334E+00
    960.0  0.8035E+00  0.3451E+00  0.3460E+00  0.1461E+00  0.1461E+00
    962.0  0.7997E+00  0.3775E+00  0.3784E+00  0.1596E+00  0.1596E+00
    964.0  0.7950E+00  0.4115E+00  0.4125E+00  0.1738E+00  0.1738E+00
    966.0  0.7915E+00  0.4558E+00  0.4570E+00  0.1922E+00  0.1922E+00
    968.0  0.7889E+00  0.5088E+00  0.5101E+00  0.2142E+00  0.2142E+00
    970.0  0.7861E+00  0.5469E+00  0.5482E+00  0.2300E+00  0.2300E+00
    972.0  0.7823E+00  0.5516E+00  0.5529E+00  0.2319E+00  0.2319E+00
    974.0  0.7784E+00  0.5371E+00  0.5384E+00  0.2258E+00  0.2258E+00
    976.0  0.7757E+00  0.5315E+00  0.5328E+00  0.2233E+00  0.2233E+00
    978.0  0.7744E+00  0.5442E+00  0.5455E+00  0.2285E+00  0.2285E+00
    980.0  0.7738E+00  0.5678E+00  0.5691E+00  0.2383E+00  0.2383E+00
    982.0  0.7729E+00  0.5942E+00  0.5956E+00  0.2492E+00  0.2492E+00
    984.0  0.7706E+00  0.6190E+00  0.6204E+00  0.2594E+00  0.2594E+00
    986.0  0.7669E+00  0.6400E+00  0.6416E+00  0.2680E+00  0.2680E+00
    988.0  0.7628E+00  0.6552E+00  0.6567E+00  0.2741E+00  0.2741E+00
    990.0  0.7597E+00  0.6642E+00  0.6658E+00  0.2777E+00  0.2777E+00
    992.0  0.7573E+00  0.6693E+00  0.6709E+00  0.2797E+00  0.2797E+00
    994.0  0.7544E+00  0.6716E+00  0.6732E+00  0.2806E+00  0.2806E+00
    996.0  0.7503E+00  0.6711E+00  0.6727E+00  0.2802E+00  0.2802E+00
    998.0  0.7462E+00  0.6682E+00  0.6697E+00  0.2789E+00  0.2789E+00
   1000.0  0.7421E+00  0.6636E+00  0.6652E+00  0.2769E+00  0.2769E+00
   1002.0  0.7359E+00  0.6573E+00  0.6588E+00  0.2742E+00  0.2742E+00
   1004.0  0.7280E+00  0.6508E+00  0.6523E+00  0.2714E+00  0.2714E+00
   1006.0  0.7241E+00  0.6479E+00  0.6494E+00  0.2701E+00  0.2701E+00
   1008.0  0.7251E+00  0.6488E+00  0.6503E+00  0.2704E+00  0.2704E+00
   1010.0  0.7257E+00  0.6498E+00  0.6512E+00  0.2707E+00  0.2707E+00
   1012.0  0.7230E+00  0.6489E+00  0.6504E+00  0.2702E+00  0.2702E+00
   1014.0  0.7181E+00  0.6462E+00  0.6476E+00  0.2690E+00  0.2690E+00
   1016.0  0.7126E+00  0.6419E+00  0.6434E+00  0.2672E+00  0.2672E+00
   1018.0  0.7072E+00  0.6371E+00  0.6386E+00  0.2651E+00  0.2651E+00
   1020.0  0.7028E+00  0.6330E+00  0.6344E+00  0.2633E+00  0.2633E+00
   1022.0  0.7000E+00  0.6302E+00  0.6317E+00  0.2620E+00  0.2620E+00
   1024.0  0.6985E+00  0.6290E+00  0.6303E+00  0.2614E+00  0.2614E+00
   1026.0  0.6970E+00  0.6281E+00  0.6295E+00  0.2610E+00  0.2610E+00
   1028.0  0.6944E+00  0.6266E+00  0.6280E+00  0.2603E+00  0.2603E+00
   1030.0  0.6908E+00  0.6242E+00  0.6256E+00  0.2592E+00  0.2592E+00
   1032.0  0.6869E+00  0.6213E+00  0.6227E+00  0.2579E+00  0.2579E+00
   1034.0  0.6834E+00  0.6186E+00  0.6199E+00  0.2567E+00  0.2567E+00
   1036.0  0.6805E+00  0.6160E+00  0.6174E+00  0.2556E+00  0.2556E+00
   1038.0  0.6778E+00  0.6134E+00  0.6148E+00  0.2544E+00  0.2544E+00
   1040.0  0.6752E+00  0.6108E+00  0.6121E+00  0.2532E+00  0.2532E+00
   1042.0  0.6721E+00  0.6076E+00  0.6090E+00  0.2519E+00  0.2519E+00
   1044.0  0.6682E+00  0.6037E+00  0.6050E+00  0.2502E+00  0.2502E+00
   1046.0  0.6648E+00  0.6001E+00  0.6014E+00  0.2486E+00  0.2486E+00
   1048.0  0.6629E+00  0.5975E+00  0.5988E+00  0.2474E+00  0.2474E+00
   1050.0  0.6613E+00  0.5951E+00  0.5964E+00  0.2464E+00  0.2464E+00
   1052.0  0.6591E+00  0.5921E+00  0.5934E+00  0.2451E+00  0.2451E+00
   1054.0  0.6564E+00  0.5885E+00  0.5898E+00  0.2435E+00  0.2435E+00
   1056.0  0.6526E+00  0.5839E+00  0.5851E+00  0.2416E+00  0.2416E+00
   1058.0  0.6477E+00  0.5782E+00  0.5794E+00  0.2392E+00  0.2392E+00
   1060.0  0.6436E+00  0.5732E+00  0.5744E+00  0.2370E+00  0.2370E+00
   1062.0  0.6413E+00  0.5700E+00  0.5712E+00  0.2356E+00  0.2356E+00
   1064.0  0.6391E+00  0.5670E+00  0.5682E+00  0.2344E+00  0.2344E+00
   1066.0  0.6345E+00  0.5623E+00  0.5635E+00  0.2324E+00  0.2324E+00
   1068.0  0.6286E+00  0.5568E+00  0.5580E+00  0.2300E+00  0.2300E+00
   1070.0  0.6249E+00  0.5536E+00  0.5547E+00  0.2286E+00  0.2286E+00
   1072.0  0.6241E+00  0.5527E+00  0.5538E+00  0.2282E+00  0.2282E+00
   1074.0  0.6237E+00  0.5514E+00  0.5525E+00  0.2276E+00  0.2276E+00
   1076.0  0.6223E+00  0.5487E+00  0.5499E+00  0.2264E+00  0.2264E+00
   1078.0  0.6193E+00  0.5447E+00  0.5458E+00  0.2247E+00  0.2247E+00
   1080.0  0.6151E+00  0.5393E+00  0.5404E+00  0.2224E+00  0.2224E+00
   1082.0  0.6116E+00  0.5333E+00  0.5344E+00  0.2199E+00  0.2199E+00
   1084.0  0.6095E+00  0.5271E+00  0.5282E+00  0.2173E+00  0.2173E+00
   1086.0  0.6076E+00  0.5218E+00  0.5229E+00  0.2151E+00  0.2151E+00
   1088.0  0.6052E+00  0.5177E+00  0.5188E+00  0.2133E+00  0.2133E+00
   1090.0  0.6010E+00  0.5110E+00  0.5120E+00  0.2105E+00  0.2105E+00
   1092.0  0.5942E+00  0.4980E+00  0.4990E+00  0.2052E+00  0.2052E+00
   1094.0  0.5878E+00  0.4821E+00  0.4830E+00  0.1986E+00  0.1986E+00
   1096.0  0.5860E+00  0.4678E+00  0.4687E+00  0.1927E+00  0.1927E+00
   1098.0  0.5880E+00  0.4527E+00  0.4536E+00  0.1865E+00  0.1865E+00
   1100.0  0.5904E+00  0.4347E+00  0.4356E+00  0.1792E+00  0.1792E+00
 SMOOTHED RESULTS TO SIMULATE A  6.15 nm FWHM INSTRUMENT AND A WAVELENGTH STEP OF  2.0 nm,
 Shape selected: Gaussian    
   WVLGTH  ET_SPCTRUM  BEAM_NORMAL BEAM_NORM+  GLOB_HORIZ  GLOBL_TILT

    300.0  0.5056E+00  0.1111E-02  0.1124E-02  0.1908E-02  0.1908E-02
    302.0  0.5317E+00  0.2933E-02  0.2968E-02  0.5021E-02  0.5021E-02
    304.0  0.5708E+00  0.6445E-02  0.6520E-02  0.1105E-01  0.1105E-01
    306.0  0.5984E+00  0.1226E-01  0.1240E-01  0.2113E-01  0.2113E-01
    308.0  0.6162E+00  0.2107E-01  0.2130E-01  0.3619E-01  0.3619E-01
    310.0  0.6403E+00  0.3329E-01  0.3366E-01  0.5625E-01  0.5625E-01
    312.0  0.6676E+00  0.4810E-01  0.4862E-01  0.7939E-01  0.7939E-01
    314.0  0.6842E+00  0.6407E-01  0.6475E-01  0.1034E+00  0.1034E+00
    316.0  0.6963E+00  0.8119E-01  0.8204E-01  0.1286E+00  0.1286E+00
    318.0  0.7148E+00  0.9955E-01  0.1006E+00  0.1554E+00  0.1554E+00
    320.0  0.7347E+00  0.1179E+00  0.1191E+00  0.1820E+00  0.1820E+00
    322.0  0.7607E+00  0.1376E+00  0.1390E+00  0.2101E+00  0.2101E+00
    324.0  0.8157E+00  0.1632E+00  0.1648E+00  0.2464E+00  0.2464E+00
    326.0  0.8966E+00  0.1941E+00  0.1960E+00  0.2895E+00  0.2895E+00
    328.0  0.9651E+00  0.2221E+00  0.2242E+00  0.3271E+00  0.3271E+00
    330.0  0.9941E+00  0.2409E+00  0.2431E+00  0.3499E+00  0.3499E+00
    332.0  0.9867E+00  0.2504E+00  0.2527E+00  0.3586E+00  0.3586E+00
    334.0  0.9617E+00  0.2547E+00  0.2570E+00  0.3598E+00  0.3598E+00
    336.0  0.9426E+00  0.2596E+00  0.2619E+00  0.3615E+00  0.3615E+00
    338.0  0.9468E+00  0.2700E+00  0.2724E+00  0.3700E+00  0.3700E+00
    340.0  0.9644E+00  0.2837E+00  0.2862E+00  0.3823E+00  0.3823E+00
    342.0  0.9677E+00  0.2927E+00  0.2952E+00  0.3881E+00  0.3881E+00
    344.0  0.9544E+00  0.2966E+00  0.2991E+00  0.3864E+00  0.3864E+00
    346.0  0.9467E+00  0.3021E+00  0.3046E+00  0.3859E+00  0.3859E+00
    348.0  0.9578E+00  0.3135E+00  0.3161E+00  0.3925E+00  0.3925E+00
    350.0  0.9838E+00  0.3296E+00  0.3323E+00  0.4052E+00  0.4052E+00
    352.0  0.1011E+01  0.3459E+00  0.3487E+00  0.4183E+00  0.4183E+00
    354.0  0.1015E+01  0.3541E+00  0.3569E+00  0.4220E+00  0.4220E+00
    356.0  0.9851E+00  0.3501E+00  0.3529E+00  0.4112E+00  0.4112E+00
    358.0  0.9544E+00  0.3462E+00  0.3488E+00  0.4005E+00  0.4005E+00
    360.0  0.9665E+00  0.3580E+00  0.3607E+00  0.4081E+00  0.4081E+00
    362.0  0.1019E+01  0.3852E+00  0.3881E+00  0.4331E+00  0.4331E+00
    364.0  0.1091E+01  0.4202E+00  0.4234E+00  0.4665E+00  0.4665E+00
    366.0  0.1157E+01  0.4533E+00  0.4567E+00  0.4974E+00  0.4974E+00
    368.0  0.1187E+01  0.4729E+00  0.4764E+00  0.5132E+00  0.5132E+00
    370.0  0.1171E+01  0.4738E+00  0.4772E+00  0.5086E+00  0.5086E+00
    372.0  0.1124E+01  0.4626E+00  0.4659E+00  0.4911E+00  0.4911E+00
    374.0  0.1099E+01  0.4598E+00  0.4631E+00  0.4825E+00  0.4825E+00
    376.0  0.1127E+01  0.4790E+00  0.4824E+00  0.4970E+00  0.4970E+00
    378.0  0.1158E+01  0.4988E+00  0.5023E+00  0.5126E+00  0.5126E+00
    380.0  0.1121E+01  0.4891E+00  0.4925E+00  0.4982E+00  0.4982E+00
    382.0  0.1036E+01  0.4581E+00  0.4612E+00  0.4623E+00  0.4623E+00
    384.0  0.9855E+00  0.4430E+00  0.4460E+00  0.4426E+00  0.4426E+00
    386.0  0.1008E+01  0.4603E+00  0.4634E+00  0.4554E+00  0.4554E+00
    388.0  0.1066E+01  0.4935E+00  0.4968E+00  0.4840E+00  0.4840E+00
    390.0  0.1101E+01  0.5159E+00  0.5193E+00  0.5022E+00  0.5022E+00
    392.0  0.1083E+01  0.5136E+00  0.5170E+00  0.4962E+00  0.4962E+00
    394.0  0.1067E+01  0.5127E+00  0.5161E+00  0.4912E+00  0.4912E+00
    396.0  0.1141E+01  0.5562E+00  0.5597E+00  0.5281E+00  0.5281E+00
    398.0  0.1325E+01  0.6534E+00  0.6576E+00  0.6156E+00  0.6156E+00
    400.0  0.1538E+01  0.7666E+00  0.7715E+00  0.7176E+00  0.7176E+00
    402.0  0.1676E+01  0.8439E+00  0.8492E+00  0.7852E+00  0.7852E+00
    404.0  0.1714E+01  0.8723E+00  0.8777E+00  0.8067E+00  0.8067E+00
    406.0  0.1705E+01  0.8767E+00  0.8822E+00  0.8057E+00  0.8057E+00
    408.0  0.1698E+01  0.8818E+00  0.8872E+00  0.8053E+00  0.8053E+00
    410.0  0.1707E+01  0.8955E+00  0.9010E+00  0.8128E+00  0.8128E+00
    412.0  0.1728E+01  0.9153E+00  0.9208E+00  0.8259E+00  0.8259E+00
    414.0  0.1745E+01  0.9336E+00  0.9392E+00  0.8377E+00  0.8377E+00
    416.0  0.1747E+01  0.9439E+00  0.9495E+00  0.8422E+00  0.8422E+00
    418.0  0.1737E+01  0.9472E+00  0.9528E+00  0.8403E+00  0.8403E+00
    420.0  0.1731E+01  0.9516E+00  0.9572E+00  0.8395E+00  0.8395E+00
    422.0  0.1728E+01  0.9579E+00  0.9635E+00  0.8404E+00  0.8404E+00
    424.0  0.1707E+01  0.9548E+00  0.9603E+00  0.8333E+00  0.8333E+00
    426.0  0.1651E+01  0.9311E+00  0.9365E+00  0.8087E+00  0.8087E+00
    428.0  0.1566E+01  0.8910E+00  0.8961E+00  0.7700E+00  0.7700E+00
    430.0  0.1516E+01  0.8697E+00  0.8746E+00  0.7477E+00  0.7477E+00
    432.0  0.1556E+01  0.9002E+00  0.9053E+00  0.7699E+00  0.7699E+00
    434.0  0.1650E+01  0.9616E+00  0.9670E+00  0.8185E+00  0.8185E+00
    436.0  0.1724E+01  0.1012E+01  0.1017E+01  0.8577E+00  0.8577E+00
    438.0  0.1762E+01  0.1042E+01  0.1048E+01  0.8796E+00  0.8796E+00
    440.0  0.1801E+01  0.1073E+01  0.1079E+01  0.9015E+00  0.9015E+00
    442.0  0.1853E+01  0.1111E+01  0.1118E+01  0.9301E+00  0.9301E+00
    444.0  0.1898E+01  0.1145E+01  0.1151E+01  0.9543E+00  0.9543E+00
    446.0  0.1936E+01  0.1175E+01  0.1182E+01  0.9753E+00  0.9753E+00
    448.0  0.1981E+01  0.1211E+01  0.1217E+01  0.1000E+01  0.1000E+01
    450.0  0.2016E+01  0.1241E+01  0.1248E+01  0.1021E+01  0.1021E+01
    452.0  0.2024E+01  0.1254E+01  0.1261E+01  0.1029E+01  0.1029E+01
    454.0  0.2022E+01  0.1261E+01  0.1268E+01  0.1030E+01  0.1030E+01
    456.0  0.2027E+01  0.1272E+01  0.1278E+01  0.1035E+01  0.1035E+01
    458.0  0.2035E+01  0.1282E+01  0.1289E+01  0.1039E+01  0.1039E+01
    460.0  0.2039E+01  0.1291E+01  0.1298E+01  0.1042E+01  0.1042E+01
    462.0  0.2037E+01  0.1297E+01  0.1304E+01  0.1044E+01  0.1044E+01
    464.0  0.2024E+01  0.1296E+01  0.1303E+01  0.1039E+01  0.1039E+01
    466.0  0.2005E+01  0.1291E+01  0.1298E+01  0.1032E+01  0.1032E+01
    468.0  0.1994E+01  0.1291E+01  0.1297E+01  0.1028E+01  0.1028E+01
    470.0  0.1996E+01  0.1298E+01  0.1304E+01  0.1030E+01  0.1030E+01
    472.0  0.2008E+01  0.1310E+01  0.1316E+01  0.1036E+01  0.1036E+01
    474.0  0.2024E+01  0.1323E+01  0.1329E+01  0.1042E+01  0.1042E+01
    476.0  0.2038E+01  0.1335E+01  0.1342E+01  0.1049E+01  0.1049E+01
    478.0  0.2046E+01  0.1346E+01  0.1353E+01  0.1054E+01  0.1054E+01
    480.0  0.2042E+01  0.1351E+01  0.1357E+01  0.1054E+01  0.1054E+01
    482.0  0.2010E+01  0.1338E+01  0.1344E+01  0.1040E+01  0.1040E+01
    484.0  0.1947E+01  0.1304E+01  0.1310E+01  0.1011E+01  0.1011E+01
    486.0  0.1890E+01  0.1272E+01  0.1278E+01  0.9831E+00  0.9831E+00
    488.0  0.1881E+01  0.1271E+01  0.1277E+01  0.9796E+00  0.9796E+00
    490.0  0.1909E+01  0.1295E+01  0.1301E+01  0.9950E+00  0.9950E+00
    492.0  0.1938E+01  0.1320E+01  0.1326E+01  0.1011E+01  0.1011E+01
    494.0  0.1955E+01  0.1336E+01  0.1343E+01  0.1021E+01  0.1021E+01
    496.0  0.1955E+01  0.1341E+01  0.1347E+01  0.1021E+01  0.1021E+01
    498.0  0.1937E+01  0.1332E+01  0.1338E+01  0.1012E+01  0.1012E+01
    500.0  0.1914E+01  0.1319E+01  0.1325E+01  0.9993E+00  0.9993E+00
    502.0  0.1906E+01  0.1313E+01  0.1319E+01  0.9922E+00  0.9922E+00
    504.0  0.1916E+01  0.1320E+01  0.1326E+01  0.9948E+00  0.9948E+00
    506.0  0.1930E+01  0.1332E+01  0.1338E+01  0.1002E+01  0.1002E+01
    508.0  0.1933E+01  0.1341E+01  0.1347E+01  0.1006E+01  0.1006E+01
    510.0  0.1925E+01  0.1342E+01  0.1348E+01  0.1004E+01  0.1004E+01
    512.0  0.1900E+01  0.1331E+01  0.1337E+01  0.9934E+00  0.9934E+00
    514.0  0.1854E+01  0.1304E+01  0.1310E+01  0.9712E+00  0.9712E+00
    516.0  0.1804E+01  0.1273E+01  0.1279E+01  0.9460E+00  0.9460E+00
    518.0  0.1785E+01  0.1264E+01  0.1269E+01  0.9363E+00  0.9363E+00
    520.0  0.1811E+01  0.1284E+01  0.1290E+01  0.9492E+00  0.9492E+00
    522.0  0.1848E+01  0.1312E+01  0.1318E+01  0.9675E+00  0.9675E+00
    524.0  0.1864E+01  0.1324E+01  0.1330E+01  0.9737E+00  0.9737E+00
    526.0  0.1864E+01  0.1324E+01  0.1329E+01  0.9712E+00  0.9712E+00
    528.0  0.1874E+01  0.1331E+01  0.1337E+01  0.9742E+00  0.9742E+00
    530.0  0.1892E+01  0.1345E+01  0.1351E+01  0.9822E+00  0.9822E+00
    532.0  0.1895E+01  0.1350E+01  0.1355E+01  0.9834E+00  0.9834E+00
    534.0  0.1887E+01  0.1348E+01  0.1353E+01  0.9799E+00  0.9799E+00
    536.0  0.1879E+01  0.1345E+01  0.1351E+01  0.9763E+00  0.9763E+00
    538.0  0.1864E+01  0.1338E+01  0.1343E+01  0.9688E+00  0.9688E+00
    540.0  0.1848E+01  0.1329E+01  0.1334E+01  0.9604E+00  0.9604E+00
    542.0  0.1850E+01  0.1331E+01  0.1336E+01  0.9599E+00  0.9599E+00
    544.0  0.1862E+01  0.1340E+01  0.1346E+01  0.9649E+00  0.9649E+00
    546.0  0.1867E+01  0.1346E+01  0.1351E+01  0.9671E+00  0.9671E+00
    548.0  0.1866E+01  0.1348E+01  0.1353E+01  0.9666E+00  0.9666E+00
    550.0  0.1866E+01  0.1351E+01  0.1356E+01  0.9671E+00  0.9671E+00
    552.0  0.1866E+01  0.1354E+01  0.1359E+01  0.9675E+00  0.9675E+00
    554.0  0.1861E+01  0.1352E+01  0.1357E+01  0.9642E+00  0.9642E+00
    556.0  0.1847E+01  0.1342E+01  0.1348E+01  0.9556E+00  0.9556E+00
    558.0  0.1831E+01  0.1331E+01  0.1336E+01  0.9454E+00  0.9454E+00
    560.0  0.1826E+01  0.1326E+01  0.1332E+01  0.9404E+00  0.9404E+00
    562.0  0.1830E+01  0.1328E+01  0.1333E+01  0.9399E+00  0.9399E+00
    564.0  0.1832E+01  0.1328E+01  0.1333E+01  0.9381E+00  0.9381E+00
    566.0  0.1831E+01  0.1325E+01  0.1330E+01  0.9339E+00  0.9339E+00
    568.0  0.1832E+01  0.1321E+01  0.1326E+01  0.9294E+00  0.9294E+00
    570.0  0.1834E+01  0.1319E+01  0.1324E+01  0.9265E+00  0.9265E+00
    572.0  0.1840E+01  0.1321E+01  0.1326E+01  0.9265E+00  0.9265E+00
    574.0  0.1844E+01  0.1323E+01  0.1328E+01  0.9265E+00  0.9265E+00
    576.0  0.1839E+01  0.1322E+01  0.1327E+01  0.9245E+00  0.9245E+00
    578.0  0.1833E+01  0.1324E+01  0.1329E+01  0.9249E+00  0.9249E+00
    580.0  0.1834E+01  0.1334E+01  0.1339E+01  0.9308E+00  0.9308E+00
    582.0  0.1838E+01  0.1346E+01  0.1351E+01  0.9378E+00  0.9378E+00
    584.0  0.1831E+01  0.1346E+01  0.1351E+01  0.9365E+00  0.9365E+00
    586.0  0.1809E+01  0.1326E+01  0.1331E+01  0.9213E+00  0.9213E+00
    588.0  0.1781E+01  0.1294E+01  0.1299E+01  0.8982E+00  0.8982E+00
    590.0  0.1768E+01  0.1275E+01  0.1280E+01  0.8833E+00  0.8833E+00
    592.0  0.1774E+01  0.1277E+01  0.1282E+01  0.8834E+00  0.8834E+00
    594.0  0.1783E+01  0.1288E+01  0.1293E+01  0.8899E+00  0.8899E+00
    596.0  0.1783E+01  0.1297E+01  0.1302E+01  0.8949E+00  0.8949E+00
    598.0  0.1775E+01  0.1301E+01  0.1306E+01  0.8967E+00  0.8967E+00
    600.0  0.1762E+01  0.1303E+01  0.1307E+01  0.8964E+00  0.8964E+00
    602.0  0.1756E+01  0.1306E+01  0.1310E+01  0.8975E+00  0.8975E+00
    604.0  0.1756E+01  0.1312E+01  0.1317E+01  0.9011E+00  0.9011E+00
    606.0  0.1754E+01  0.1318E+01  0.1322E+01  0.9039E+00  0.9039E+00
    608.0  0.1744E+01  0.1317E+01  0.1322E+01  0.9027E+00  0.9027E+00
    610.0  0.1729E+01  0.1312E+01  0.1316E+01  0.8981E+00  0.8981E+00
    612.0  0.1712E+01  0.1304E+01  0.1308E+01  0.8918E+00  0.8918E+00
    614.0  0.1696E+01  0.1296E+01  0.1301E+01  0.8858E+00  0.8858E+00
    616.0  0.1688E+01  0.1294E+01  0.1298E+01  0.8832E+00  0.8832E+00
    618.0  0.1690E+01  0.1297E+01  0.1301E+01  0.8843E+00  0.8843E+00
    620.0  0.1693E+01  0.1296E+01  0.1300E+01  0.8830E+00  0.8830E+00
    622.0  0.1686E+01  0.1286E+01  0.1290E+01  0.8751E+00  0.8751E+00
    624.0  0.1676E+01  0.1272E+01  0.1276E+01  0.8650E+00  0.8650E+00
    626.0  0.1671E+01  0.1264E+01  0.1268E+01  0.8584E+00  0.8584E+00
    628.0  0.1669E+01  0.1261E+01  0.1265E+01  0.8556E+00  0.8556E+00
    630.0  0.1661E+01  0.1262E+01  0.1266E+01  0.8560E+00  0.8560E+00
    632.0  0.1650E+01  0.1270E+01  0.1274E+01  0.8604E+00  0.8604E+00
    634.0  0.1644E+01  0.1281E+01  0.1285E+01  0.8675E+00  0.8675E+00
    636.0  0.1642E+01  0.1292E+01  0.1296E+01  0.8742E+00  0.8742E+00
    638.0  0.1639E+01  0.1298E+01  0.1302E+01  0.8775E+00  0.8775E+00
    640.0  0.1630E+01  0.1298E+01  0.1302E+01  0.8768E+00  0.8768E+00
    642.0  0.1620E+01  0.1295E+01  0.1299E+01  0.8739E+00  0.8739E+00
    644.0  0.1612E+01  0.1288E+01  0.1292E+01  0.8687E+00  0.8687E+00
    646.0  0.1601E+01  0.1275E+01  0.1279E+01  0.8593E+00  0.8593E+00
    648.0  0.1588E+01  0.1261E+01  0.1265E+01  0.8492E+00  0.8492E+00
    650.0  0.1577E+01  0.1254E+01  0.1258E+01  0.8436E+00  0.8436E+00
    652.0  0.1560E+01  0.1246E+01  0.1249E+01  0.8373E+00  0.8373E+00
    654.0  0.1527E+01  0.1224E+01  0.1228E+01  0.8223E+00  0.8223E+00
    656.0  0.1497E+01  0.1204E+01  0.1208E+01  0.8081E+00  0.8081E+00
    658.0  0.1502E+01  0.1209E+01  0.1213E+01  0.8107E+00  0.8107E+00
    660.0  0.1531E+01  0.1230E+01  0.1234E+01  0.8241E+00  0.8241E+00
    662.0  0.1552E+01  0.1247E+01  0.1250E+01  0.8347E+00  0.8347E+00
    664.0  0.1556E+01  0.1258E+01  0.1262E+01  0.8418E+00  0.8418E+00
    666.0  0.1551E+01  0.1268E+01  0.1271E+01  0.8478E+00  0.8478E+00
    668.0  0.1542E+01  0.1274E+01  0.1277E+01  0.8512E+00  0.8512E+00
    670.0  0.1532E+01  0.1274E+01  0.1277E+01  0.8507E+00  0.8507E+00
    672.0  0.1522E+01  0.1270E+01  0.1273E+01  0.8476E+00  0.8476E+00
    674.0  0.1513E+01  0.1266E+01  0.1270E+01  0.8445E+00  0.8445E+00
    676.0  0.1506E+01  0.1263E+01  0.1267E+01  0.8421E+00  0.8421E+00
    678.0  0.1500E+01  0.1260E+01  0.1264E+01  0.8395E+00  0.8395E+00
    680.0  0.1492E+01  0.1254E+01  0.1258E+01  0.8350E+00  0.8350E+00
    682.0  0.1482E+01  0.1238E+01  0.1241E+01  0.8235E+00  0.8235E+00
    684.0  0.1472E+01  0.1198E+01  0.1202E+01  0.7964E+00  0.7964E+00
    686.0  0.1467E+01  0.1138E+01  0.1141E+01  0.7553E+00  0.7553E+00
    688.0  0.1468E+01  0.1094E+01  0.1097E+01  0.7250E+00  0.7250E+00
    690.0  0.1466E+01  0.1094E+01  0.1097E+01  0.7245E+00  0.7245E+00
    692.0  0.1460E+01  0.1120E+01  0.1124E+01  0.7419E+00  0.7419E+00
    694.0  0.1450E+01  0.1146E+01  0.1149E+01  0.7586E+00  0.7586E+00
    696.0  0.1439E+01  0.1163E+01  0.1166E+01  0.7697E+00  0.7697E+00
    698.0  0.1430E+01  0.1170E+01  0.1173E+01  0.7740E+00  0.7740E+00
    700.0  0.1421E+01  0.1169E+01  0.1172E+01  0.7725E+00  0.7725E+00
    702.0  0.1416E+01  0.1168E+01  0.1171E+01  0.7718E+00  0.7718E+00
    704.0  0.1414E+01  0.1174E+01  0.1178E+01  0.7755E+00  0.7755E+00
    706.0  0.1410E+01  0.1182E+01  0.1185E+01  0.7798E+00  0.7798E+00
    708.0  0.1403E+01  0.1184E+01  0.1187E+01  0.7811E+00  0.7811E+00
    710.0  0.1394E+01  0.1181E+01  0.1185E+01  0.7788E+00  0.7788E+00
    712.0  0.1383E+01  0.1169E+01  0.1172E+01  0.7700E+00  0.7700E+00
    714.0  0.1372E+01  0.1135E+01  0.1138E+01  0.7473E+00  0.7473E+00
    716.0  0.1361E+01  0.1077E+01  0.1079E+01  0.7079E+00  0.7079E+00
    718.0  0.1351E+01  0.1017E+01  0.1020E+01  0.6680E+00  0.6680E+00
    720.0  0.1347E+01  0.9945E+00  0.9971E+00  0.6525E+00  0.6525E+00
    722.0  0.1348E+01  0.1002E+01  0.1004E+01  0.6569E+00  0.6569E+00
    724.0  0.1347E+01  0.1004E+01  0.1006E+01  0.6577E+00  0.6577E+00
    726.0  0.1340E+01  0.9957E+00  0.9983E+00  0.6521E+00  0.6521E+00
    728.0  0.1330E+01  0.9966E+00  0.9992E+00  0.6524E+00  0.6524E+00
    730.0  0.1323E+01  0.1016E+01  0.1018E+01  0.6648E+00  0.6648E+00
    732.0  0.1321E+01  0.1049E+01  0.1052E+01  0.6863E+00  0.6863E+00
    734.0  0.1319E+01  0.1080E+01  0.1083E+01  0.7066E+00  0.7066E+00
    736.0  0.1310E+01  0.1097E+01  0.1100E+01  0.7174E+00  0.7174E+00
    738.0  0.1296E+01  0.1103E+01  0.1105E+01  0.7207E+00  0.7207E+00
    740.0  0.1285E+01  0.1107E+01  0.1110E+01  0.7233E+00  0.7233E+00
    742.0  0.1283E+01  0.1115E+01  0.1118E+01  0.7283E+00  0.7283E+00
    744.0  0.1285E+01  0.1124E+01  0.1127E+01  0.7336E+00  0.7336E+00
    746.0  0.1285E+01  0.1128E+01  0.1131E+01  0.7360E+00  0.7360E+00
    748.0  0.1281E+01  0.1127E+01  0.1130E+01  0.7348E+00  0.7348E+00
    750.0  0.1276E+01  0.1124E+01  0.1127E+01  0.7324E+00  0.7324E+00
    752.0  0.1273E+01  0.1121E+01  0.1123E+01  0.7297E+00  0.7297E+00
    754.0  0.1270E+01  0.1107E+01  0.1109E+01  0.7201E+00  0.7201E+00
    756.0  0.1266E+01  0.1046E+01  0.1048E+01  0.6802E+00  0.6802E+00
    758.0  0.1261E+01  0.8960E+00  0.8981E+00  0.5819E+00  0.5819E+00
    760.0  0.1255E+01  0.6980E+00  0.6997E+00  0.4523E+00  0.4523E+00
    762.0  0.1249E+01  0.5863E+00  0.5877E+00  0.3788E+00  0.3788E+00
    764.0  0.1240E+01  0.6290E+00  0.6305E+00  0.4061E+00  0.4061E+00
    766.0  0.1229E+01  0.7696E+00  0.7714E+00  0.4975E+00  0.4975E+00
    768.0  0.1220E+01  0.9162E+00  0.9183E+00  0.5929E+00  0.5929E+00
    770.0  0.1215E+01  0.1013E+01  0.1015E+01  0.6557E+00  0.6557E+00
    772.0  0.1211E+01  0.1057E+01  0.1059E+01  0.6841E+00  0.6841E+00
    774.0  0.1209E+01  0.1071E+01  0.1073E+01  0.6929E+00  0.6929E+00
    776.0  0.1206E+01  0.1073E+01  0.1075E+01  0.6940E+00  0.6940E+00
    778.0  0.1202E+01  0.1071E+01  0.1073E+01  0.6923E+00  0.6923E+00
    780.0  0.1197E+01  0.1067E+01  0.1070E+01  0.6896E+00  0.6896E+00
    782.0  0.1192E+01  0.1063E+01  0.1065E+01  0.6866E+00  0.6866E+00
    784.0  0.1188E+01  0.1058E+01  0.1060E+01  0.6829E+00  0.6829E+00
    786.0  0.1184E+01  0.1049E+01  0.1052E+01  0.6770E+00  0.6770E+00
    788.0  0.1178E+01  0.1036E+01  0.1038E+01  0.6682E+00  0.6682E+00
    790.0  0.1167E+01  0.1022E+01  0.1024E+01  0.6585E+00  0.6585E+00
    792.0  0.1154E+01  0.1010E+01  0.1013E+01  0.6509E+00  0.6509E+00
    794.0  0.1145E+01  0.1004E+01  0.1007E+01  0.6467E+00  0.6467E+00
    796.0  0.1142E+01  0.1002E+01  0.1004E+01  0.6450E+00  0.6450E+00
    798.0  0.1140E+01  0.1001E+01  0.1003E+01  0.6436E+00  0.6436E+00
    800.0  0.1137E+01  0.9971E+00  0.9993E+00  0.6411E+00  0.6411E+00
    802.0  0.1132E+01  0.9929E+00  0.9951E+00  0.6381E+00  0.6381E+00
    804.0  0.1126E+01  0.9902E+00  0.9924E+00  0.6361E+00  0.6361E+00
    806.0  0.1120E+01  0.9880E+00  0.9901E+00  0.6344E+00  0.6344E+00
    808.0  0.1116E+01  0.9801E+00  0.9822E+00  0.6290E+00  0.6290E+00
    810.0  0.1113E+01  0.9597E+00  0.9618E+00  0.6155E+00  0.6155E+00
    812.0  0.1113E+01  0.9228E+00  0.9247E+00  0.5913E+00  0.5913E+00
    814.0  0.1110E+01  0.8753E+00  0.8772E+00  0.5604E+00  0.5604E+00
    816.0  0.1102E+01  0.8380E+00  0.8398E+00  0.5360E+00  0.5360E+00
    818.0  0.1090E+01  0.8260E+00  0.8277E+00  0.5281E+00  0.5281E+00
    820.0  0.1079E+01  0.8304E+00  0.8322E+00  0.5308E+00  0.5308E+00
    822.0  0.1073E+01  0.8360E+00  0.8378E+00  0.5343E+00  0.5343E+00
    824.0  0.1072E+01  0.8446E+00  0.8464E+00  0.5396E+00  0.5396E+00
    826.0  0.1071E+01  0.8557E+00  0.8575E+00  0.5465E+00  0.5465E+00
    828.0  0.1067E+01  0.8600E+00  0.8618E+00  0.5491E+00  0.5491E+00
    830.0  0.1060E+01  0.8615E+00  0.8632E+00  0.5498E+00  0.5498E+00
    832.0  0.1053E+01  0.8701E+00  0.8719E+00  0.5552E+00  0.5552E+00
    834.0  0.1050E+01  0.8874E+00  0.8892E+00  0.5661E+00  0.5661E+00
    836.0  0.1049E+01  0.9065E+00  0.9083E+00  0.5782E+00  0.5782E+00
    838.0  0.1048E+01  0.9201E+00  0.9219E+00  0.5867E+00  0.5867E+00
    840.0  0.1043E+01  0.9262E+00  0.9280E+00  0.5905E+00  0.5905E+00
    842.0  0.1036E+01  0.9269E+00  0.9288E+00  0.5908E+00  0.5908E+00
    844.0  0.1027E+01  0.9250E+00  0.9268E+00  0.5893E+00  0.5893E+00
    846.0  0.1016E+01  0.9185E+00  0.9204E+00  0.5850E+00  0.5850E+00
    848.0  0.9992E+00  0.9051E+00  0.9069E+00  0.5762E+00  0.5762E+00
    850.0  0.9807E+00  0.8886E+00  0.8904E+00  0.5655E+00  0.5655E+00
    852.0  0.9660E+00  0.8756E+00  0.8774E+00  0.5570E+00  0.5570E+00
    854.0  0.9615E+00  0.8728E+00  0.8745E+00  0.5549E+00  0.5549E+00
    856.0  0.9723E+00  0.8842E+00  0.8859E+00  0.5620E+00  0.5620E+00
    858.0  0.9888E+00  0.9009E+00  0.9026E+00  0.5724E+00  0.5724E+00
    860.0  0.9966E+00  0.9094E+00  0.9111E+00  0.5776E+00  0.5776E+00
    862.0  0.9904E+00  0.9048E+00  0.9065E+00  0.5745E+00  0.5745E+00
    864.0  0.9722E+00  0.8889E+00  0.8906E+00  0.5643E+00  0.5643E+00
    866.0  0.9547E+00  0.8736E+00  0.8753E+00  0.5544E+00  0.5544E+00
    868.0  0.9520E+00  0.8717E+00  0.8734E+00  0.5530E+00  0.5530E+00
    870.0  0.9585E+00  0.8782E+00  0.8799E+00  0.5569E+00  0.5569E+00
    872.0  0.9612E+00  0.8810E+00  0.8827E+00  0.5585E+00  0.5585E+00
    874.0  0.9585E+00  0.8788E+00  0.8805E+00  0.5569E+00  0.5569E+00
    876.0  0.9551E+00  0.8759E+00  0.8775E+00  0.5548E+00  0.5548E+00
    878.0  0.9511E+00  0.8722E+00  0.8738E+00  0.5523E+00  0.5523E+00
    880.0  0.9456E+00  0.8668E+00  0.8684E+00  0.5487E+00  0.5487E+00
    882.0  0.9414E+00  0.8624E+00  0.8640E+00  0.5457E+00  0.5457E+00
    884.0  0.9394E+00  0.8597E+00  0.8613E+00  0.5439E+00  0.5439E+00
    886.0  0.9379E+00  0.8571E+00  0.8587E+00  0.5420E+00  0.5420E+00
    888.0  0.9369E+00  0.8537E+00  0.8553E+00  0.5397E+00  0.5397E+00
    890.0  0.9354E+00  0.8443E+00  0.8458E+00  0.5335E+00  0.5335E+00
    892.0  0.9319E+00  0.8191E+00  0.8206E+00  0.5173E+00  0.5173E+00
    894.0  0.9280E+00  0.7742E+00  0.7756E+00  0.4885E+00  0.4885E+00
    896.0  0.9244E+00  0.7181E+00  0.7194E+00  0.4527E+00  0.4527E+00
    898.0  0.9188E+00  0.6716E+00  0.6728E+00  0.4230E+00  0.4230E+00
    900.0  0.9121E+00  0.6550E+00  0.6561E+00  0.4124E+00  0.4124E+00
    902.0  0.9089E+00  0.6699E+00  0.6711E+00  0.4217E+00  0.4217E+00
    904.0  0.9093E+00  0.6907E+00  0.6919E+00  0.4348E+00  0.4348E+00
    906.0  0.9077E+00  0.6873E+00  0.6886E+00  0.4326E+00  0.4326E+00
    908.0  0.9025E+00  0.6633E+00  0.6645E+00  0.4172E+00  0.4172E+00
    910.0  0.8976E+00  0.6416E+00  0.6427E+00  0.4033E+00  0.4033E+00
    912.0  0.8952E+00  0.6295E+00  0.6306E+00  0.3956E+00  0.3956E+00
    914.0  0.8936E+00  0.6252E+00  0.6263E+00  0.3927E+00  0.3927E+00
    916.0  0.8909E+00  0.6320E+00  0.6331E+00  0.3969E+00  0.3969E+00
    918.0  0.8858E+00  0.6518E+00  0.6529E+00  0.4094E+00  0.4094E+00
    920.0  0.8773E+00  0.6739E+00  0.6751E+00  0.4233E+00  0.4233E+00
    922.0  0.8685E+00  0.6833E+00  0.6845E+00  0.4291E+00  0.4291E+00
    924.0  0.8643E+00  0.6737E+00  0.6748E+00  0.4229E+00  0.4229E+00
    926.0  0.8653E+00  0.6372E+00  0.6383E+00  0.3998E+00  0.3998E+00
    928.0  0.8676E+00  0.5621E+00  0.5631E+00  0.3523E+00  0.3523E+00
    930.0  0.8681E+00  0.4561E+00  0.4569E+00  0.2854E+00  0.2854E+00
    932.0  0.8662E+00  0.3505E+00  0.3511E+00  0.2189E+00  0.2189E+00
    934.0  0.8622E+00  0.2794E+00  0.2799E+00  0.1743E+00  0.1743E+00
    936.0  0.8568E+00  0.2647E+00  0.2652E+00  0.1650E+00  0.1650E+00
    938.0  0.8498E+00  0.3006E+00  0.3011E+00  0.1874E+00  0.1874E+00
    940.0  0.8403E+00  0.3446E+00  0.3452E+00  0.2150E+00  0.2150E+00
    942.0  0.8317E+00  0.3559E+00  0.3565E+00  0.2219E+00  0.2219E+00
    944.0  0.8277E+00  0.3419E+00  0.3425E+00  0.2132E+00  0.2132E+00
    946.0  0.8276E+00  0.3338E+00  0.3344E+00  0.2080E+00  0.2080E+00
    948.0  0.8276E+00  0.3403E+00  0.3408E+00  0.2120E+00  0.2120E+00
    950.0  0.8244E+00  0.3503E+00  0.3509E+00  0.2183E+00  0.2183E+00
    952.0  0.8173E+00  0.3569E+00  0.3575E+00  0.2224E+00  0.2224E+00
    954.0  0.8090E+00  0.3607E+00  0.3613E+00  0.2247E+00  0.2247E+00
    956.0  0.8046E+00  0.3678E+00  0.3684E+00  0.2291E+00  0.2291E+00
    958.0  0.8045E+00  0.3876E+00  0.3882E+00  0.2414E+00  0.2414E+00
    960.0  0.8035E+00  0.4181E+00  0.4188E+00  0.2604E+00  0.2604E+00
    962.0  0.7997E+00  0.4496E+00  0.4503E+00  0.2801E+00  0.2801E+00
    964.0  0.7950E+00  0.4815E+00  0.4823E+00  0.3001E+00  0.3001E+00
    966.0  0.7915E+00  0.5223E+00  0.5231E+00  0.3256E+00  0.3256E+00
    968.0  0.7889E+00  0.5702E+00  0.5711E+00  0.3556E+00  0.3556E+00
    970.0  0.7861E+00  0.6039E+00  0.6049E+00  0.3767E+00  0.3767E+00
    972.0  0.7823E+00  0.6077E+00  0.6086E+00  0.3790E+00  0.3790E+00
    974.0  0.7784E+00  0.5944E+00  0.5953E+00  0.3705E+00  0.3705E+00
    976.0  0.7757E+00  0.5889E+00  0.5899E+00  0.3670E+00  0.3670E+00
    978.0  0.7744E+00  0.5996E+00  0.6005E+00  0.3736E+00  0.3736E+00
    980.0  0.7738E+00  0.6200E+00  0.6210E+00  0.3863E+00  0.3863E+00
    982.0  0.7729E+00  0.6427E+00  0.6437E+00  0.4005E+00  0.4005E+00
    984.0  0.7706E+00  0.6630E+00  0.6640E+00  0.4131E+00  0.4131E+00
    986.0  0.7669E+00  0.6791E+00  0.6802E+00  0.4232E+00  0.4232E+00
    988.0  0.7628E+00  0.6899E+00  0.6910E+00  0.4299E+00  0.4299E+00
    990.0  0.7597E+00  0.6958E+00  0.6969E+00  0.4335E+00  0.4335E+00
    992.0  0.7573E+00  0.6986E+00  0.6997E+00  0.4351E+00  0.4351E+00
    994.0  0.7544E+00  0.6992E+00  0.7003E+00  0.4354E+00  0.4354E+00
    996.0  0.7503E+00  0.6975E+00  0.6985E+00  0.4342E+00  0.4342E+00
    998.0  0.7462E+00  0.6941E+00  0.6951E+00  0.4320E+00  0.4320E+00
   1000.0  0.7421E+00  0.6896E+00  0.6907E+00  0.4292E+00  0.4292E+00
   1002.0  0.7359E+00  0.6833E+00  0.6843E+00  0.4251E+00  0.4251E+00
   1004.0  0.7280E+00  0.6763E+00  0.6773E+00  0.4207E+00  0.4207E+00
   1006.0  0.7241E+00  0.6731E+00  0.6741E+00  0.4186E+00  0.4186E+00
   1008.0  0.7251E+00  0.6740E+00  0.6750E+00  0.4190E+00  0.4190E+00
   1010.0  0.7257E+00  0.6749E+00  0.6759E+00  0.4195E+00  0.4195E+00
   1012.0  0.7230E+00  0.6734E+00  0.6744E+00  0.4185E+00  0.4185E+00
   1014.0  0.7181E+00  0.6701E+00  0.6711E+00  0.4163E+00  0.4163E+00
   1016.0  0.7126E+00  0.6654E+00  0.6664E+00  0.4133E+00  0.4133E+00
   1018.0  0.7072E+00  0.6605E+00  0.6614E+00  0.4102E+00  0.4102E+00
   1020.0  0.7028E+00  0.6562E+00  0.6572E+00  0.4074E+00  0.4074E+00
   1022.0  0.7000E+00  0.6534E+00  0.6544E+00  0.4056E+00  0.4056E+00
   1024.0  0.6985E+00  0.6521E+00  0.6530E+00  0.4047E+00  0.4047E+00
   1026.0  0.6970E+00  0.6510E+00  0.6520E+00  0.4039E+00  0.4039E+00
   1028.0  0.6944E+00  0.6492E+00  0.6501E+00  0.4027E+00  0.4027E+00
   1030.0  0.6908E+00  0.6464E+00  0.6473E+00  0.4009E+00  0.4009E+00
   1032.0  0.6869E+00  0.6432E+00  0.6441E+00  0.3988E+00  0.3988E+00
   1034.0  0.6834E+00  0.6403E+00  0.6412E+00  0.3969E+00  0.3969E+00
   1036.0  0.6805E+00  0.6376E+00  0.6385E+00  0.3952E+00  0.3952E+00
   1038.0  0.6778E+00  0.6350E+00  0.6359E+00  0.3934E+00  0.3934E+00
   1040.0  0.6752E+00  0.6323E+00  0.6332E+00  0.3917E+00  0.3917E+00
   1042.0  0.6721E+00  0.6292E+00  0.6301E+00  0.3897E+00  0.3897E+00
   1044.0  0.6682E+00  0.6253E+00  0.6262E+00  0.3872E+00  0.3872E+00
   1046.0  0.6648E+00  0.6217E+00  0.6226E+00  0.3849E+00  0.3849E+00
   1048.0  0.6629E+00  0.6193E+00  0.6202E+00  0.3833E+00  0.3833E+00
   1050.0  0.6613E+00  0.6172E+00  0.6181E+00  0.3820E+00  0.3820E+00
   1052.0  0.6591E+00  0.6145E+00  0.6153E+00  0.3802E+00  0.3802E+00
   1054.0  0.6564E+00  0.6111E+00  0.6120E+00  0.3780E+00  0.3780E+00
   1056.0  0.6526E+00  0.6067E+00  0.6076E+00  0.3752E+00  0.3752E+00
   1058.0  0.6477E+00  0.6013E+00  0.6021E+00  0.3718E+00  0.3718E+00
   1060.0  0.6436E+00  0.5966E+00  0.5974E+00  0.3688E+00  0.3688E+00
   1062.0  0.6413E+00  0.5937E+00  0.5945E+00  0.3669E+00  0.3669E+00
   1064.0  0.6391E+00  0.5909E+00  0.5917E+00  0.3652E+00  0.3652E+00
   1066.0  0.6345E+00  0.5862E+00  0.5870E+00  0.3622E+00  0.3622E+00
   1068.0  0.6286E+00  0.5806E+00  0.5814E+00  0.3586E+00  0.3586E+00
   1070.0  0.6249E+00  0.5772E+00  0.5779E+00  0.3564E+00  0.3564E+00
   1072.0  0.6241E+00  0.5762E+00  0.5770E+00  0.3558E+00  0.3558E+00
   1074.0  0.6237E+00  0.5752E+00  0.5760E+00  0.3551E+00  0.3551E+00
   1076.0  0.6223E+00  0.5728E+00  0.5736E+00  0.3535E+00  0.3535E+00
   1078.0  0.6193E+00  0.5689E+00  0.5696E+00  0.3510E+00  0.3510E+00
   1080.0  0.6151E+00  0.5636E+00  0.5643E+00  0.3477E+00  0.3477E+00
   1082.0  0.6116E+00  0.5579E+00  0.5587E+00  0.3441E+00  0.3441E+00
   1084.0  0.6095E+00  0.5525E+00  0.5533E+00  0.3407E+00  0.3407E+00
   1086.0  0.6076E+00  0.5479E+00  0.5486E+00  0.3378E+00  0.3378E+00
   1088.0  0.6052E+00  0.5441E+00  0.5448E+00  0.3354E+00  0.3354E+00
   1090.0  0.6010E+00  0.5379E+00  0.5386E+00  0.3315E+00  0.3315E+00
   1092.0  0.5942E+00  0.5263E+00  0.5270E+00  0.3243E+00  0.3243E+00
   1094.0  0.5878E+00  0.5127E+00  0.5134E+00  0.3158E+00  0.3158E+00
   1096.0  0.5860E+00  0.5016E+00  0.5023E+00  0.3089E+00  0.3089E+00
   1098.0  0.5880E+00  0.4905E+00  0.4912E+00  0.3019E+00  0.3019E+00
   1100.0  0.5904E+00  0.4769E+00  0.4775E+00  0.2934E+00  0.2934E+00
 SMOOTHED RESULTS TO SIMULATE A  6.15 nm FWHM INSTRUMENT AND A WAVELENGTH STEP OF  2.0 nm,
 Shape selected: Gaussian    
   WVLGTH  ET_SPCTRUM  BEAM_NORMAL BEAM_NORM+  GLOB_HORIZ  GLOBL_TILT

    300.0  0.5056E+00  0.6101E-02  0.6152E-02  0.1033E-01  0.1033E-01
    302.0  0.5317E+00  0.1311E-01  0.1321E-01  0.2237E-01  0.2237E-01
    304.0  0.5708E+00  0.2412E-01  0.2431E-01  0.4138E-01  0.4138E-01
    306.0  0.5984E+00  0.3911E-01  0.3941E-01  0.6760E-01  0.6760E-01
    308.0  0.6162E+00  0.5837E-01  0.5882E-01  0.1014E+00  0.1014E+00
    310.0  0.6403E+00  0.8214E-01  0.8276E-01  0.1420E+00  0.1420E+00
    312.0  0.6676E+00  0.1082E+00  0.1090E+00  0.1848E+00  0.1848E+00
    314.0  0.6842E+00  0.1335E+00  0.1345E+00  0.2246E+00  0.2246E+00
    316.0  0.6963E+00  0.1585E+00  0.1597E+00  0.2627E+00  0.2627E+00
    318.0  0.7148E+00  0.1843E+00  0.1856E+00  0.3017E+00  0.3017E+00
    320.0  0.7347E+00  0.2092E+00  0.2106E+00  0.3391E+00  0.3391E+00
    322.0  0.7607E+00  0.2353E+00  0.2369E+00  0.3789E+00  0.3789E+00
    324.0  0.8157E+00  0.2706E+00  0.2724E+00  0.4337E+00  0.4337E+00
    326.0  0.8966E+00  0.3141E+00  0.3162E+00  0.5010E+00  0.5010E+00
    328.0  0.9651E+00  0.3527E+00  0.3550E+00  0.5592E+00  0.5592E+00
    330.0  0.9941E+00  0.3764E+00  0.3788E+00  0.5923E+00  0.5923E+00
    332.0  0.9867E+00  0.3857E+00  0.3881E+00  0.6018E+00  0.6018E+00
    334.0  0.9617E+00  0.3871E+00  0.3895E+00  0.5994E+00  0.5994E+00
    336.0  0.9426E+00  0.3897E+00  0.3921E+00  0.5986E+00  0.5986E+00
    338.0  0.9468E+00  0.4010E+00  0.4034E+00  0.6101E+00  0.6101E+00
    340.0  0.9644E+00  0.4172E+00  0.4197E+00  0.6284E+00  0.6284E+00
    342.0  0.9677E+00  0.4268E+00  0.4293E+00  0.6365E+00  0.6365E+00
    344.0  0.9544E+00  0.4287E+00  0.4312E+00  0.6324E+00  0.6324E+00
    346.0  0.9467E+00  0.4331E+00  0.4356E+00  0.6305E+00  0.6305E+00
    348.0  0.9578E+00  0.4458E+00  0.4483E+00  0.6401E+00  0.6401E+00
    350.0  0.9838E+00  0.4654E+00  0.4679E+00  0.6598E+00  0.6598E+00
    352.0  0.1011E+01  0.4851E+00  0.4877E+00  0.6802E+00  0.6802E+00
    354.0  0.1015E+01  0.4936E+00  0.4963E+00  0.6852E+00  0.6852E+00
    356.0  0.9851E+00  0.4852E+00  0.4878E+00  0.6668E+00  0.6668E+00
    358.0  0.9544E+00  0.4766E+00  0.4791E+00  0.6485E+00  0.6485E+00
    360.0  0.9665E+00  0.4896E+00  0.4922E+00  0.6597E+00  0.6597E+00
    362.0  0.1019E+01  0.5235E+00  0.5262E+00  0.6990E+00  0.6990E+00
    364.0  0.1091E+01  0.5677E+00  0.5706E+00  0.7517E+00  0.7517E+00
    366.0  0.1157E+01  0.6091E+00  0.6122E+00  0.8002E+00  0.8002E+00
    368.0  0.1187E+01  0.6322E+00  0.6354E+00  0.8245E+00  0.8245E+00
    370.0  0.1171E+01  0.6302E+00  0.6333E+00  0.8160E+00  0.8160E+00
    372.0  0.1124E+01  0.6121E+00  0.6151E+00  0.7868E+00  0.7868E+00
    374.0  0.1099E+01  0.6052E+00  0.6081E+00  0.7719E+00  0.7719E+00
    376.0  0.1127E+01  0.6274E+00  0.6304E+00  0.7942E+00  0.7942E+00
    378.0  0.1158E+01  0.6506E+00  0.6537E+00  0.8182E+00  0.8182E+00
    380.0  0.1121E+01  0.6354E+00  0.6384E+00  0.7944E+00  0.7944E+00
    382.0  0.1036E+01  0.5925E+00  0.5953E+00  0.7362E+00  0.7362E+00
    384.0  0.9855E+00  0.5701E+00  0.5727E+00  0.7037E+00  0.7037E+00
    386.0  0.1008E+01  0.5894E+00  0.5921E+00  0.7229E+00  0.7229E+00
    388.0  0.1066E+01  0.6291E+00  0.6320E+00  0.7673E+00  0.7673E+00
    390.0  0.1101E+01  0.6553E+00  0.6582E+00  0.7952E+00  0.7952E+00
    392.0  0.1083E+01  0.6499E+00  0.6528E+00  0.7848E+00  0.7848E+00
    394.0  0.1067E+01  0.6461E+00  0.6489E+00  0.7758E+00  0.7758E+00
    396.0  0.1141E+01  0.6977E+00  0.7008E+00  0.8330E+00  0.8330E+00
    398.0  0.1325E+01  0.8165E+00  0.8201E+00  0.9699E+00  0.9699E+00
    400.0  0.1538E+01  0.9549E+00  0.9590E+00  0.1130E+01  0.1130E+01
    402.0  0.1676E+01  0.1048E+01  0.1052E+01  0.1235E+01  0.1235E+01
    404.0  0.1714E+01  0.1079E+01  0.1084E+01  0.1267E+01  0.1267E+01
    406.0  0.1705E+01  0.1081E+01  0.1086E+01  0.1265E+01  0.1265E+01
    408.0  0.1698E+01  0.1084E+01  0.1089E+01  0.1263E+01  0.1263E+01
    410.0  0.1707E+01  0.1098E+01  0.1102E+01  0.1273E+01  0.1273E+01
    412.0  0.1728E+01  0.1118E+01  0.1123E+01  0.1292E+01  0.1292E+01
    414.0  0.1745E+01  0.1137E+01  0.1142E+01  0.1309E+01  0.1309E+01
    416.0  0.1747E+01  0.1146E+01  0.1151E+01  0.1315E+01  0.1315E+01
    418.0  0.1737E+01  0.1147E+01  0.1152E+01  0.1310E+01  0.1310E+01
    420.0  0.1731E+01  0.1149E+01  0.1154E+01  0.1308E+01  0.1308E+01
    422.0  0.1728E+01  0.1154E+01  0.1158E+01  0.1308E+01  0.1308E+01
    424.0  0.1707E+01  0.1147E+01  0.1152E+01  0.1296E+01  0.1296E+01
    426.0  0.1651E+01  0.1115E+01  0.1120E+01  0.1257E+01  0.1257E+01
    428.0  0.1566E+01  0.1064E+01  0.1069E+01  0.1195E+01  0.1195E+01
    430.0  0.1516E+01  0.1036E+01  0.1040E+01  0.1159E+01  0.1159E+01
    432.0  0.1556E+01  0.1070E+01  0.1074E+01  0.1193E+01  0.1193E+01
    434.0  0.1650E+01  0.1140E+01  0.1144E+01  0.1267E+01  0.1267E+01
    436.0  0.1724E+01  0.1197E+01  0.1202E+01  0.1327E+01  0.1327E+01
    438.0  0.1762E+01  0.1230E+01  0.1235E+01  0.1360E+01  0.1360E+01
    440.0  0.1801E+01  0.1263E+01  0.1268E+01  0.1392E+01  0.1392E+01
    442.0  0.1853E+01  0.1306E+01  0.1311E+01  0.1435E+01  0.1435E+01
    444.0  0.1898E+01  0.1343E+01  0.1348E+01  0.1472E+01  0.1472E+01
    446.0  0.1936E+01  0.1376E+01  0.1381E+01  0.1503E+01  0.1503E+01
    448.0  0.1981E+01  0.1414E+01  0.1419E+01  0.1541E+01  0.1541E+01
    450.0  0.2016E+01  0.1446E+01  0.1451E+01  0.1572E+01  0.1572E+01
    452.0  0.2024E+01  0.1459E+01  0.1464E+01  0.1582E+01  0.1582E+01
    454.0  0.2022E+01  0.1464E+01  0.1469E+01  0.1583E+01  0.1583E+01
    456.0  0.2027E+01  0.1473E+01  0.1479E+01  0.1589E+01  0.1589E+01
    458.0  0.2035E+01  0.1483E+01  0.1489E+01  0.1596E+01  0.1596E+01
    460.0  0.2039E+01  0.1491E+01  0.1497E+01  0.1601E+01  0.1601E+01
    462.0  0.2037E+01  0.1496E+01  0.1501E+01  0.1602E+01  0.1602E+01
    464.0  0.2024E+01  0.1492E+01  0.1497E+01  0.1594E+01  0.1594E+01
    466.0  0.2005E+01  0.1484E+01  0.1489E+01  0.1581E+01  0.1581E+01
    468.0  0.1994E+01  0.1481E+01  0.1486E+01  0.1574E+01  0.1574E+01
    470.0  0.1996E+01  0.1486E+01  0.1492E+01  0.1577E+01  0.1577E+01
    472.0  0.2008E+01  0.1499E+01  0.1504E+01  0.1586E+01  0.1586E+01
    474.0  0.2024E+01  0.1513E+01  0.1518E+01  0.1597E+01  0.1597E+01
    476.0  0.2038E+01  0.1525E+01  0.1531E+01  0.1607E+01  0.1607E+01
    478.0  0.2046E+01  0.1536E+01  0.1541E+01  0.1615E+01  0.1615E+01
    480.0  0.2042E+01  0.1539E+01  0.1544E+01  0.1614E+01  0.1614E+01
    482.0  0.2010E+01  0.1521E+01  0.1526E+01  0.1593E+01  0.1593E+01
    484.0  0.1947E+01  0.1480E+01  0.1485E+01  0.1546E+01  0.1546E+01
    486.0  0.1890E+01  0.1441E+01  0.1446E+01  0.1503E+01  0.1503E+01
    488.0  0.1881E+01  0.1438E+01  0.1443E+01  0.1496E+01  0.1496E+01
    490.0  0.1909E+01  0.1464E+01  0.1468E+01  0.1520E+01  0.1520E+01
    492.0  0.1938E+01  0.1490E+01  0.1495E+01  0.1544E+01  0.1544E+01
    494.0  0.1955E+01  0.1507E+01  0.1511E+01  0.1558E+01  0.1558E+01
    496.0  0.1955E+01  0.1510E+01  0.1515E+01  0.1559E+01  0.1559E+01
    498.0  0.1937E+01  0.1499E+01  0.1504E+01  0.1545E+01  0.1545E+01
    500.0  0.1914E+01  0.1483E+01  0.1488E+01  0.1526E+01  0.1526E+01
    502.0  0.1906E+01  0.1477E+01  0.1481E+01  0.1517E+01  0.1517E+01
    504.0  0.1916E+01  0.1484E+01  0.1489E+01  0.1522E+01  0.1522E+01
    506.0  0.1930E+01  0.1497E+01  0.1502E+01  0.1533E+01  0.1533E+01
    508.0  0.1933E+01  0.1505E+01  0.1509E+01  0.1538E+01  0.1538E+01
    510.0  0.1925E+01  0.1503E+01  0.1508E+01  0.1534E+01  0.1534E+01
    512.0  0.1900E+01  0.1489E+01  0.1494E+01  0.1517E+01  0.1517E+01
    514.0  0.1854E+01  0.1457E+01  0.1462E+01  0.1482E+01  0.1482E+01
    516.0  0.1804E+01  0.1421E+01  0.1426E+01  0.1443E+01  0.1443E+01
    518.0  0.1785E+01  0.1409E+01  0.1413E+01  0.1429E+01  0.1429E+01
    520.0  0.1811E+01  0.1431E+01  0.1436E+01  0.1449E+01  0.1449E+01
    522.0  0.1848E+01  0.1462E+01  0.1466E+01  0.1477E+01  0.1477E+01
    524.0  0.1864E+01  0.1475E+01  0.1479E+01  0.1488E+01  0.1488E+01
    526.0  0.1864E+01  0.1475E+01  0.1479E+01  0.1485E+01  0.1485E+01
    528.0  0.1874E+01  0.1483E+01  0.1487E+01  0.1491E+01  0.1491E+01
    530.0  0.1892E+01  0.1498E+01  0.1502E+01  0.1504E+01  0.1504E+01
    532.0  0.1895E+01  0.1502E+01  0.1507E+01  0.1506E+01  0.1506E+01
    534.0  0.1887E+01  0.1499E+01  0.1503E+01  0.1500E+01  0.1500E+01
    536.0  0.1879E+01  0.1495E+01  0.1499E+01  0.1495E+01  0.1495E+01
    538.0  0.1864E+01  0.1485E+01  0.1489E+01  0.1483E+01  0.1483E+01
    540.0  0.1848E+01  0.1474E+01  0.1479E+01  0.1470E+01  0.1470E+01
    542.0  0.1850E+01  0.1476E+01  0.1481E+01  0.1470E+01  0.1470E+01
    544.0  0.1862E+01  0.1487E+01  0.1491E+01  0.1478E+01  0.1478E+01
    546.0  0.1867E+01  0.1492E+01  0.1496E+01  0.1482E+01  0.1482E+01
    548.0  0.1866E+01  0.1493E+01  0.1497E+01  0.1481E+01  0.1481E+01
    550.0  0.1866E+01  0.1496E+01  0.1500E+01  0.1482E+01  0.1482E+01
    552.0  0.1866E+01  0.1498E+01  0.1502E+01  0.1482E+01  0.1482E+01
    554.0  0.1861E+01  0.1495E+01  0.1499E+01  0.1477E+01  0.1477E+01
    556.0  0.1847E+01  0.1484E+01  0.1488E+01  0.1465E+01  0.1465E+01
    558.0  0.1831E+01  0.1472E+01  0.1476E+01  0.1450E+01  0.1450E+01
    560.0  0.1826E+01  0.1467E+01  0.1471E+01  0.1444E+01  0.1444E+01
    562.0  0.1830E+01  0.1469E+01  0.1473E+01  0.1444E+01  0.1444E+01
    564.0  0.1832E+01  0.1470E+01  0.1474E+01  0.1443E+01  0.1443E+01
    566.0  0.1831E+01  0.1467E+01  0.1471E+01  0.1438E+01  0.1438E+01
    568.0  0.1832E+01  0.1464E+01  0.1468E+01  0.1433E+01  0.1433E+01
    570.0  0.1834E+01  0.1463E+01  0.1467E+01  0.1431E+01  0.1431E+01
    572.0  0.1840E+01  0.1466E+01  0.1470E+01  0.1432E+01  0.1432E+01
    574.0  0.1844E+01  0.1469E+01  0.1473E+01  0.1433E+01  0.1433E+01
    576.0  0.1839E+01  0.1467E+01  0.1471E+01  0.1429E+01  0.1429E+01
    578.0  0.1833E+01  0.1467E+01  0.1471E+01  0.1428E+01  0.1428E+01
    580.0  0.1834E+01  0.1475E+01  0.1479E+01  0.1435E+01  0.1435E+01
    582.0  0.1838E+01  0.1485E+01  0.1488E+01  0.1443E+01  0.1443E+01
    584.0  0.1831E+01  0.1483E+01  0.1487E+01  0.1440E+01  0.1440E+01
    586.0  0.1809E+01  0.1462E+01  0.1466E+01  0.1418E+01  0.1418E+01
    588.0  0.1781E+01  0.1431E+01  0.1435E+01  0.1386E+01  0.1386E+01
    590.0  0.1768E+01  0.1413E+01  0.1416E+01  0.1367E+01  0.1367E+01
    592.0  0.1774E+01  0.1415E+01  0.1419E+01  0.1368E+01  0.1368E+01
    594.0  0.1783E+01  0.1426E+01  0.1430E+01  0.1377E+01  0.1377E+01
    596.0  0.1783E+01  0.1433E+01  0.1437E+01  0.1383E+01  0.1383E+01
    598.0  0.1775E+01  0.1435E+01  0.1438E+01  0.1384E+01  0.1384E+01
    600.0  0.1762E+01  0.1433E+01  0.1436E+01  0.1381E+01  0.1381E+01
    602.0  0.1756E+01  0.1433E+01  0.1437E+01  0.1380E+01  0.1380E+01
    604.0  0.1756E+01  0.1439E+01  0.1442E+01  0.1384E+01  0.1384E+01
    606.0  0.1754E+01  0.1442E+01  0.1446E+01  0.1387E+01  0.1387E+01
    608.0  0.1744E+01  0.1439E+01  0.1443E+01  0.1383E+01  0.1383E+01
    610.0  0.1729E+01  0.1431E+01  0.1434E+01  0.1374E+01  0.1374E+01
    612.0  0.1712E+01  0.1421E+01  0.1424E+01  0.1363E+01  0.1363E+01
    614.0  0.1696E+01  0.1411E+01  0.1414E+01  0.1353E+01  0.1353E+01
    616.0  0.1688E+01  0.1407E+01  0.1410E+01  0.1348E+01  0.1348E+01
    618.0  0.1690E+01  0.1409E+01  0.1413E+01  0.1349E+01  0.1349E+01
    620.0  0.1693E+01  0.1410E+01  0.1413E+01  0.1348E+01  0.1348E+01
    622.0  0.1686E+01  0.1400E+01  0.1404E+01  0.1338E+01  0.1338E+01
    624.0  0.1676E+01  0.1388E+01  0.1391E+01  0.1324E+01  0.1324E+01
    626.0  0.1671E+01  0.1380E+01  0.1383E+01  0.1316E+01  0.1316E+01
    628.0  0.1669E+01  0.1377E+01  0.1380E+01  0.1312E+01  0.1312E+01
    630.0  0.1661E+01  0.1376E+01  0.1379E+01  0.1311E+01  0.1311E+01
    632.0  0.1650E+01  0.1379E+01  0.1382E+01  0.1313E+01  0.1313E+01
    634.0  0.1644E+01  0.1386E+01  0.1389E+01  0.1319E+01  0.1319E+01
    636.0  0.1642E+01  0.1394E+01  0.1397E+01  0.1326E+01  0.1326E+01
    638.0  0.1639E+01  0.1397E+01  0.1400E+01  0.1328E+01  0.1328E+01
    640.0  0.1630E+01  0.1395E+01  0.1398E+01  0.1325E+01  0.1325E+01
    642.0  0.1620E+01  0.1389E+01  0.1392E+01  0.1320E+01  0.1320E+01
    644.0  0.1612E+01  0.1382E+01  0.1385E+01  0.1312E+01  0.1312E+01
    646.0  0.1601E+01  0.1370E+01  0.1373E+01  0.1299E+01  0.1299E+01
    648.0  0.1588E+01  0.1356E+01  0.1358E+01  0.1284E+01  0.1284E+01
    650.0  0.1577E+01  0.1347E+01  0.1350E+01  0.1275E+01  0.1275E+01
    652.0  0.1560E+01  0.1336E+01  0.1339E+01  0.1265E+01  0.1265E+01
    654.0  0.1527E+01  0.1312E+01  0.1315E+01  0.1241E+01  0.1241E+01
    656.0  0.1497E+01  0.1289E+01  0.1292E+01  0.1218E+01  0.1218E+01
    658.0  0.1502E+01  0.1294E+01  0.1297E+01  0.1223E+01  0.1223E+01
    660.0  0.1531E+01  0.1318E+01  0.1320E+01  0.1244E+01  0.1244E+01
    662.0  0.1552E+01  0.1336E+01  0.1338E+01  0.1260E+01  0.1260E+01
    664.0  0.1556E+01  0.1345E+01  0.1348E+01  0.1268E+01  0.1268E+01
    666.0  0.1551E+01  0.1351E+01  0.1354E+01  0.1273E+01  0.1273E+01
    668.0  0.1542E+01  0.1353E+01  0.1356E+01  0.1275E+01  0.1275E+01
    670.0  0.1532E+01  0.1350E+01  0.1353E+01  0.1272E+01  0.1272E+01
    672.0  0.1522E+01  0.1344E+01  0.1347E+01  0.1266E+01  0.1266E+01
    674.0  0.1513E+01  0.1339E+01  0.1342E+01  0.1260E+01  0.1260E+01
    676.0  0.1506E+01  0.1335E+01  0.1338E+01  0.1256E+01  0.1256E+01
    678.0  0.1500E+01  0.1331E+01  0.1334E+01  0.1252E+01  0.1252E+01
    680.0  0.1492E+01  0.1325E+01  0.1327E+01  0.1245E+01  0.1245E+01
    682.0  0.1482E+01  0.1310E+01  0.1312E+01  0.1230E+01  0.1230E+01
    684.0  0.1472E+01  0.1278E+01  0.1280E+01  0.1198E+01  0.1198E+01
    686.0  0.1467E+01  0.1231E+01  0.1234E+01  0.1152E+01  0.1152E+01
    688.0  0.1468E+01  0.1199E+01  0.1201E+01  0.1119E+01  0.1119E+01
    690.0  0.1466E+01  0.1199E+01  0.1201E+01  0.1119E+01  0.1119E+01
    692.0  0.1460E+01  0.1216E+01  0.1219E+01  0.1136E+01  0.1136E+01
    694.0  0.1450E+01  0.1232E+01  0.1235E+01  0.1151E+01  0.1151E+01
    696.0  0.1439E+01  0.1242E+01  0.1244E+01  0.1160E+01  0.1160E+01
    698.0  0.1430E+01  0.1245E+01  0.1247E+01  0.1163E+01  0.1163E+01
    700.0  0.1421E+01  0.1241E+01  0.1244E+01  0.1159E+01  0.1159E+01
    702.0  0.1416E+01  0.1240E+01  0.1242E+01  0.1158E+01  0.1158E+01
    704.0  0.1414E+01  0.1244E+01  0.1246E+01  0.1161E+01  0.1161E+01
    706.0  0.1410E+01  0.1248E+01  0.1251E+01  0.1165E+01  0.1165E+01
    708.0  0.1403E+01  0.1249E+01  0.1251E+01  0.1165E+01  0.1165E+01
    710.0  0.1394E+01  0.1244E+01  0.1247E+01  0.1160E+01  0.1160E+01
    712.0  0.1383E+01  0.1232E+01  0.1234E+01  0.1148E+01  0.1148E+01
    714.0  0.1372E+01  0.1202E+01  0.1204E+01  0.1119E+01  0.1119E+01
    716.0  0.1361E+01  0.1151E+01  0.1153E+01  0.1070E+01  0.1070E+01
    718.0  0.1351E+01  0.1100E+01  0.1102E+01  0.1021E+01  0.1021E+01
    720.0  0.1347E+01  0.1079E+01  0.1081E+01  0.1001E+01  0.1001E+01
    722.0  0.1348E+01  0.1086E+01  0.1088E+01  0.1007E+01  0.1007E+01
    724.0  0.1347E+01  0.1088E+01  0.1090E+01  0.1008E+01  0.1008E+01
    726.0  0.1340E+01  0.1081E+01  0.1083E+01  0.1001E+01  0.1001E+01
    728.0  0.1330E+01  0.1081E+01  0.1083E+01  0.1001E+01  0.1001E+01
    730.0  0.1323E+01  0.1096E+01  0.1098E+01  0.1015E+01  0.1015E+01
    732.0  0.1321E+01  0.1123E+01  0.1125E+01  0.1040E+01  0.1040E+01
    734.0  0.1319E+01  0.1148E+01  0.1150E+01  0.1063E+01  0.1063E+01
    736.0  0.1310E+01  0.1159E+01  0.1161E+01  0.1074E+01  0.1074E+01
    738.0  0.1296E+01  0.1159E+01  0.1161E+01  0.1074E+01  0.1074E+01
    740.0  0.1285E+01  0.1160E+01  0.1162E+01  0.1075E+01  0.1075E+01
    742.0  0.1283E+01  0.1165E+01  0.1167E+01  0.1079E+01  0.1079E+01
    744.0  0.1285E+01  0.1172E+01  0.1174E+01  0.1086E+01  0.1086E+01
    746.0  0.1285E+01  0.1176E+01  0.1178E+01  0.1088E+01  0.1088E+01
    748.0  0.1281E+01  0.1174E+01  0.1176E+01  0.1086E+01  0.1086E+01
    750.0  0.1276E+01  0.1170E+01  0.1172E+01  0.1082E+01  0.1082E+01
    752.0  0.1273E+01  0.1166E+01  0.1168E+01  0.1078E+01  0.1078E+01
    754.0  0.1270E+01  0.1154E+01  0.1156E+01  0.1066E+01  0.1066E+01
    756.0  0.1266E+01  0.1101E+01  0.1103E+01  0.1016E+01  0.1016E+01
    758.0  0.1261E+01  0.9733E+00  0.9749E+00  0.8956E+00  0.8956E+00
    760.0  0.1255E+01  0.8079E+00  0.8092E+00  0.7394E+00  0.7394E+00
    762.0  0.1249E+01  0.7204E+00  0.7215E+00  0.6560E+00  0.6560E+00
    764.0  0.1240E+01  0.7630E+00  0.7642E+00  0.6950E+00  0.6950E+00
    766.0  0.1229E+01  0.8807E+00  0.8822E+00  0.8054E+00  0.8054E+00
    768.0  0.1220E+01  0.9970E+00  0.9986E+00  0.9150E+00  0.9150E+00
    770.0  0.1215E+01  0.1071E+01  0.1072E+01  0.9847E+00  0.9847E+00
    772.0  0.1211E+01  0.1103E+01  0.1105E+01  0.1015E+01  0.1015E+01
    774.0  0.1209E+01  0.1112E+01  0.1114E+01  0.1024E+01  0.1024E+01
    776.0  0.1206E+01  0.1113E+01  0.1115E+01  0.1024E+01  0.1024E+01
    778.0  0.1202E+01  0.1110E+01  0.1112E+01  0.1021E+01  0.1021E+01
    780.0  0.1197E+01  0.1106E+01  0.1108E+01  0.1017E+01  0.1017E+01
    782.0  0.1192E+01  0.1102E+01  0.1104E+01  0.1013E+01  0.1013E+01
    784.0  0.1188E+01  0.1097E+01  0.1099E+01  0.1008E+01  0.1008E+01
    786.0  0.1184E+01  0.1090E+01  0.1092E+01  0.1001E+01  0.1001E+01
    788.0  0.1178E+01  0.1079E+01  0.1080E+01  0.9898E+00  0.9898E+00
    790.0  0.1167E+01  0.1065E+01  0.1066E+01  0.9766E+00  0.9766E+00
    792.0  0.1154E+01  0.1053E+01  0.1054E+01  0.9654E+00  0.9654E+00
    794.0  0.1145E+01  0.1046E+01  0.1048E+01  0.9588E+00  0.9588E+00
    796.0  0.1142E+01  0.1044E+01  0.1045E+01  0.9562E+00  0.9562E+00
    798.0  0.1140E+01  0.1042E+01  0.1044E+01  0.9546E+00  0.9546E+00
    800.0  0.1137E+01  0.1039E+01  0.1040E+01  0.9512E+00  0.9512E+00
    802.0  0.1132E+01  0.1034E+01  0.1036E+01  0.9468E+00  0.9468E+00
    804.0  0.1126E+01  0.1031E+01  0.1032E+01  0.9433E+00  0.9433E+00
    806.0  0.1120E+01  0.1028E+01  0.1029E+01  0.9401E+00  0.9401E+00
    808.0  0.1116E+01  0.1020E+01  0.1022E+01  0.9331E+00  0.9331E+00
    810.0  0.1113E+01  0.1004E+01  0.1005E+01  0.9174E+00  0.9174E+00
    812.0  0.1113E+01  0.9739E+00  0.9753E+00  0.8890E+00  0.8890E+00
    814.0  0.1110E+01  0.9335E+00  0.9348E+00  0.8511E+00  0.8511E+00
    816.0  0.1102E+01  0.8995E+00  0.9008E+00  0.8193E+00  0.8193E+00
    818.0  0.1090E+01  0.8861E+00  0.8874E+00  0.8068E+00  0.8068E+00
    820.0  0.1079E+01  0.8872E+00  0.8885E+00  0.8079E+00  0.8079E+00
    822.0  0.1073E+01  0.8904E+00  0.8917E+00  0.8107E+00  0.8107E+00
    824.0  0.1072E+01  0.8973E+00  0.8985E+00  0.8169E+00  0.8169E+00
    826.0  0.1071E+01  0.9068E+00  0.9080E+00  0.8255E+00  0.8255E+00
    828.0  0.1067E+01  0.9100E+00  0.9113E+00  0.8283E+00  0.8283E+00
    830.0  0.1060E+01  0.9104E+00  0.9117E+00  0.8285E+00  0.8285E+00
    832.0  0.1053E+01  0.9171E+00  0.9184E+00  0.8345E+00  0.8345E+00
    834.0  0.1050E+01  0.9316E+00  0.9329E+00  0.8478E+00  0.8478E+00
    836.0  0.1049E+01  0.9475E+00  0.9488E+00  0.8623E+00  0.8623E+00
    838.0  0.1048E+01  0.9581E+00  0.9594E+00  0.8720E+00  0.8720E+00
    840.0  0.1043E+01  0.9615E+00  0.9628E+00  0.8750E+00  0.8750E+00
    842.0  0.1036E+01  0.9599E+00  0.9613E+00  0.8735E+00  0.8735E+00
    844.0  0.1027E+01  0.9560E+00  0.9573E+00  0.8698E+00  0.8698E+00
    846.0  0.1016E+01  0.9481E+00  0.9494E+00  0.8625E+00  0.8625E+00
    848.0  0.9992E+00  0.9337E+00  0.9350E+00  0.8492E+00  0.8492E+00
    850.0  0.9807E+00  0.9166E+00  0.9179E+00  0.8334E+00  0.8334E+00
    852.0  0.9660E+00  0.9032E+00  0.9044E+00  0.8209E+00  0.8209E+00
    854.0  0.9615E+00  0.8998E+00  0.9010E+00  0.8176E+00  0.8176E+00
    856.0  0.9723E+00  0.9111E+00  0.9123E+00  0.8277E+00  0.8277E+00
    858.0  0.9888E+00  0.9278E+00  0.9290E+00  0.8426E+00  0.8426E+00
    860.0  0.9966E+00  0.9361E+00  0.9373E+00  0.8500E+00  0.8500E+00
    862.0  0.9904E+00  0.9310E+00  0.9322E+00  0.8452E+00  0.8452E+00
    864.0  0.9722E+00  0.9144E+00  0.9156E+00  0.8299E+00  0.8299E+00
    866.0  0.9547E+00  0.8985E+00  0.8997E+00  0.8153E+00  0.8153E+00
    868.0  0.9520E+00  0.8963E+00  0.8975E+00  0.8131E+00  0.8131E+00
    870.0  0.9585E+00  0.9028E+00  0.9040E+00  0.8188E+00  0.8188E+00
    872.0  0.9612E+00  0.9056E+00  0.9068E+00  0.8211E+00  0.8211E+00
    874.0  0.9585E+00  0.9032E+00  0.9044E+00  0.8187E+00  0.8187E+00
    876.0  0.9551E+00  0.9001E+00  0.9013E+00  0.8157E+00  0.8157E+00
    878.0  0.9511E+00  0.8963E+00  0.8975E+00  0.8121E+00  0.8121E+00
    880.0  0.9456E+00  0.8909E+00  0.8921E+00  0.8070E+00  0.8070E+00
    882.0  0.9414E+00  0.8866E+00  0.8878E+00  0.8028E+00  0.8028E+00
    884.0  0.9394E+00  0.8841E+00  0.8852E+00  0.8004E+00  0.8004E+00
    886.0  0.9379E+00  0.8818E+00  0.8829E+00  0.7980E+00  0.7980E+00
    888.0  0.9369E+00  0.8789E+00  0.8801E+00  0.7952E+00  0.7952E+00
    890.0  0.9354E+00  0.8713E+00  0.8724E+00  0.7880E+00  0.7880E+00
    892.0  0.9319E+00  0.8504E+00  0.8515E+00  0.7686E+00  0.7686E+00
    894.0  0.9280E+00  0.8126E+00  0.8136E+00  0.7337E+00  0.7337E+00
    896.0  0.9244E+00  0.7641E+00  0.7650E+00  0.6890E+00  0.6890E+00
    898.0  0.9188E+00  0.7224E+00  0.7233E+00  0.6507E+00  0.6507E+00
    900.0  0.9121E+00  0.7066E+00  0.7075E+00  0.6362E+00  0.6362E+00
    902.0  0.9089E+00  0.7194E+00  0.7203E+00  0.6478E+00  0.6478E+00
    904.0  0.9093E+00  0.7380E+00  0.7389E+00  0.6647E+00  0.6647E+00
    906.0  0.9077E+00  0.7354E+00  0.7363E+00  0.6621E+00  0.6621E+00
    908.0  0.9025E+00  0.7147E+00  0.7156E+00  0.6431E+00  0.6431E+00
    910.0  0.8976E+00  0.6965E+00  0.6974E+00  0.6263E+00  0.6263E+00
    912.0  0.8952E+00  0.6868E+00  0.6876E+00  0.6172E+00  0.6172E+00
    914.0  0.8936E+00  0.6832E+00  0.6841E+00  0.6138E+00  0.6138E+00
    916.0  0.8909E+00  0.6885E+00  0.6893E+00  0.6185E+00  0.6185E+00
    918.0  0.8858E+00  0.7042E+00  0.7051E+00  0.6329E+00  0.6329E+00
    920.0  0.8773E+00  0.7218E+00  0.7227E+00  0.6490E+00  0.6490E+00
    922.0  0.8685E+00  0.7293E+00  0.7302E+00  0.6558E+00  0.6558E+00
    924.0  0.8643E+00  0.7217E+00  0.7226E+00  0.6487E+00  0.6487E+00
    926.0  0.8653E+00  0.6911E+00  0.6919E+00  0.6206E+00  0.6206E+00
    928.0  0.8676E+00  0.6242E+00  0.6249E+00  0.5595E+00  0.5595E+00
    930.0  0.8681E+00  0.5245E+00  0.5251E+00  0.4690E+00  0.4690E+00
    932.0  0.8662E+00  0.4203E+00  0.4208E+00  0.3748E+00  0.3748E+00
    934.0  0.8622E+00  0.3474E+00  0.3478E+00  0.3089E+00  0.3089E+00
    936.0  0.8568E+00  0.3308E+00  0.3312E+00  0.2940E+00  0.2940E+00
    938.0  0.8498E+00  0.3665E+00  0.3669E+00  0.3262E+00  0.3262E+00
    940.0  0.8403E+00  0.4107E+00  0.4111E+00  0.3659E+00  0.3659E+00
    942.0  0.8317E+00  0.4208E+00  0.4213E+00  0.3750E+00  0.3750E+00
    944.0  0.8277E+00  0.4060E+00  0.4065E+00  0.3617E+00  0.3617E+00
    946.0  0.8276E+00  0.3989E+00  0.3993E+00  0.3551E+00  0.3551E+00
    948.0  0.8276E+00  0.4072E+00  0.4077E+00  0.3625E+00  0.3625E+00
    950.0  0.8244E+00  0.4185E+00  0.4189E+00  0.3726E+00  0.3726E+00
    952.0  0.8173E+00  0.4251E+00  0.4256E+00  0.3785E+00  0.3785E+00
    954.0  0.8090E+00  0.4278E+00  0.4283E+00  0.3808E+00  0.3808E+00
    956.0  0.8046E+00  0.4333E+00  0.4338E+00  0.3858E+00  0.3858E+00
    958.0  0.8045E+00  0.4517E+00  0.4522E+00  0.4023E+00  0.4023E+00
    960.0  0.8035E+00  0.4808E+00  0.4814E+00  0.4286E+00  0.4286E+00
    962.0  0.7997E+00  0.5102E+00  0.5107E+00  0.4550E+00  0.4550E+00
    964.0  0.7950E+00  0.5387E+00  0.5393E+00  0.4808E+00  0.4808E+00
    966.0  0.7915E+00  0.5746E+00  0.5752E+00  0.5133E+00  0.5133E+00
    968.0  0.7889E+00  0.6163E+00  0.6170E+00  0.5511E+00  0.5511E+00
    970.0  0.7861E+00  0.6453E+00  0.6460E+00  0.5773E+00  0.5773E+00
    972.0  0.7823E+00  0.6481E+00  0.6488E+00  0.5798E+00  0.5798E+00
    974.0  0.7784E+00  0.6361E+00  0.6368E+00  0.5689E+00  0.5689E+00
    976.0  0.7757E+00  0.6309E+00  0.6316E+00  0.5641E+00  0.5641E+00
    978.0  0.7744E+00  0.6397E+00  0.6404E+00  0.5719E+00  0.5719E+00
    980.0  0.7738E+00  0.6570E+00  0.6577E+00  0.5876E+00  0.5876E+00
    982.0  0.7729E+00  0.6761E+00  0.6768E+00  0.6048E+00  0.6048E+00
    984.0  0.7706E+00  0.6924E+00  0.6932E+00  0.6196E+00  0.6196E+00
    986.0  0.7669E+00  0.7044E+00  0.7052E+00  0.6305E+00  0.6305E+00
    988.0  0.7628E+00  0.7118E+00  0.7126E+00  0.6372E+00  0.6372E+00
    990.0  0.7597E+00  0.7154E+00  0.7161E+00  0.6404E+00  0.6404E+00
    992.0  0.7573E+00  0.7167E+00  0.7175E+00  0.6415E+00  0.6415E+00
    994.0  0.7544E+00  0.7162E+00  0.7170E+00  0.6410E+00  0.6410E+00
    996.0  0.7503E+00  0.7137E+00  0.7145E+00  0.6387E+00  0.6387E+00
    998.0  0.7462E+00  0.7101E+00  0.7108E+00  0.6354E+00  0.6354E+00
   1000.0  0.7421E+00  0.7058E+00  0.7065E+00  0.6314E+00  0.6314E+00
   1002.0  0.7359E+00  0.6994E+00  0.7002E+00  0.6256E+00  0.6256E+00
   1004.0  0.7280E+00  0.6922E+00  0.6929E+00  0.6190E+00  0.6190E+00
   1006.0  0.7241E+00  0.6887E+00  0.6894E+00  0.6158E+00  0.6158E+00
   1008.0  0.7251E+00  0.6896E+00  0.6904E+00  0.6165E+00  0.6165E+00
   1010.0  0.7257E+00  0.6904E+00  0.6911E+00  0.6171E+00  0.6171E+00
   1012.0  0.7230E+00  0.6886E+00  0.6893E+00  0.6154E+00  0.6154E+00
   1014.0  0.7181E+00  0.6848E+00  0.6855E+00  0.6119E+00  0.6119E+00
   1016.0  0.7126E+00  0.6799E+00  0.6806E+00  0.6075E+00  0.6075E+00
   1018.0  0.7072E+00  0.6749E+00  0.6755E+00  0.6028E+00  0.6028E+00
   1020.0  0.7028E+00  0.6705E+00  0.6712E+00  0.5989E+00  0.5989E+00
   1022.0  0.7000E+00  0.6677E+00  0.6684E+00  0.5963E+00  0.5963E+00
   1024.0  0.6985E+00  0.6664E+00  0.6670E+00  0.5949E+00  0.5949E+00
   1026.0  0.6970E+00  0.6652E+00  0.6658E+00  0.5938E+00  0.5938E+00
   1028.0  0.6944E+00  0.6631E+00  0.6638E+00  0.5919E+00  0.5919E+00
   1030.0  0.6908E+00  0.6601E+00  0.6607E+00  0.5891E+00  0.5891E+00
   1032.0  0.6869E+00  0.6567E+00  0.6573E+00  0.5859E+00  0.5859E+00
   1034.0  0.6834E+00  0.6536E+00  0.6542E+00  0.5831E+00  0.5831E+00
   1036.0  0.6805E+00  0.6508E+00  0.6515E+00  0.5805E+00  0.5805E+00
   1038.0  0.6778E+00  0.6482E+00  0.6488E+00  0.5781E+00  0.5781E+00
   1040.0  0.6752E+00  0.6455E+00  0.6462E+00  0.5756E+00  0.5756E+00
   1042.0  0.6721E+00  0.6424E+00  0.6430E+00  0.5727E+00  0.5727E+00
   1044.0  0.6682E+00  0.6385E+00  0.6391E+00  0.5692E+00  0.5692E+00
   1046.0  0.6648E+00  0.6350E+00  0.6356E+00  0.5660E+00  0.5660E+00
   1048.0  0.6629E+00  0.6327E+00  0.6333E+00  0.5639E+00  0.5639E+00
   1050.0  0.6613E+00  0.6308E+00  0.6314E+00  0.5620E+00  0.5620E+00
   1052.0  0.6591E+00  0.6282E+00  0.6288E+00  0.5596E+00  0.5596E+00
   1054.0  0.6564E+00  0.6251E+00  0.6256E+00  0.5567E+00  0.5567E+00
   1056.0  0.6526E+00  0.6209E+00  0.6215E+00  0.5529E+00  0.5529E+00
   1058.0  0.6477E+00  0.6156E+00  0.6162E+00  0.5481E+00  0.5481E+00
   1060.0  0.6436E+00  0.6110E+00  0.6116E+00  0.5439E+00  0.5439E+00
   1062.0  0.6413E+00  0.6083E+00  0.6089E+00  0.5414E+00  0.5414E+00
   1064.0  0.6391E+00  0.6057E+00  0.6063E+00  0.5390E+00  0.5390E+00
   1066.0  0.6345E+00  0.6011E+00  0.6016E+00  0.5348E+00  0.5348E+00
   1068.0  0.6286E+00  0.5953E+00  0.5959E+00  0.5296E+00  0.5296E+00
   1070.0  0.6249E+00  0.5918E+00  0.5923E+00  0.5264E+00  0.5264E+00
   1072.0  0.6241E+00  0.5909E+00  0.5914E+00  0.5255E+00  0.5255E+00
   1074.0  0.6237E+00  0.5900E+00  0.5906E+00  0.5247E+00  0.5247E+00
   1076.0  0.6223E+00  0.5878E+00  0.5884E+00  0.5226E+00  0.5226E+00
   1078.0  0.6193E+00  0.5840E+00  0.5846E+00  0.5192E+00  0.5192E+00
   1080.0  0.6151E+00  0.5789E+00  0.5794E+00  0.5145E+00  0.5145E+00
   1082.0  0.6116E+00  0.5736E+00  0.5742E+00  0.5098E+00  0.5098E+00
   1084.0  0.6095E+00  0.5689E+00  0.5694E+00  0.5054E+00  0.5054E+00
   1086.0  0.6076E+00  0.5648E+00  0.5653E+00  0.5017E+00  0.5017E+00
   1088.0  0.6052E+00  0.5613E+00  0.5619E+00  0.4985E+00  0.4985E+00
   1090.0  0.6010E+00  0.5556E+00  0.5561E+00  0.4933E+00  0.4933E+00
   1092.0  0.5942E+00  0.5451E+00  0.5456E+00  0.4839E+00  0.4839E+00
   1094.0  0.5878E+00  0.5333E+00  0.5338E+00  0.4733E+00  0.4733E+00
   1096.0  0.5860E+00  0.5246E+00  0.5251E+00  0.4654E+00  0.4654E+00
   1098.0  0.5880E+00  0.5166E+00  0.5171E+00  0.4581E+00  0.4581E+00
   1100.0  0.5904E+00  0.5065E+00  0.5070E+00  0.4489E+00  0.4489E+00
