wvl_nm	xsec_ClNO3	A1	A2
280	1.19E-19	2.38E-03	1.21E-06
280.5	1.16E-19	2.40E-03	1.34E-06
281	1.12E-19	2.43E-03	1.47E-06
281.5	1.09E-19	2.45E-03	1.59E-06
282	1.05E-19	2.47E-03	1.72E-06
282.5	1.02E-19	2.49E-03	1.84E-06
283	9.93E-20	2.52E-03	1.97E-06
283.5	9.64E-20	2.54E-03	2.09E-06
284	9.35E-20	2.56E-03	2.21E-06
284.5	9.08E-20	2.59E-03	2.33E-06
285	8.81E-20	2.61E-03	2.45E-06
285.5	8.53E-20	2.64E-03	2.56E-06
286	8.26E-20	2.66E-03	2.68E-06
286.5	8.01E-20	2.68E-03	2.78E-06
287	7.75E-20	2.71E-03	2.89E-06
287.5	7.50E-20	2.73E-03	2.99E-06
288	7.24E-20	2.75E-03	3.09E-06
288.5	7.03E-20	2.77E-03	3.17E-06
289	6.83E-20	2.80E-03	3.25E-06
289.5	6.62E-20	2.82E-03	3.33E-06
290	6.41E-20	2.84E-03	3.41E-06
290.5	6.18E-20	2.87E-03	3.49E-06
291	5.96E-20	2.90E-03	3.58E-06
291.5	5.73E-20	2.92E-03	3.66E-06
292	5.50E-20	2.95E-03	3.74E-06
292.5	5.29E-20	2.98E-03	3.87E-06
293	5.09E-20	3.02E-03	4.01E-06
293.5	4.88E-20	3.05E-03	4.14E-06
294	4.67E-20	3.08E-03	4.27E-06
294.5	4.53E-20	3.12E-03	4.49E-06
295	4.38E-20	3.17E-03	4.70E-06
295.5	4.24E-20	3.21E-03	4.92E-06
296	4.09E-20	3.25E-03	5.13E-06
296.5	3.96E-20	3.30E-03	5.41E-06
297	3.83E-20	3.35E-03	5.68E-06
297.5	3.70E-20	3.40E-03	5.96E-06
298	3.57E-20	3.45E-03	6.23E-06
298.5	3.46E-20	3.50E-03	6.51E-06
299	3.35E-20	3.55E-03	6.80E-06
299.5	3.24E-20	3.59E-03	7.08E-06
300	3.13E-20	3.64E-03	7.36E-06
300.5	3.03E-20	3.69E-03	7.62E-06
301	2.94E-20	3.74E-03	7.87E-06
301.5	2.84E-20	3.78E-03	8.13E-06
302	2.74E-20	3.83E-03	8.38E-06
302.5	2.65E-20	3.88E-03	8.61E-06
303	2.57E-20	3.92E-03	8.84E-06
303.5	2.48E-20	3.97E-03	9.07E-06
304	2.39E-20	4.01E-03	9.30E-06
304.5	2.32E-20	4.05E-03	9.53E-06
305	2.24E-20	4.10E-03	9.75E-06
305.5	2.17E-20	4.14E-03	9.98E-06
306	2.09E-20	4.18E-03	1.02E-05
306.5	2.03E-20	4.23E-03	1.04E-05
307	1.96E-20	4.27E-03	1.07E-05
307.5	1.90E-20	4.32E-03	1.09E-05
308	1.83E-20	4.36E-03	1.11E-05
308.5	1.77E-20	4.40E-03	1.13E-05
309	1.72E-20	4.45E-03	1.16E-05
309.5	1.66E-20	4.49E-03	1.18E-05
310	1.60E-20	4.53E-03	1.20E-05
310.5	1.55E-20	4.58E-03	1.23E-05
311	1.50E-20	4.62E-03	1.25E-05
311.5	1.45E-20	4.67E-03	1.28E-05
312	1.40E-20	4.71E-03	1.30E-05
312.5	1.36E-20	4.76E-03	1.33E-05
313	1.31E-20	4.80E-03	1.36E-05
313.5	1.27E-20	4.85E-03	1.39E-05
314	1.22E-20	4.89E-03	1.42E-05
314.5	1.18E-20	4.94E-03	1.46E-05
315	1.15E-20	4.98E-03	1.49E-05
315.5	1.11E-20	5.03E-03	1.53E-05
316	1.07E-20	5.07E-03	1.56E-05
316.5	1.04E-20	5.11E-03	1.59E-05
317	1.01E-20	5.16E-03	1.63E-05
317.5	9.78E-21	5.20E-03	1.66E-05
318	9.47E-21	5.24E-03	1.69E-05
318.5	9.18E-21	5.28E-03	1.73E-05
319	8.89E-21	5.32E-03	1.77E-05
319.5	8.60E-21	5.36E-03	1.80E-05
320	8.31E-21	5.40E-03	1.84E-05
320.5	8.06E-21	5.44E-03	1.88E-05
321	7.81E-21	5.48E-03	1.92E-05
321.5	7.56E-21	5.51E-03	1.96E-05
322	7.31E-21	5.55E-03	2.00E-05
322.5	7.10E-21	5.58E-03	2.05E-05
323	6.89E-21	5.62E-03	2.09E-05
323.5	6.68E-21	5.65E-03	2.14E-05
324	6.47E-21	5.68E-03	2.18E-05
324.5	6.30E-21	5.71E-03	2.23E-05
325	6.13E-21	5.74E-03	2.27E-05
325.5	5.95E-21	5.77E-03	2.32E-05
326	5.78E-21	5.80E-03	2.36E-05
326.5	5.63E-21	5.82E-03	2.41E-05
327	5.48E-21	5.84E-03	2.45E-05
327.5	5.33E-21	5.86E-03	2.50E-05
328	5.18E-21	5.88E-03	2.54E-05
328.5	5.05E-21	5.89E-03	2.58E-05
329	4.92E-21	5.90E-03	2.62E-05
329.5	4.79E-21	5.91E-03	2.66E-05
330	4.66E-21	5.92E-03	2.70E-05
330.5	4.55E-21	5.92E-03	2.74E-05
331	4.43E-21	5.92E-03	2.77E-05
331.5	4.32E-21	5.92E-03	2.81E-05
332	4.20E-21	5.92E-03	2.84E-05
332.5	4.11E-21	5.91E-03	2.87E-05
333	4.01E-21	5.90E-03	2.90E-05
333.5	3.92E-21	5.89E-03	2.93E-05
334	3.82E-21	5.88E-03	2.96E-05
334.5	3.74E-21	5.86E-03	2.98E-05
335	3.67E-21	5.84E-03	3.01E-05
335.5	3.59E-21	5.82E-03	3.03E-05
336	3.51E-21	5.80E-03	3.05E-05
336.5	3.45E-21	5.77E-03	3.06E-05
337	3.39E-21	5.74E-03	3.08E-05
337.5	3.32E-21	5.71E-03	3.09E-05
338	3.26E-21	5.68E-03	3.10E-05
338.5	3.20E-21	5.64E-03	3.10E-05
339	3.14E-21	5.60E-03	3.11E-05
339.5	3.08E-21	5.55E-03	3.11E-05
340	3.02E-21	5.51E-03	3.11E-05
340.5	2.97E-21	5.46E-03	3.10E-05
341	2.92E-21	5.42E-03	3.10E-05
341.5	2.87E-21	5.37E-03	3.09E-05
342	2.82E-21	5.32E-03	3.08E-05
342.5	2.78E-21	5.26E-03	3.05E-05
343	2.73E-21	5.20E-03	3.02E-05
343.5	2.69E-21	5.13E-03	2.99E-05
344	2.64E-21	5.07E-03	2.96E-05
344.5	2.61E-21	4.99E-03	2.91E-05
345	2.58E-21	4.92E-03	2.85E-05
345.5	2.55E-21	4.84E-03	2.80E-05
346	2.52E-21	4.76E-03	2.74E-05
346.5	2.50E-21	4.67E-03	2.66E-05
347	2.48E-21	4.58E-03	2.58E-05
347.5	2.45E-21	4.48E-03	2.50E-05
348	2.43E-21	4.39E-03	2.42E-05
348.5	2.40E-21	4.30E-03	2.33E-05
349	2.36E-21	4.21E-03	2.25E-05
349.5	2.33E-21	4.11E-03	2.16E-05
350	2.29E-21	4.02E-03	2.07E-05
350.5	2.26E-21	3.94E-03	1.99E-05
351	2.24E-21	3.85E-03	1.92E-05
351.5	2.21E-21	3.77E-03	1.84E-05
352	2.18E-21	3.68E-03	1.76E-05
352.5	2.17E-21	3.61E-03	1.70E-05
353	2.15E-21	3.54E-03	1.63E-05
353.5	2.14E-21	3.47E-03	1.57E-05
354	2.12E-21	3.40E-03	1.50E-05
354.5	2.10E-21	3.34E-03	1.44E-05
355	2.09E-21	3.28E-03	1.39E-05
355.5	2.07E-21	3.21E-03	1.33E-05
356	2.05E-21	3.15E-03	1.27E-05
356.5	2.05E-21	3.09E-03	1.22E-05
357	2.04E-21	3.04E-03	1.17E-05
357.5	2.04E-21	2.98E-03	1.11E-05
358	2.03E-21	2.92E-03	1.06E-05
358.5	2.02E-21	2.87E-03	1.01E-05
359	2.02E-21	2.81E-03	9.60E-06
359.5	2.01E-21	2.76E-03	9.09E-06
360	2.00E-21	2.70E-03	8.59E-06
360.5	1.98E-21	2.64E-03	8.04E-06
361	1.95E-21	2.59E-03	7.49E-06
361.5	1.93E-21	2.53E-03	6.93E-06
362	1.90E-21	2.47E-03	6.38E-06
362.5	1.89E-21	2.41E-03	5.70E-06
363	1.87E-21	2.35E-03	5.02E-06
363.5	1.86E-21	2.28E-03	4.34E-06
364	1.84E-21	2.22E-03	3.66E-06
364.5	1.82E-21	2.15E-03	2.81E-06
365	1.80E-21	2.08E-03	1.95E-06
365.5	1.77E-21	2.00E-03	1.10E-06
366	1.75E-21	1.93E-03	2.42E-07
366.5	1.73E-21	1.85E-03	-7.24E-07
367	1.71E-21	1.78E-03	-1.69E-06
367.5	1.68E-21	1.70E-03	-2.66E-06
368	1.66E-21	1.62E-03	-3.62E-06
368.5	1.64E-21	1.55E-03	-4.57E-06
369	1.63E-21	1.48E-03	-5.51E-06
369.5	1.61E-21	1.40E-03	-6.46E-06
370	1.59E-21	1.33E-03	-7.40E-06
370.5	1.57E-21	1.27E-03	-8.23E-06
371	1.55E-21	1.20E-03	-9.05E-06
371.5	1.53E-21	1.14E-03	-9.88E-06
372	1.51E-21	1.07E-03	-1.07E-05
372.5	1.49E-21	1.02E-03	-1.14E-05
373	1.48E-21	9.65E-04	-1.20E-05
373.5	1.46E-21	9.13E-04	-1.27E-05
374	1.44E-21	8.60E-04	-1.33E-05
374.5	1.43E-21	8.13E-04	-1.38E-05
375	1.41E-21	7.67E-04	-1.44E-05
375.5	1.40E-21	7.20E-04	-1.49E-05
376	1.38E-21	6.73E-04	-1.54E-05
376.5	1.36E-21	6.30E-04	-1.59E-05
377	1.34E-21	5.87E-04	-1.64E-05
377.5	1.31E-21	5.44E-04	-1.69E-05
378	1.29E-21	5.01E-04	-1.74E-05
378.5	1.27E-21	4.64E-04	-1.78E-05
379	1.25E-21	4.27E-04	-1.83E-05
379.5	1.23E-21	3.90E-04	-1.87E-05
380	1.21E-21	3.53E-04	-1.91E-05
380.5	1.20E-21	3.28E-04	-1.95E-05
381	1.18E-21	3.04E-04	-1.98E-05
381.5	1.17E-21	2.79E-04	-2.02E-05
382	1.15E-21	2.54E-04	-2.05E-05
382.5	1.13E-21	2.47E-04	-2.07E-05
383	1.12E-21	2.40E-04	-2.08E-05
383.5	1.10E-21	2.32E-04	-2.10E-05
384	1.08E-21	2.25E-04	-2.11E-05
384.5	1.07E-21	2.34E-04	-2.11E-05
385	1.06E-21	2.44E-04	-2.11E-05
385.5	1.04E-21	2.53E-04	-2.11E-05
386	1.03E-21	2.62E-04	-2.11E-05
386.5	1.02E-21	2.80E-04	-2.10E-05
387	1.00E-21	2.98E-04	-2.10E-05
387.5	9.85E-22	3.15E-04	-2.09E-05
388	9.70E-22	3.33E-04	-2.08E-05
388.5	9.55E-22	3.52E-04	-2.07E-05
389	9.40E-22	3.72E-04	-2.07E-05
389.5	9.24E-22	3.91E-04	-2.06E-05
390	9.09E-22	4.10E-04	-2.05E-05
390.5	8.94E-22	4.34E-04	-2.04E-05
391	8.79E-22	4.57E-04	-2.04E-05
391.5	8.64E-22	4.81E-04	-2.03E-05
392	8.49E-22	5.04E-04	-2.02E-05
392.5	8.32E-22	5.44E-04	-2.00E-05
393	8.15E-22	5.83E-04	-1.98E-05
393.5	7.97E-22	6.23E-04	-1.96E-05
394	7.80E-22	6.62E-04	-1.94E-05
394.5	7.70E-22	7.20E-04	-1.90E-05
395	7.60E-22	7.79E-04	-1.87E-05
395.5	7.50E-22	8.37E-04	-1.83E-05
396	7.40E-22	8.95E-04	-1.79E-05
396.5	7.33E-22	9.56E-04	-1.75E-05
397	7.25E-22	1.02E-03	-1.70E-05
397.5	7.18E-22	1.08E-03	-1.66E-05
398	7.10E-22	1.14E-03	-1.61E-05
398.5	6.92E-22	1.20E-03	-1.56E-05
399	6.74E-22	1.26E-03	-1.52E-05
399.5	6.56E-22	1.32E-03	-1.47E-05
400	6.38E-22	1.38E-03	-1.42E-05
401	6.19E-22	1.51E-03	-1.31E-05
402	5.99E-22	1.63E-03	-1.20E-05
403	5.84E-22	1.80E-03	-1.05E-05
404	5.68E-22	1.96E-03	-8.97E-06
405	5.41E-22	2.16E-03	-7.06E-06
406	5.13E-22	2.36E-03	-5.15E-06
407	4.97E-22	2.60E-03	-2.91E-06
408	4.81E-22	2.84E-03	-6.64E-07
409	4.63E-22	3.11E-03	1.90E-06
410	4.44E-22	3.38E-03	4.47E-06
411	4.29E-22	3.67E-03	7.24E-06
412	4.13E-22	3.96E-03	1.00E-05
413	3.93E-22	4.26E-03	1.30E-05
414	3.73E-22	4.56E-03	1.60E-05
415	3.65E-22	4.89E-03	1.94E-05
416	3.56E-22	5.22E-03	2.28E-05
417	3.37E-22	5.59E-03	2.68E-05
418	3.17E-22	5.96E-03	3.07E-05
419	3.17E-22	6.33E-03	3.47E-05
420	3.16E-22	6.70E-03	3.87E-05
421	2.96E-22	7.00E-03	4.23E-05
422	2.75E-22	7.30E-03	4.58E-05
423	2.59E-22	7.56E-03	4.90E-05
424	2.42E-22	7.82E-03	5.22E-05
425	2.32E-22	8.12E-03	5.59E-05
426	2.22E-22	8.41E-03	5.95E-05
427	2.15E-22	8.76E-03	6.37E-05
428	2.07E-22	9.11E-03	6.79E-05
429	1.98E-22	9.42E-03	7.16E-05
430	1.89E-22	9.72E-03	7.52E-05
431	1.89E-22	9.84E-03	7.67E-05
432	1.88E-22	9.96E-03	7.81E-05
