MODTRAN_ThKur:Thuillier/Kurucz
1376.23
2800	0.0805
2805	0.09801
2810	0.14407
2815	0.20619
2820	0.26076
2825	0.2974
2830	0.31731
2835	0.32148
2840	0.30605
2845	0.25394
2850	0.17742
2855	0.16148
2860	0.23788
2865	0.32199
2870	0.36006
2875	0.3533
2880	0.31662
2885	0.32394
2890	0.39002
2895	0.4678
2900	0.55369
2905	0.60839
2910	0.61104
2915	0.59261
2920	0.56531
2925	0.53276
2930	0.53686
2935	0.54786
2940	0.53059
2945	0.51674
2950	0.52623
2955	0.55104
2960	0.56963
2965	0.52328
2970	0.47259
2975	0.51125
2980	0.52364
2985	0.4709
2990	0.4779
2995	0.50266
3000	0.45537
3005	0.42261
3010	0.45418
3015	0.47085
3020	0.44436
3025	0.48285
3030	0.5949
3035	0.64212
3040	0.61808
3045	0.61317
3050	0.64299
3055	0.62116
3060	0.57658
3065	0.5744
3070	0.61307
3075	0.64165
3080	0.65088
3085	0.64361
3090	0.59471
3095	0.52414
3100	0.52224
3105	0.63715
3110	0.7712
3115	0.78174
3120	0.72231
3125	0.70112
3130	0.71994
3135	0.73902
3140	0.73451
3145	0.69386
3150	0.68449
3155	0.67054
3160	0.6042
3165	0.63226
3170	0.75841
3175	0.81076
3180	0.73086
3185	0.68044
3190	0.70606
3195	0.72888
3200	0.78697
3205	0.83896
3210	0.77098
3215	0.71002
3220	0.73777
3225	0.72367
3230	0.66958
3235	0.68138
3240	0.74853
3245	0.80229
3250	0.83313
3255	0.91475
3260	1.00581
3265	1.03294
3270	1.01324
3275	0.98252
3280	0.96203
3285	1.00711
3290	1.05862
3295	1.11852
3300	1.15309
3305	1.08354
3310	1.0205
3315	1.02517
3320	1.02342
3325	1.01766
3330	1.00941
3335	0.9809
3340	0.97812
3345	1.01626
3350	1.04208
3355	1.03196
3360	0.95275
3365	0.87265
3370	0.87272
3375	0.90495
3380	0.96829
3385	0.9978
3390	1.0171
3395	1.02747
3400	1.09246
3405	1.09543
3410	1.01409
3415	0.98021
3420	1.01538
3425	1.06278
3430	1.08926
3435	1.05843
3440	0.90482
3445	0.91474
3450	0.95857
3455	0.97937
3460	0.98956
3465	0.99685
3470	0.99147
3475	0.98409
3480	0.98854
3485	0.99737
3490	1.0062
3495	1.01504
3500	1.03615
3505	1.07056
3510	1.08373
3515	1.05867
3520	1.04019
3525	1.04461
3530	1.05814
3535	1.11006
3540	1.16345
3545	1.17628
3550	1.17687
3555	1.13891
3560	1.08455
3565	1.02357
3570	0.95805
3575	0.90383
3580	0.86385
3585	0.86688
3590	0.9586
3595	1.03602
3600	1.05695
3605	1.06646
3610	1.03771
3615	1.00809
3620	1.03506
3625	1.07714
3630	1.09736
3635	1.10766
3640	1.11852
3645	1.12978
3650	1.16589
3655	1.23329
3660	1.28435
3665	1.30145
3670	1.30682
3675	1.27659
3680	1.24932
3685	1.25409
3690	1.26424
3695	1.27881
3700	1.29339
3705	1.2807
3710	1.25638
3715	1.22676
3720	1.19375
3725	1.1468
3730	1.08478
3735	1.03409
3740	1.00384
3745	0.99373
3750	1.04092
3755	1.08942
3760	1.12685
3765	1.16729
3770	1.24201
3775	1.32023
3780	1.33999
3785	1.33849
3790	1.28581
3795	1.20473
3800	1.18777
3805	1.22578
3810	1.20717
3815	1.10607
3820	0.99991
3825	0.88414
3830	0.79785
3835	0.81791
3840	0.85713
3845	0.95005
3850	1.04352
3855	1.05827
3860	1.05309
3865	1.06187
3870	1.07587
3875	1.07038
3880	1.05328
3885	1.07509
3890	1.13584
3895	1.19393
3900	1.24787
3905	1.29452
3910	1.32401
3915	1.31729
3920	1.18399
3925	1.03746
3930	0.87916
3935	0.74427
3940	0.86776
3945	1.05499
3950	1.16264
3955	1.23605
3960	1.13965
3965	0.94196
3970	0.93668
3975	1.10949
3980	1.2959
3985	1.50217
3990	1.6613
3995	1.71594
4000	1.76233
4010	1.82693
4020	1.89199
4030	1.86653
4040	1.8205
4050	1.77109
4060	1.70817
4070	1.7003
4080	1.71898
4090	1.73738
4100	1.67169
4110	1.69951
4120	1.80551
4130	1.80444
4140	1.79363
4150	1.78755
4160	1.79486
4170	1.79616
4180	1.74925
4190	1.76563
4200	1.75736
4210	1.82916
4220	1.79187
4230	1.72679
4240	1.75851
4250	1.7562
4260	1.7517
4270	1.69826
4280	1.6744
4290	1.5875
4300	1.37972
4310	1.40097
4320	1.63177
4330	1.70396
4340	1.66207
4350	1.68749
4360	1.81602
4370	1.84477
4380	1.75017
4390	1.73218
4400	1.8395
4410	1.8843
4420	1.96837
4430	1.98199
4440	1.98412
4450	1.96917
4460	1.91148
4470	1.99045
4480	2.04678
4490	2.05659
4500	2.11993
4510	2.16702
4520	2.11116
4530	2.03067
4540	2.04528
4550	2.09674
4560	2.12403
4570	2.15486
4580	2.12437
4590	2.07827
4600	2.08497
4610	2.11916
4620	2.14176
4630	2.14182
4640	2.09475
4650	2.05709
4660	2.06903
4670	2.02293
4680	2.05215
4690	2.06232
4700	2.01861
4710	2.02398
4720	2.10392
4730	2.09058
4740	2.11048
4750	2.12878
4760	2.09933
4770	2.11831
4780	2.13856
4790	2.13389
4800	2.12395
4810	2.1232
4820	2.11823
4830	2.09125
4840	2.06145
4850	1.96323
4860	1.79901
4870	1.8027
4880	1.93854
4890	1.982
4900	2.05055
4910	2.02751
4920	1.95765
4930	1.98547
4940	2.00628
4950	2.05063
4960	2.01827
4970	2.02509
4980	1.97982
4990	1.96443
5000	1.95417
5010	1.89703
5020	1.89696
5030	1.95671
5040	1.93823
5050	1.9841
5060	2.03883
5070	2.02812
5080	1.99538
5090	1.96249
5100	1.92665
5110	1.94289
5120	1.9461
5130	1.90697
5140	1.86719
5150	1.87529
5160	1.81641
5170	1.69611
5180	1.67449
5190	1.76319
5200	1.83833
5210	1.86874
5220	1.86665
5230	1.85648
5240	1.90095
5250	1.92216
5260	1.83314
5270	1.74441
5280	1.83538
5290	1.91184
5300	1.91948
5310	1.93987
5320	1.92681
5330	1.89841
5340	1.88118
5350	1.90905
5360	1.93604
5370	1.87868
5380	1.90353
5390	1.88742
5400	1.83365
5410	1.82622
5420	1.87718
5430	1.87697
5440	1.90138
5450	1.90516
5460	1.90738
5470	1.89703
5480	1.87356
5490	1.9047
5500	1.9041
5510	1.89319
5520	1.90709
5530	1.88421
5540	1.89978
5550	1.9049
5560	1.87625
5570	1.83387
5580	1.82556
5590	1.77819
5600	1.79467
5610	1.83833
5620	1.81588
5630	1.81411
5640	1.82033
5650	1.81596
5660	1.79031
5670	1.82634
5680	1.82259
5690	1.81109
5700	1.80518
5710	1.77231
5720	1.83387
5730	1.86388
5740	1.86056
5750	1.82889
5760	1.81784
5770	1.83317
5780	1.80714
5790	1.80345
5800	1.8218
5810	1.82659
5820	1.84396
5830	1.85056
5840	1.84576
5850	1.81698
5860	1.78842
5870	1.81381
5880	1.79877
5890	1.67915
5900	1.71466
5910	1.77437
5920	1.79445
5930	1.78558
5940	1.79457
5950	1.78368
5960	1.7874
5970	1.79653
5980	1.77704
5990	1.77168
6000	1.76575
6010	1.74547
6020	1.72967
6030	1.75877
6040	1.77493
6050	1.77064
6060	1.7561
6070	1.7541
6080	1.73498
6090	1.72251
6100	1.7132
6110	1.71888
6120	1.71204
6130	1.6989
6140	1.67501
6150	1.68392
6160	1.64582
6170	1.63733
6180	1.67668
6190	1.68387
6200	1.69786
6210	1.70273
6220	1.68187
6230	1.67562
6240	1.66025
6250	1.64688
6260	1.65505
6270	1.68985
6280	1.69598
6290	1.68675
6300	1.66703
6310	1.65495
6320	1.64341
6330	1.65837
6340	1.64818
6350	1.65301
6360	1.64836
6370	1.65434
6380	1.66769
6390	1.64919
6400	1.62264
6410	1.6126
6420	1.61634
6430	1.62177
6440	1.61905
6450	1.61169
6460	1.60465
6470	1.61104
6480	1.61626
6490	1.57869
6500	1.59174
6510	1.6225
6520	1.60968
6530	1.59189
6540	1.57488
6550	1.52556
6560	1.35439
6570	1.41198
6580	1.52595
6590	1.54786
6600	1.56034
6610	1.56801
6620	1.57498
6630	1.5546
6640	1.54534
6650	1.55473
6660	1.54871
6670	1.53978
6680	1.5411
6690	1.54828
6700	1.53784
6710	1.53236
6720	1.52417
6730	1.52005
6740	1.51631
6750	1.51274
6760	1.50935
6770	1.50617
6780	1.50318
6790	1.50034
6800	1.49769
6810	1.49525
6820	1.49298
6830	1.49089
6840	1.48898
6850	1.48727
6860	1.48574
6870	1.48438
6880	1.48362
6890	1.48869
6900	1.49447
6910	1.49001
6920	1.4806
6930	1.4794
6940	1.47875
6950	1.46685
6960	1.47211
6970	1.46585
6980	1.45307
6990	1.47473
7000	1.4627
7010	1.44464
7020	1.4425
7030	1.44897
7040	1.45878
7050	1.46114
7060	1.44581
7070	1.43855
7080	1.43157
7090	1.41672
7100	1.42019
7110	1.4072
7120	1.39465
7130	1.39301
7140	1.39582
7150	1.3855
7160	1.38812
7170	1.39084
7180	1.38099
7190	1.36506
7200	1.3718
7210	1.37063
7220	1.36996
7230	1.37032
7240	1.37186
7250	1.36322
7260	1.35853
7270	1.35948
7280	1.34312
7290	1.32379
7300	1.34024
7310	1.34533
7320	1.34517
7330	1.3396
7340	1.34587
7350	1.33412
7360	1.32297
7370	1.32216
7380	1.3092
7390	1.28461
7400	1.2901
7410	1.27795
7420	1.28098
7430	1.30097
7440	1.30212
7450	1.3037
7460	1.3053
7470	1.30599
7480	1.30542
7490	1.28861
7500	1.28342
7510	1.27585
7520	1.28163
7530	1.28046
7540	1.28922
7550	1.28695
7560	1.28521
7570	1.28919
7580	1.28131
7590	1.27781
7600	1.28009
7610	1.26561
7620	1.25749
7630	1.27007
7640	1.2753
7650	1.26356
7660	1.22319
7670	1.24222
7680	1.25537
7690	1.2459
7700	1.24299
7710	1.24152
7720	1.2372
7730	1.23176
7740	1.21995
7750	1.20809
7760	1.19623
7770	1.18457
7780	1.17879
7790	1.18456
7800	1.17818
7810	1.18055
7820	1.18481
7830	1.17086
7840	1.16435
7850	1.17213
7860	1.17315
7870	1.17081
7880	1.16792
7890	1.1697
7900	1.17128
7910	1.16001
7920	1.14827
7930	1.13045
7940	1.12213
7950	1.13831
7960	1.15121
7970	1.14972
7980	1.14817
7990	1.14057
8000	1.13217
8010	1.13798
8020	1.13743
8030	1.1342
8040	1.13303
8050	1.12081
8060	1.12834
8070	1.12525
8080	1.12103
8090	1.11358
8100	1.1129
8110	1.12277
8120	1.12601
8130	1.12931
8140	1.12373
8150	1.11907
8160	1.11583
8170	1.10992
8180	1.09571
8190	1.08105
8200	1.07767
8210	1.08442
8220	1.08592
8230	1.09628
8240	1.0957
8250	1.0942
8260	1.09697
8270	1.09925
8280	1.09596
8290	1.08696
8300	1.08316
8310	1.08234
8320	1.07992
8330	1.0558
8340	1.05316
8350	1.06778
8360	1.07564
8370	1.07301
8380	1.06708
8390	1.06415
8400	1.08115
8410	1.0829
8420	1.06889
8430	1.05645
8440	1.0514
8450	1.06509
8460	1.06679
8470	1.05348
8480	1.04832
8490	1.02213
8500	0.97898
8510	1.02276
8520	1.01761
8530	0.98038
8540	0.86897
8550	0.92738
8560	1.01097
8570	1.02267
8580	1.03764
8590	1.03794
8600	1.03168
8610	1.03192
8620	1.04349
8630	1.06718
8640	1.05509
8650	1.00365
8660	0.89652
8670	0.95481
8680	1.01489
8690	1.00866
8700	1.01042
8710	1.00801
8720	1.01464
8730	1.01651
8740	1.00815
8750	0.99521
8760	1.01536
8770	0.98869
8780	0.95209
8790	0.94552
8800	0.94843
8810	0.89578
8820	0.94403
8830	0.92621
8840	0.93153
8850	0.94276
8860	0.91424
8870	0.90119
8880	0.92999
8890	0.93355
8900	0.93572
8910	0.93309
8920	0.92483
8930	0.90357
8940	0.92818
8950	0.89942
8960	0.93093
8970	0.91044
8980	0.91209
8990	0.91382
9000	0.88941
9010	0.87411
9020	0.85466
9030	0.89702
9040	0.90928
9050	0.90813
9060	0.88899
9070	0.89493
9080	0.87856
9090	0.86246
9100	0.87192
9110	0.87674
9120	0.86506
9130	0.89397
9140	0.88734
9150	0.8709
9160	0.88088
9170	0.86646
9180	0.86413
9190	0.87191
9200	0.86306
9210	0.84277
9220	0.84006
9230	0.80431
9240	0.83762
9250	0.84474
9260	0.81742
9270	0.85081
9280	0.85664
9290	0.8446
9300	0.84494
9310	0.84784
9320	0.8416
9330	0.84582
9340	0.84427
9350	0.83301
9360	0.82755
9370	0.83667
9380	0.83389
9390	0.82902
9400	0.82571
9410	0.79899
9420	0.78546
9430	0.82029
9440	0.80185
9450	0.8098
9460	0.81485
9470	0.81452
9480	0.81736
9490	0.81772
9500	0.81462
9510	0.8054
9520	0.80941
9530	0.80504
9540	0.79444
9550	0.74644
9560	0.79527
9570	0.79066
9580	0.79654
9590	0.80007
9600	0.79177
9610	0.78715
9620	0.79003
9630	0.78239
9640	0.77735
9650	0.78316
9660	0.76643
9670	0.78411
9680	0.775
9690	0.77742
9700	0.78185
9710	0.77274
9720	0.77853
9730	0.77295
9740	0.75988
9750	0.76643
9760	0.77116
9770	0.75777
9780	0.77006
9790	0.75124
9800	0.75996
9810	0.76519
9820	0.76365
9830	0.75879
9840	0.75431
9850	0.75666
9860	0.75221
9870	0.75038
9880	0.75113
9890	0.73826
9900	0.7426
9910	0.74707
9920	0.74529
9930	0.74474
9940	0.74548
9950	0.74165
9960	0.7408
9970	0.74099
9980	0.73918
9990	0.73606
10000	0.73264
10010	0.73587
10020	0.73508
10030	0.72685
10040	0.71917
10050	0.67478
10060	0.70527
10070	0.7211
10080	0.72378
10090	0.72075
10100	0.72226
10110	0.71817
10120	0.71762
10130	0.71419
10140	0.71602
10150	0.70485
10160	0.7075
10170	0.70249
10180	0.70875
10190	0.69241
10200	0.69698
10210	0.70159
10220	0.68938
10230	0.70328
10240	0.70049
10250	0.69903
10260	0.69932
10270	0.69593
10280	0.69721
10290	0.68645
10300	0.69203
10310	0.68973
10320	0.6894
10330	0.67462
10340	0.68174
10350	0.67514
10360	0.68421
10370	0.67426
10380	0.6715
10390	0.67937
10400	0.67015
10410	0.67485
10420	0.67506
10430	0.6665
10440	0.67187
10450	0.66845
10460	0.65122
10470	0.66139
10480	0.66773
10490	0.66492
10500	0.66126
10510	0.66168
10520	0.65839
10530	0.65673
10540	0.65476
10550	0.65743
10560	0.65628
10570	0.65534
10580	0.64934
10590	0.63052
10600	0.64833
10610	0.63384
10620	0.64652
10630	0.63661
10640	0.64615
10650	0.64541
10660	0.63146
10670	0.6351
10680	0.63585
10690	0.60079
10700	0.62154
10710	0.62816
10720	0.63117
10730	0.61118
10740	0.63057
10750	0.61022
10760	0.62471
10770	0.62418
10780	0.62533
10790	0.60391
10800	0.62238
10810	0.60733
10820	0.60242
10830	0.58892
10840	0.61382
10850	0.61165
10860	0.61552
10870	0.5809
10880	0.60722
10890	0.59412
10900	0.60427
10910	0.60793
10920	0.59705
10930	0.59207
10940	0.54418
10950	0.58247
10960	0.58255
10970	0.5775
10980	0.57605
10990	0.58229
11000	0.5908
11010	0.58828
11020	0.56822
11030	0.58621
11040	0.58513
11050	0.58305
11060	0.5823
11070	0.57964
11080	0.58011
11090	0.57938
11100	0.58024
11110	0.57673
11120	0.57111
11130	0.5707
11140	0.57563
11150	0.57151
11160	0.56785
11170	0.57558
11180	0.57223
11190	0.5589
11200	0.56112
11210	0.56411
11220	0.56817
11230	0.5666
11240	0.56701
11250	0.55494
11260	0.54612
11270	0.5616
11280	0.55447
11290	0.55458
11300	0.54849
11310	0.55583
11320	0.55595
11330	0.54806
11340	0.54789
11350	0.55448
11360	0.5498
11370	0.55196
11380	0.53808
11390	0.54101
11400	0.54094
11410	0.53373
11420	0.54226
11430	0.53981
11440	0.53574
11450	0.53968
11460	0.54376
11470	0.54488
11480	0.5414
11490	0.53903
11500	0.53753
11510	0.53748
11520	0.53291
11530	0.53442
11540	0.53735
11550	0.53665
11560	0.53069
11570	0.53297
11580	0.53201
11590	0.52279
11600	0.51922
11610	0.50876
11620	0.52062
11630	0.52512
11640	0.51534
11650	0.52198
11660	0.51287
11670	0.51827
11680	0.52235
11690	0.50848
11700	0.51595
11710	0.5197
11720	0.51949
11730	0.51651
11740	0.51683
11750	0.5053
11760	0.50118
11770	0.51095
11780	0.50343
11790	0.50469
11800	0.51083
11810	0.50751
11820	0.50631
11830	0.4792
11840	0.49947
11850	0.50381
11860	0.50371
11870	0.50337
11880	0.49535
11890	0.47676
11900	0.49432
11910	0.5017
11920	0.50005
11930	0.49801
11940	0.49852
11950	0.49374
11960	0.49133
11970	0.4865
11980	0.47772
11990	0.46435
12000	0.48455
12010	0.49133
12020	0.49143
12030	0.47424
12040	0.4729
12050	0.48636
12060	0.48452
12070	0.4873
12080	0.47219
12090	0.45802
12100	0.47766
12110	0.46994
12120	0.47921
12130	0.48043
12140	0.47914
12150	0.48022
12160	0.47932
12170	0.47835
12180	0.47667
12190	0.47399
12200	0.47493
12210	0.47414
12220	0.47243
12230	0.46949
12240	0.47268
12250	0.47008
12260	0.47038
12270	0.4606
12280	0.46389
12290	0.46814
12300	0.46606
12310	0.46513
12320	0.46151
12330	0.4629
12340	0.46175
12350	0.45973
12360	0.46185
12370	0.46145
12380	0.46114
12390	0.45683
12400	0.45303
12410	0.45799
12420	0.45436
12430	0.44923
12440	0.44984
12450	0.45475
12460	0.45136
12470	0.45026
12480	0.45192
12490	0.45202
12500	0.45044
12510	0.44834
12520	0.44359
12530	0.44526
12540	0.44567
12550	0.44501
12560	0.44307
12570	0.44126
12580	0.44238
12590	0.44009
12600	0.44195
12610	0.44075
12620	0.4353
12630	0.44026
12640	0.43512
12650	0.43462
12660	0.43783
12670	0.43209
12680	0.42909
12690	0.4319
12700	0.43436
12710	0.43449
12720	0.43272
12730	0.43158
12740	0.42836
12750	0.4298
12760	0.43022
12770	0.42944
12780	0.42772
12790	0.42458
12800	0.42135
12810	0.40837
12820	0.36741
12830	0.39636
12840	0.41399
12850	0.41666
12860	0.4175
12870	0.42003
12880	0.41796
12890	0.41857
12900	0.4124
12910	0.41428
12920	0.41664
12930	0.41674
12940	0.41216
12950	0.41525
12960	0.41571
12970	0.41369
12980	0.40921
12990	0.41359
13000	0.41225
13010	0.41046
13020	0.40723
13030	0.40471
13040	0.40364
13050	0.40696
13060	0.40754
13070	0.4067
13080	0.40553
13090	0.40614
13100	0.40412
13110	0.40319
13120	0.39785
13130	0.39075
13140	0.40045
13150	0.39033
13160	0.39157
13170	0.39989
13180	0.39459
13190	0.39982
13200	0.39822
13210	0.39533
13220	0.39524
13230	0.3954
13240	0.39563
13250	0.39452
13260	0.3928
13270	0.39001
13280	0.39145
13290	0.38088
13300	0.38718
13310	0.38951
13320	0.38158
13330	0.38794
13340	0.38941
13350	0.38792
13360	0.38621
13370	0.38661
13380	0.38469
13390	0.37964
13400	0.37918
13410	0.38353
13420	0.38214
13430	0.38201
13440	0.38245
13450	0.38212
13460	0.37875
13470	0.38001
13480	0.37977
13490	0.37826
13500	0.37354
13510	0.37492
13520	0.37753
13530	0.3765
13540	0.37518
13550	0.37018
13560	0.37028
13570	0.36686
13580	0.37163
13590	0.37026
13600	0.36672
13610	0.37109
13620	0.37019
13630	0.36376
13640	0.36735
13650	0.36767
13660	0.36712
13670	0.36372
13680	0.36503
13690	0.36037
13700	0.3605
13710	0.36025
13720	0.36355
13730	0.36398
13740	0.36276
13750	0.35879
13760	0.35504
13770	0.35868
13780	0.35821
13790	0.36099
13800	0.35837
13810	0.35904
13820	0.35428
13830	0.3552
13840	0.35738
13850	0.35432
13860	0.35556
13870	0.35348
13880	0.3546
13890	0.35536
13900	0.34942
13910	0.3536
13920	0.35296
13930	0.35134
13940	0.34933
13950	0.34854
13960	0.34965
13970	0.35008
13980	0.35003
13990	0.34886
14000	0.34002
14010	0.34179
14020	0.3455
14030	0.34223
14040	0.34277
14050	0.34188
14060	0.34305
14070	0.34177
14080	0.34168
14090	0.34229
14100	0.34167
14110	0.33712
14120	0.33153
14130	0.33406
14140	0.33679
14150	0.33755
14160	0.3358
14170	0.33673
14180	0.33698
14190	0.33397
14200	0.33204
14210	0.33263
14220	0.32751
14230	0.32759
14240	0.3268
14250	0.32909
14260	0.32283
14270	0.32496
14280	0.32734
14290	0.32133
14300	0.32281
14310	0.32388
14320	0.32853
14330	0.32845
14340	0.32447
14350	0.32641
14360	0.32573
14370	0.32651
14380	0.32539
14390	0.32657
14400	0.3123
14410	0.31487
14420	0.31597
14430	0.31569
14440	0.31693
14450	0.31825
14460	0.31994
14470	0.31652
14480	0.31982
14490	0.31943
14500	0.31625
14510	0.31182
14520	0.31279
14530	0.31467
14540	0.31142
14550	0.31061
14560	0.30979
14570	0.31211
14580	0.3149
14590	0.31576
14600	0.31273
14610	0.31222
14620	0.3091
14630	0.30732
14640	0.30726
14650	0.30866
14660	0.30622
14670	0.31067
14680	0.30623
14690	0.30974
14700	0.30703
14710	0.30291
14720	0.30411
14730	0.302
14740	0.2967
14750	0.30089
14760	0.30068
14770	0.30006
14780	0.29904
14790	0.30193
14800	0.30326
14810	0.29926
14820	0.30128
14830	0.29579
14840	0.29908
14850	0.30277
14860	0.2991
14870	0.29585
14880	0.26922
14890	0.29189
14900	0.29879
14910	0.29849
14920	0.29628
14930	0.29861
14940	0.29924
14950	0.29779
14960	0.28925
14970	0.29261
14980	0.29507
14990	0.29247
15000	0.29617
15010	0.29555
15020	0.28941
15030	0.27008
15040	0.27841
15050	0.2673
15060	0.27933
15070	0.28943
15080	0.28601
15090	0.28535
15100	0.29123
15110	0.29178
15120	0.28655
15130	0.28468
15140	0.28421
15150	0.28675
15160	0.2855
15170	0.28415
15180	0.28743
15190	0.28428
15200	0.28616
15210	0.28086
15220	0.27937
15230	0.28204
15240	0.28229
15250	0.27908
15260	0.28432
15270	0.28266
15280	0.28391
15290	0.28046
15300	0.26945
15310	0.28045
15320	0.28148
15330	0.27934
15340	0.27519
15350	0.27719
15360	0.27976
15370	0.27967
15380	0.2742
15390	0.27545
15400	0.26924
15410	0.27255
15420	0.27423
15430	0.27477
15440	0.27662
15450	0.27696
15460	0.27649
15470	0.27229
15480	0.26745
15490	0.27119
15500	0.2686
15510	0.26989
15520	0.27253
15530	0.26913
15540	0.26418
15550	0.26565
15560	0.26352
15570	0.26787
15580	0.2668
15590	0.26552
15600	0.26495
15610	0.26893
15620	0.26746
15630	0.26485
15640	0.26322
15650	0.26553
15660	0.26122
15670	0.26124
15680	0.25881
15690	0.25878
15700	0.25928
15710	0.26362
15720	0.26291
15730	0.26078
15740	0.25741
15750	0.24651
15760	0.25259
15770	0.23745
15780	0.24973
15790	0.25726
15800	0.25897
15810	0.25898
15820	0.25011
15830	0.25099
15840	0.2513
15850	0.25543
15860	0.25362
15870	0.25052
15880	0.24485
15890	0.23062
15900	0.23515
15910	0.23882
15920	0.2485
15930	0.25363
15940	0.25378
15950	0.25397
15960	0.24383
15970	0.24637
15980	0.25376
15990	0.24921
16000	0.24924
16010	0.24435
16020	0.24622
16030	0.24739
16040	0.24725
16050	0.2456
16060	0.24482
16070	0.24366
16080	0.2476
16090	0.24451
16100	0.2334
16110	0.23781
16120	0.23978
16130	0.24285
16140	0.24229
16150	0.24063
16160	0.23236
16170	0.23561
16180	0.24212
16190	0.24163
16200	0.23399
16210	0.23286
16220	0.23752
16230	0.24152
16240	0.24193
16250	0.23878
16260	0.23991
16270	0.24085
16280	0.24199
16290	0.24069
16300	0.2376
16310	0.23874
16320	0.23809
16330	0.23483
16340	0.23299
16350	0.23664
16360	0.23445
16370	0.22831
16380	0.22492
16390	0.22131
16400	0.22442
16410	0.22257
16420	0.22324
16430	0.22689
16440	0.22506
16450	0.22489
16460	0.22803
16470	0.22885
16480	0.22857
16490	0.22524
16500	0.2274
16510	0.22512
16520	0.22715
16530	0.22664
16540	0.22693
16550	0.22558
16560	0.22698
16570	0.22675
16580	0.2263
16590	0.22406
16600	0.22509
16610	0.22639
16620	0.22509
16630	0.22343
16640	0.22295
16650	0.22161
16660	0.2203
16670	0.22072
16680	0.21708
16690	0.21851
16700	0.22193
16710	0.22012
16720	0.21287
16730	0.21441
16740	0.21772
16750	0.21402
16760	0.21157
16770	0.21404
16780	0.21385
16790	0.21076
16800	0.20452
16810	0.19796
16820	0.20164
16830	0.20719
16840	0.21043
16850	0.21163
16860	0.21036
16870	0.2103
16880	0.2107
16890	0.20858
16900	0.20866
16910	0.21144
16920	0.21171
16930	0.21128
16940	0.2107
16950	0.21057
16960	0.20984
16970	0.20892
16980	0.20896
16990	0.20811
17000	0.20579
17020	0.20454
17050	0.20426
17100	0.19896
17150	0.20191
17200	0.19793
17250	0.19393
17300	0.19308
17350	0.18062
17400	0.18586
17450	0.1862
17500	0.18518
17550	0.18509
17600	0.18248
17650	0.18122
17700	0.17965
17750	0.17766
17800	0.17533
17850	0.174
17900	0.17363
17950	0.17084
18000	0.16903
18050	0.16736
18100	0.16614
18150	0.15983
18200	0.15456
18250	0.16025
18300	0.15923
18350	0.15759
18400	0.15554
18450	0.15293
18500	0.15337
18550	0.15126
18600	0.14935
18650	0.1471
18700	0.14562
18750	0.13232
18800	0.14219
18850	0.14202
18900	0.14043
18950	0.13649
19000	0.1388
19050	0.13802
19100	0.13651
19150	0.1361
19200	0.13398
19250	0.13333
19300	0.12972
19350	0.13005
19400	0.12774
19450	0.11839
19500	0.12386
19550	0.12656
19600	0.12495
19650	0.1222
19700	0.1228
19750	0.1207
19800	0.11903
19850	0.11838
19900	0.11899
19950	0.11639
20000	0.11643
20050	0.11494
20100	0.11504
20150	0.11387
20200	0.11172
20250	0.11146
20300	0.10943
20350	0.10893
20400	0.10755
20450	0.10801
20500	0.10667
20550	0.10565
20600	0.10425
20650	0.10305
20700	0.1024
20750	0.10245
20800	0.10088
20850	0.09994
20900	0.09914
20950	0.09746
21000	0.09766
21050	0.09722
21100	0.09593
21150	0.09512
21200	0.0941
21250	0.09309
21300	0.09311
21350	0.09183
21400	0.09165
21450	0.09044
21500	0.09002
21550	0.08906
21600	0.08789
21650	0.08203
21700	0.0851
21750	0.08559
21800	0.08456
21850	0.08456
21900	0.08325
21950	0.08354
22000	0.08286
22050	0.08109
22100	0.08078
22150	0.08055
22200	0.08009
22250	0.07905
22300	0.07866
22350	0.07824
22400	0.07695
22450	0.07672
22500	0.07599
22550	0.07498
22600	0.07472
22650	0.07394
22700	0.07371
22750	0.07316
22800	0.07194
22850	0.07165
22900	0.07144
22950	0.06956
23000	0.06974
23050	0.06952
23100	0.06898
23150	0.06823
23200	0.06757
23250	0.0658
23300	0.06632
23350	0.06578
23400	0.06539
23450	0.06524
23500	0.0644
23550	0.06275
23600	0.06313
23650	0.06302
23700	0.06235
23750	0.06137
23800	0.06164
23850	0.05925
23900	0.06018
23950	0.05996
24000	0.05957
24050	0.05923
24100	0.05888
24150	0.05677
24200	0.05745
24250	0.05706
24300	0.0569
24350	0.05615
24400	0.05606
24450	0.05532
24500	0.05435
24550	0.05393
24600	0.05418
24650	0.05403
24700	0.05311
24750	0.05315
24800	0.05184
24850	0.05162
24900	0.05181
24950	0.05144
25000	0.05132
25050	0.05095
25100	0.05006
25150	0.04989
25200	0.04973
25250	0.04947
25300	0.04918
25350	0.04871
25400	0.04783
25450	0.04778
25500	0.04743
25550	0.04708
25600	0.04674
25650	0.04642
25700	0.04621
25750	0.04614
25800	0.04563
25850	0.04433
25900	0.045
25950	0.04457
26000	0.04437
26050	0.04417
26100	0.04377
26150	0.0434
26200	0.04266
26250	0.04029
26300	0.04199
26350	0.04226
26400	0.04125
26450	0.04153
26500	0.04137
26550	0.0407
26600	0.04081
26650	0.03981
26700	0.04025
26750	0.03977
26800	0.03975
26850	0.03958
26900	0.03928
26950	0.03893
27000	0.03879
27050	0.03848
27100	0.03816
27150	0.03798
27200	0.0377
27250	0.03738
27300	0.0372
27350	0.03699
27400	0.03663
27450	0.03653
27500	0.03622
27550	0.03569
27600	0.03522
27650	0.03532
27700	0.03523
27750	0.03489
27800	0.03475
27850	0.0345
27900	0.0344
27950	0.03417
28000	0.03388
28050	0.03364
28100	0.03349
28150	0.03324
28200	0.03303
28250	0.03279
28300	0.03261
28350	0.03243
28400	0.03206
28450	0.03193
28500	0.03169
28550	0.03153
28600	0.03131
28650	0.03108
28700	0.0305
28750	0.03032
28800	0.03046
28850	0.0303
28900	0.03009
28950	0.02994
29000	0.02973
29050	0.02953
29100	0.02939
29150	0.02915
29200	0.02898
29250	0.02865
29300	0.02856
29350	0.02843
29400	0.02824
29450	0.02798
29500	0.02786
29550	0.02771
29600	0.02755
29650	0.0274
29700	0.02721
29750	0.02706
29800	0.02685
29850	0.02671
29900	0.0265
29950	0.0263
30000	0.02608
30050	0.02604
30100	0.02587
30150	0.0257
30200	0.02551
30250	0.02536
30300	0.02517
30350	0.02481
30400	0.02433
30450	0.02463
30500	0.02461
30550	0.02441
30600	0.02429
30650	0.02406
30700	0.02397
30750	0.02387
30800	0.02368
30850	0.0235
30900	0.0234
30950	0.02325
31000	0.02309
31050	0.02301
31100	0.02285
31150	0.02239
31200	0.02253
31250	0.02244
31300	0.02228
31350	0.02218
31400	0.02204
31450	0.02192
31500	0.02164
31550	0.02159
31600	0.02153
31650	0.02135
31700	0.02116
31750	0.02115
31800	0.02096
31850	0.02088
31900	0.02078
31950	0.02065
32000	0.02045
32050	0.02039
32100	0.02029
32150	0.02011
32200	0.02004
32250	0.01991
32300	0.0198
32350	0.01966
32400	0.01953
32450	0.0194
32500	0.01936
32550	0.01922
32600	0.01909
32650	0.01898
32700	0.01889
32750	0.01876
32800	0.01862
32850	0.0185
32900	0.01835
32950	0.01794
33000	0.01792
33050	0.01809
33100	0.018
33150	0.01786
33200	0.01749
33250	0.01767
33300	0.01762
33350	0.01751
33400	0.01738
33450	0.01733
33500	0.01719
33550	0.01711
33600	0.01704
33650	0.01688
33700	0.01674
33750	0.01672
33800	0.01662
33850	0.01654
33900	0.01648
33950	0.01626
34000	0.01603
34050	0.01613
34100	0.01605
34150	0.0159
34200	0.0159
34250	0.01579
34300	0.01569
34350	0.01566
34400	0.01558
34450	0.01549
34500	0.01541
34550	0.01531
34600	0.01524
34650	0.01515
34700	0.01504
34750	0.01495
34800	0.0149
34850	0.01482
34900	0.01473
34950	0.01464
35000	0.01458
35050	0.01451
35100	0.01443
35150	0.01434
35200	0.01426
35250	0.01418
35300	0.01411
35350	0.014
35400	0.01393
35450	0.0139
35500	0.01383
35550	0.01369
35600	0.01361
35650	0.01359
35700	0.01348
35750	0.01344
35800	0.01334
35850	0.01328
35900	0.01324
35950	0.01314
36000	0.01307
36050	0.01303
36100	0.01297
36150	0.0129
36200	0.01284
36250	0.01276
36300	0.01268
36350	0.01262
36400	0.01254
36450	0.01245
36500	0.01237
36550	0.01226
36600	0.01224
36650	0.01222
36700	0.01212
36750	0.01205
36800	0.01188
36850	0.01188
36900	0.01188
36950	0.01172
37000	0.01153
37050	0.01159
37100	0.01153
37150	0.01151
37200	0.01149
37250	0.01146
37300	0.0114
37350	0.01123
37400	0.01094
37450	0.01093
37500	0.01104
37550	0.01101
37600	0.01101
37650	0.01098
37700	0.01093
37750	0.01082
37800	0.0108
37850	0.01076
37900	0.01068
37950	0.01063
38000	0.01059
38050	0.01056
38100	0.01049
38150	0.01043
38200	0.01039
38250	0.01038
38300	0.01032
38350	0.01023
38400	0.01021
38450	0.01018
38500	0.01013
38550	0.01007
38600	0.00999
38650	0.00992
38700	0.00988
38750	0.00987
38800	0.00982
38850	0.00972
38900	0.00971
38950	0.00965
39000	0.0096
39050	0.00958
39100	0.00954
39150	0.00949
39200	0.00944
39250	0.0094
39300	0.00935
39350	0.00929
39400	0.00927
39450	0.0092
39500	0.00912
39550	0.00906
39600	0.00904
39650	0.00902
39700	0.00898
39750	0.00893
39800	0.00888
39850	0.00881
39900	0.00875
39950	0.00869
40000	0.00867
