Wvlgth Extraterrestrial_spectrm Global_tilted_irradiance Beam_normal_+circumsolar Difuse_horiz-circumsolar
.3000E+03 .4579E+00 .9130E-03 .3119E-03 .6590E-03
.3010E+03 .4630E+00 .1943E-02 .6243E-03 .1444E-02
.3020E+03 .4490E+00 .3229E-02 .9853E-03 .2456E-02
.3030E+03 .6120E+00 .7762E-02 .2511E-02 .5752E-02
.3040E+03 .6210E+00 .1035E-01 .3421E-02 .7596E-02
.3050E+03 .6420E+00 .1808E-01 .5968E-02 .1327E-01
.3060E+03 .5650E+00 .2044E-01 .6770E-02 .1498E-01
.3070E+03 .6050E+00 .3078E-01 .1014E-01 .2261E-01
.3080E+03 .6450E+00 .4197E-01 .1379E-01 .3088E-01
.3090E+03 .5800E+00 .4888E-01 .1480E-01 .3730E-01
.3100E+03 .5330E+00 .5822E-01 .1843E-01 .4357E-01
.3110E+03 .7620E+00 .9286E-01 .3006E-01 .6878E-01
.3120E+03 .7061E+00 .1017E+00 .3368E-01 .7452E-01
.3130E+03 .6940E+00 .1145E+00 .3857E-01 .8318E-01
.3140E+03 .7170E+00 .1264E+00 .4318E-01 .9121E-01
.3150E+03 .6845E+00 .1410E+00 .4871E-01 .1011E+00
.3160E+03 .5870E+00 .1270E+00 .4437E-01 .9054E-01
.3170E+03 .7390E+00 .1745E+00 .6153E-01 .1238E+00
.3180E+03 .7236E+00 .1780E+00 .6342E-01 .1256E+00
.3190E+03 .7058E+00 .2037E+00 .7257E-01 .1437E+00
.3200E+03 .7750E+00 .2056E+00 .7473E-01 .1435E+00
.3210E+03 .7655E+00 .2461E+00 .8881E-01 .1725E+00
.3220E+03 .7351E+00 .2195E+00 .8092E-01 .1519E+00
.3230E+03 .6490E+00 .2083E+00 .7711E-01 .1439E+00
.3240E+03 .7405E+00 .2727E+00 .9852E-01 .1909E+00
.3250E+03 .8292E+00 .2725E+00 .1030E+00 .1859E+00
.3260E+03 .9984E+00 .3756E+00 .1387E+00 .2598E+00
.3270E+03 .1005E+01 .3904E+00 .1452E+00 .2689E+00
.3280E+03 .9568E+00 .3469E+00 .1317E+00 .2360E+00
.3290E+03 .1005E+01 .4111E+00 .1551E+00 .2808E+00
.3300E+03 .1110E+01 .4580E+00 .1746E+00 .3108E+00
.3310E+03 .9910E+00 .3923E+00 .1524E+00 .2632E+00
.3320E+03 .9928E+00 .4219E+00 .1636E+00 .2834E+00
.3330E+03 .9639E+00 .4144E+00 .1621E+00 .2768E+00
.3340E+03 .9556E+00 .4007E+00 .1593E+00 .2649E+00
.3350E+03 .1010E+01 .4458E+00 .1772E+00 .2947E+00
.3360E+03 .8898E+00 .4118E+00 .1595E+00 .2765E+00
.3370E+03 .8180E+00 .3592E+00 .1460E+00 .2334E+00
.3380E+03 .9253E+00 .4165E+00 .1700E+00 .2694E+00
.3390E+03 .9686E+00 .4515E+00 .1821E+00 .2937E+00
.3400E+03 .1054E+01 .4811E+00 .1995E+00 .3064E+00
.3410E+03 .9710E+00 .4597E+00 .1881E+00 .2950E+00
.3420E+03 .9957E+00 .4696E+00 .1963E+00 .2963E+00
.3430E+03 .1042E+01 .4960E+00 .2083E+00 .3115E+00
.3440E+03 .8542E+00 .4006E+00 .1713E+00 .2477E+00
.3450E+03 .9158E+00 .4424E+00 .1884E+00 .2739E+00
.3460E+03 .9427E+00 .4565E+00 .1973E+00 .2791E+00
.3470E+03 .9695E+00 .4735E+00 .2055E+00 .2880E+00
.3480E+03 .9247E+00 .4533E+00 .1989E+00 .2729E+00
.3490E+03 .8990E+00 .4423E+00 .1961E+00 .2636E+00
.3500E+03 .1012E+01 .5016E+00 .2239E+00 .2968E+00
.3510E+03 .1053E+01 .5253E+00 .2356E+00 .3091E+00
.3520E+03 .9838E+00 .4945E+00 .2227E+00 .2894E+00
.3530E+03 .9801E+00 .4942E+00 .2250E+00 .2861E+00
.3540E+03 .1135E+01 .5733E+00 .2631E+00 .3291E+00
.3550E+03 .1141E+01 .5799E+00 .2676E+00 .3307E+00
.3560E+03 .1025E+01 .5249E+00 .2439E+00 .2970E+00
.3570E+03 .8420E+00 .4329E+00 .2023E+00 .2432E+00
.3580E+03 .7892E+00 .4074E+00 .1916E+00 .2271E+00
.3590E+03 .8580E+00 .4449E+00 .2105E+00 .2463E+00
.3600E+03 .1089E+01 .5673E+00 .2697E+00 .3120E+00
.3610E+03 .9415E+00 .4929E+00 .2358E+00 .2691E+00
.3620E+03 .9580E+00 .5061E+00 .2435E+00 .2744E+00
.3630E+03 .1071E+01 .5704E+00 .2758E+00 .3072E+00
.3640E+03 .1072E+01 .5748E+00 .2793E+00 .3074E+00
.3650E+03 .1097E+01 .5914E+00 .2888E+00 .3141E+00
.3660E+03 .1286E+01 .6974E+00 .3423E+00 .3680E+00
.3670E+03 .1258E+01 .6856E+00 .3383E+00 .3593E+00
.3680E+03 .1157E+01 .6333E+00 .3140E+00 .3296E+00
.3690E+03 .1194E+01 .6578E+00 .3277E+00 .3401E+00
.3700E+03 .1293E+01 .7167E+00 .3587E+00 .3681E+00
.3710E+03 .1181E+01 .6583E+00 .3310E+00 .3358E+00
.3720E+03 .1144E+01 .6405E+00 .3235E+00 .3245E+00
.3730E+03 .1044E+01 .5879E+00 .2982E+00 .2959E+00
.3740E+03 .9344E+00 .5287E+00 .2694E+00 .2644E+00
.3750E+03 .9850E+00 .5601E+00 .2866E+00 .2783E+00
.3760E+03 .1124E+01 .6415E+00 .3297E+00 .3166E+00
.3770E+03 .1181E+01 .6773E+00 .3495E+00 .3321E+00
.3780E+03 .1414E+01 .8141E+00 .4219E+00 .3965E+00
.3790E+03 .1226E+01 .7079E+00 .3684E+00 .3425E+00
.3800E+03 .1152E+01 .6672E+00 .3487E+00 .3207E+00
.3810E+03 .1249E+01 .7278E+00 .3818E+00 .3477E+00
.3820E+03 .9543E+00 .5595E+00 .2946E+00 .2657E+00
.3830E+03 .7360E+00 .4342E+00 .2294E+00 .2049E+00
.3840E+03 .8210E+00 .4866E+00 .2581E+00 .2281E+00
.3850E+03 .1080E+01 .6433E+00 .3424E+00 .2997E+00
.3860E+03 .9911E+00 .5934E+00 .3170E+00 .2748E+00
.3870E+03 .1035E+01 .6229E+00 .3339E+00 .2867E+00
.3880E+03 .1007E+01 .6083E+00 .3272E+00 .2782E+00
.3890E+03 .1081E+01 .6561E+00 .3541E+00 .2982E+00
.3900E+03 .1252E+01 .7633E+00 .4134E+00 .3449E+00
.3910E+03 .1332E+01 .8159E+00 .4433E+00 .3663E+00
.3920E+03 .1240E+01 .7622E+00 .4155E+00 .3401E+00
.3930E+03 .7450E+00 .4603E+00 .2517E+00 .2042E+00
.3940E+03 .7667E+00 .4757E+00 .2610E+00 .2098E+00
.3950E+03 .1245E+01 .7755E+00 .4268E+00 .3399E+00
.3960E+03 .1163E+01 .7267E+00 .4012E+00 .3166E+00
.3970E+03 .6520E+00 .4096E+00 .2268E+00 .1774E+00
.3980E+03 .1301E+01 .8197E+00 .4553E+00 .3528E+00
.3990E+03 .1625E+01 .1029E+01 .5730E+00 .4401E+00
.4000E+03 .1689E+01 .1072E+01 .5990E+00 .4560E+00
.4010E+03 .1752E+01 .1119E+01 .6259E+00 .4740E+00
.4020E+03 .1814E+01 .1164E+01 .6529E+00 .4902E+00
.4030E+03 .1740E+01 .1121E+01 .6307E+00 .4695E+00
.4040E+03 .1763E+01 .1140E+01 .6429E+00 .4745E+00
.4050E+03 .1715E+01 .1112E+01 .6291E+00 .4603E+00
.4060E+03 .1666E+01 .1085E+01 .6155E+00 .4466E+00
.4070E+03 .1630E+01 .1067E+01 .6065E+00 .4364E+00
.4080E+03 .1699E+01 .1114E+01 .6353E+00 .4532E+00
.4090E+03 .1809E+01 .1191E+01 .6805E+00 .4814E+00
.4100E+03 .1537E+01 .1015E+01 .5818E+00 .4082E+00
.4110E+03 .1715E+01 .1137E+01 .6532E+00 .4547E+00
.4120E+03 .1816E+01 .1209E+01 .6963E+00 .4809E+00
.4130E+03 .1739E+01 .1161E+01 .6699E+00 .4588E+00
.4140E+03 .1714E+01 .1149E+01 .6646E+00 .4516E+00
.4150E+03 .1769E+01 .1190E+01 .6899E+00 .4651E+00
.4160E+03 .1815E+01 .1226E+01 .7125E+00 .4767E+00
.4170E+03 .1766E+01 .1196E+01 .6969E+00 .4625E+00
.4180E+03 .1685E+01 .1145E+01 .6685E+00 .4402E+00
.4190E+03 .1749E+01 .1192E+01 .6977E+00 .4559E+00
.4200E+03 .1599E+01 .1093E+01 .6411E+00 .4157E+00
.4210E+03 .1811E+01 .1242E+01 .7301E+00 .4698E+00
.4220E+03 .1782E+01 .1226E+01 .7221E+00 .4611E+00
.4230E+03 .1721E+01 .1188E+01 .7011E+00 .4443E+00
.4240E+03 .1708E+01 .1182E+01 .6991E+00 .4396E+00
.4250E+03 .1755E+01 .1219E+01 .7224E+00 .4509E+00
.4260E+03 .1699E+01 .1185E+01 .7036E+00 .4361E+00
.4270E+03 .1638E+01 .1145E+01 .6815E+00 .4193E+00
.4280E+03 .1651E+01 .1157E+01 .6898E+00 .4213E+00
.4290E+03 .1523E+01 .1072E+01 .6403E+00 .3884E+00
.4300E+03 .1212E+01 .8556E+00 .5120E+00 .3084E+00
.4310E+03 .1099E+01 .7770E+00 .4659E+00 .2785E+00
.4320E+03 .1822E+01 .1293E+01 .7770E+00 .4612E+00
.4330E+03 .1691E+01 .1204E+01 .7247E+00 .4271E+00
.4340E+03 .1560E+01 .1113E+01 .6710E+00 .3927E+00
.4350E+03 .1709E+01 .1221E+01 .7377E+00 .4287E+00
.4360E+03 .1868E+01 .1340E+01 .8109E+00 .4681E+00
.4370E+03 .1900E+01 .1369E+01 .8295E+00 .4756E+00
.4380E+03 .1663E+01 .1202E+01 .7295E+00 .4155E+00
.4390E+03 .1601E+01 .1157E+01 .7035E+00 .3976E+00
.4400E+03 .1830E+01 .1326E+01 .8082E+00 .4537E+00
.4410E+03 .1799E+01 .1309E+01 .7989E+00 .4454E+00
.4420E+03 .1922E+01 .1402E+01 .8570E+00 .4746E+00
.4430E+03 .1949E+01 .1422E+01 .8710E+00 .4789E+00
.4440E+03 .1894E+01 .1387E+01 .8505E+00 .4647E+00
.4450E+03 .1965E+01 .1440E+01 .8847E+00 .4802E+00
.4460E+03 .1756E+01 .1292E+01 .7948E+00 .4288E+00
.4470E+03 .1990E+01 .1470E+01 .9055E+00 .4856E+00
.4480E+03 .2014E+01 .1488E+01 .9183E+00 .4890E+00
.4490E+03 .2001E+01 .1486E+01 .9179E+00 .4858E+00
.4500E+03 .2069E+01 .1541E+01 .9534E+00 .5014E+00
.4510E+03 .2142E+01 .1599E+01 .9908E+00 .5177E+00
.4520E+03 .2047E+01 .1532E+01 .9503E+00 .4935E+00
.4530E+03 .1886E+01 .1415E+01 .8792E+00 .4537E+00
.4540E+03 .2018E+01 .1519E+01 .9447E+00 .4846E+00
.4550E+03 .2001E+01 .1508E+01 .9398E+00 .4790E+00
.4560E+03 .2063E+01 .1559E+01 .9725E+00 .4926E+00
.4570E+03 .2077E+01 .1573E+01 .9825E+00 .4943E+00
.4580E+03 .2032E+01 .1539E+01 .9633E+00 .4814E+00
.4590E+03 .2012E+01 .1528E+01 .9574E+00 .4754E+00
.4600E+03 .1997E+01 .1518E+01 .9529E+00 .4700E+00
.4610E+03 .2064E+01 .1572E+01 .9881E+00 .4844E+00
.4620E+03 .2078E+01 .1588E+01 .9990E+00 .4869E+00
.4630E+03 .2084E+01 .1594E+01 .1004E+01 .4865E+00
.4640E+03 .2015E+01 .1546E+01 .9751E+00 .4699E+00
.4650E+03 .1984E+01 .1528E+01 .9645E+00 .4624E+00
.4660E+03 .2021E+01 .1561E+01 .9864E+00 .4703E+00
.4670E+03 .1931E+01 .1492E+01 .9441E+00 .4473E+00
.4680E+03 .2012E+01 .1558E+01 .9867E+00 .4647E+00
.4690E+03 .2018E+01 .1565E+01 .9925E+00 .4646E+00
.4700E+03 .1939E+01 .1505E+01 .9557E+00 .4447E+00
.4710E+03 .1969E+01 .1531E+01 .9733E+00 .4503E+00
.4720E+03 .2070E+01 .1611E+01 .1025E+01 .4716E+00
.4730E+03 .1988E+01 .1549E+01 .9871E+00 .4514E+00
.4740E+03 .2012E+01 .1566E+01 .9997E+00 .4544E+00
.4750E+03 .2080E+01 .1616E+01 .1034E+01 .4671E+00
.4760E+03 .2012E+01 .1559E+01 .1001E+01 .4489E+00
.4770E+03 .2025E+01 .1568E+01 .1008E+01 .4494E+00
.4780E+03 .2086E+01 .1618E+01 .1042E+01 .4620E+00
.4790E+03 .2040E+01 .1586E+01 .1024E+01 .4511E+00
.4800E+03 .2068E+01 .1611E+01 .1043E+01 .4567E+00
.4810E+03 .2061E+01 .1610E+01 .1044E+01 .4545E+00
.4820E+03 .2062E+01 .1615E+01 .1049E+01 .4545E+00
.4830E+03 .2031E+01 .1595E+01 .1038E+01 .4474E+00
.4840E+03 .1989E+01 .1564E+01 .1020E+01 .4374E+00
.4850E+03 .1979E+01 .1558E+01 .1018E+01 .4344E+00
.4860E+03 .1601E+01 .1263E+01 .8262E+00 .3510E+00
.4870E+03 .1789E+01 .1414E+01 .9264E+00 .3916E+00
.4880E+03 .1935E+01 .1529E+01 .1004E+01 .4221E+00
.4890E+03 .1822E+01 .1440E+01 .9470E+00 .3959E+00
.4900E+03 .2032E+01 .1608E+01 .1059E+01 .4406E+00
.4910E+03 .1949E+01 .1544E+01 .1020E+01 .4218E+00
.4920E+03 .1856E+01 .1472E+01 .9733E+00 .4006E+00
.4930E+03 .1983E+01 .1573E+01 .1042E+01 .4268E+00
.4940E+03 .1934E+01 .1535E+01 .1019E+01 .4150E+00
.4950E+03 .2051E+01 .1629E+01 .1083E+01 .4389E+00
.4960E+03 .1949E+01 .1548E+01 .1031E+01 .4156E+00
.4970E+03 .1980E+01 .1573E+01 .1050E+01 .4209E+00
.4980E+03 .1924E+01 .1529E+01 .1022E+01 .4076E+00
.4990E+03 .1923E+01 .1528E+01 .1024E+01 .4057E+00
.5000E+03 .1916E+01 .1521E+01 .1021E+01 .4024E+00
.5010E+03 .1858E+01 .1476E+01 .9913E+00 .3899E+00
.5020E+03 .1860E+01 .1474E+01 .9919E+00 .3877E+00
.5030E+03 .1949E+01 .1540E+01 .1039E+01 .4035E+00
.5040E+03 .1833E+01 .1434E+01 .9693E+00 .3738E+00
.5050E+03 .1947E+01 .1536E+01 .1040E+01 .3995E+00
.5060E+03 .2025E+01 .1597E+01 .1083E+01 .4139E+00
.5070E+03 .1935E+01 .1527E+01 .1037E+01 .3946E+00
.5080E+03 .1880E+01 .1488E+01 .1012E+01 .3834E+00
.5090E+03 .1965E+01 .1559E+01 .1061E+01 .4005E+00
.5100E+03 .1910E+01 .1518E+01 .1035E+01 .3889E+00
.5110E+03 .1941E+01 .1545E+01 .1055E+01 .3947E+00
.5120E+03 .1989E+01 .1586E+01 .1084E+01 .4037E+00
.5130E+03 .1866E+01 .1489E+01 .1020E+01 .3779E+00
.5140E+03 .1824E+01 .1457E+01 .9991E+00 .3685E+00
.5150E+03 .1875E+01 .1498E+01 .1029E+01 .3776E+00
.5160E+03 .1891E+01 .1511E+01 .1039E+01 .3796E+00
.5170E+03 .1539E+01 .1230E+01 .8478E+00 .3082E+00
.5180E+03 .1759E+01 .1406E+01 .9705E+00 .3511E+00
.5190E+03 .1704E+01 .1362E+01 .9414E+00 .3389E+00
.5200E+03 .1860E+01 .1486E+01 .1029E+01 .3685E+00
.5210E+03 .1873E+01 .1496E+01 .1037E+01 .3697E+00
.5220E+03 .1915E+01 .1529E+01 .1062E+01 .3765E+00
.5230E+03 .1804E+01 .1440E+01 .1001E+01 .3535E+00
.5240E+03 .1941E+01 .1548E+01 .1078E+01 .3785E+00
.5250E+03 .1928E+01 .1535E+01 .1071E+01 .3738E+00
.5260E+03 .1874E+01 .1491E+01 .1042E+01 .3619E+00
.5270E+03 .1641E+01 .1303E+01 .9122E+00 .3151E+00
.5280E+03 .1880E+01 .1491E+01 .1045E+01 .3591E+00
.5290E+03 .1969E+01 .1559E+01 .1095E+01 .3742E+00
.5300E+03 .1892E+01 .1497E+01 .1053E+01 .3582E+00
.5310E+03 .1995E+01 .1578E+01 .1112E+01 .3763E+00
.5320E+03 .1958E+01 .1549E+01 .1093E+01 .3681E+00
.5330E+03 .1747E+01 .1383E+01 .9766E+00 .3275E+00
.5340E+03 .1869E+01 .1480E+01 .1047E+01 .3496E+00
.5350E+03 .1895E+01 .1502E+01 .1064E+01 .3538E+00
.5360E+03 .1974E+01 .1566E+01 .1110E+01 .3677E+00
.5370E+03 .1824E+01 .1448E+01 .1028E+01 .3391E+00
.5380E+03 .1913E+01 .1520E+01 .1080E+01 .3549E+00
.5390E+03 .1864E+01 .1482E+01 .1055E+01 .3450E+00
.5400E+03 .1800E+01 .1430E+01 .1019E+01 .3319E+00
.5410E+03 .1734E+01 .1374E+01 .9806E+00 .3177E+00
.5420E+03 .1888E+01 .1495E+01 .1068E+01 .3445E+00
.5430E+03 .1851E+01 .1470E+01 .1051E+01 .3378E+00
.5440E+03 .1919E+01 .1521E+01 .1089E+01 .3482E+00
.5450E+03 .1874E+01 .1485E+01 .1065E+01 .3391E+00
.5460E+03 .1861E+01 .1471E+01 .1056E+01 .3346E+00
.5470E+03 .1882E+01 .1489E+01 .1071E+01 .3379E+00
.5480E+03 .1826E+01 .1446E+01 .1041E+01 .3272E+00
.5490E+03 .1880E+01 .1491E+01 .1075E+01 .3363E+00
.5500E+03 .1863E+01 .1479E+01 .1067E+01 .3326E+00
.5510E+03 .1859E+01 .1477E+01 .1067E+01 .3311E+00
.5520E+03 .1896E+01 .1507E+01 .1090E+01 .3367E+00
.5530E+03 .1842E+01 .1463E+01 .1060E+01 .3259E+00
.5540E+03 .1878E+01 .1491E+01 .1081E+01 .3310E+00
.5550E+03 .1889E+01 .1499E+01 .1088E+01 .3315E+00
.5560E+03 .1857E+01 .1472E+01 .1071E+01 .3246E+00
.5570E+03 .1812E+01 .1436E+01 .1045E+01 .3154E+00
.5580E+03 .1853E+01 .1466E+01 .1069E+01 .3209E+00
.5590E+03 .1755E+01 .1386E+01 .1012E+01 .3023E+00
.5600E+03 .1786E+01 .1410E+01 .1031E+01 .3065E+00
.5610E+03 .1890E+01 .1492E+01 .1092E+01 .3230E+00
.5620E+03 .1801E+01 .1420E+01 .1041E+01 .3062E+00
.5630E+03 .1871E+01 .1473E+01 .1081E+01 .3165E+00
.5640E+03 .1836E+01 .1443E+01 .1061E+01 .3091E+00
.5650E+03 .1849E+01 .1452E+01 .1069E+01 .3098E+00
.5660E+03 .1750E+01 .1372E+01 .1011E+01 .2918E+00
.5670E+03 .1868E+01 .1462E+01 .1079E+01 .3098E+00
.5680E+03 .1859E+01 .1448E+01 .1070E+01 .3056E+00
.5690E+03 .1831E+01 .1412E+01 .1045E+01 .2965E+00
.5700E+03 .1828E+01 .1412E+01 .1046E+01 .2957E+00
.5710E+03 .1762E+01 .1366E+01 .1013E+01 .2852E+00
.5720E+03 .1872E+01 .1441E+01 .1071E+01 .2998E+00
.5730E+03 .1881E+01 .1447E+01 .1076E+01 .2999E+00
.5740E+03 .1873E+01 .1439E+01 .1071E+01 .2973E+00
.5750E+03 .1834E+01 .1406E+01 .1048E+01 .2894E+00
.5760E+03 .1818E+01 .1394E+01 .1040E+01 .2861E+00
.5770E+03 .1862E+01 .1429E+01 .1067E+01 .2924E+00
.5780E+03 .1799E+01 .1384E+01 .1035E+01 .2827E+00
.5790E+03 .1816E+01 .1404E+01 .1051E+01 .2861E+00
.5800E+03 .1834E+01 .1428E+01 .1069E+01 .2904E+00
.5810E+03 .1833E+01 .1434E+01 .1075E+01 .2911E+00
.5820E+03 .1852E+01 .1456E+01 .1092E+01 .2949E+00
.5830E+03 .1863E+01 .1471E+01 .1104E+01 .2972E+00
.5840E+03 .1854E+01 .1468E+01 .1102E+01 .2958E+00
.5850E+03 .1836E+01 .1455E+01 .1094E+01 .2926E+00
.5860E+03 .1792E+01 .1420E+01 .1069E+01 .2846E+00
.5870E+03 .1838E+01 .1451E+01 .1093E+01 .2897E+00
.5880E+03 .1821E+01 .1417E+01 .1069E+01 .2816E+00
.5890E+03 .1624E+01 .1222E+01 .9247E+00 .2412E+00
.5900E+03 .1722E+01 .1299E+01 .9838E+00 .2557E+00
.5910E+03 .1809E+01 .1389E+01 .1052E+01 .2731E+00
.5920E+03 .1788E+01 .1360E+01 .1031E+01 .2662E+00
.5930E+03 .1792E+01 .1379E+01 .1046E+01 .2695E+00
.5940E+03 .1789E+01 .1372E+01 .1042E+01 .2671E+00
.5950E+03 .1778E+01 .1354E+01 .1030E+01 .2625E+00
.5960E+03 .1796E+01 .1396E+01 .1062E+01 .2704E+00
.5970E+03 .1806E+01 .1399E+01 .1066E+01 .2701E+00
.5980E+03 .1772E+01 .1382E+01 .1054E+01 .2661E+00
.5990E+03 .1764E+01 .1382E+01 .1054E+01 .2654E+00
.6000E+03 .1770E+01 .1395E+01 .1066E+01 .2674E+00
.6010E+03 .1742E+01 .1379E+01 .1054E+01 .2636E+00
.6020E+03 .1715E+01 .1358E+01 .1038E+01 .2588E+00
.6030E+03 .1749E+01 .1386E+01 .1061E+01 .2635E+00
.6040E+03 .1779E+01 .1410E+01 .1081E+01 .2673E+00
.6050E+03 .1773E+01 .1407E+01 .1079E+01 .2662E+00
.6060E+03 .1758E+01 .1400E+01 .1075E+01 .2643E+00
.6070E+03 .1762E+01 .1409E+01 .1082E+01 .2653E+00
.6080E+03 .1751E+01 .1404E+01 .1079E+01 .2639E+00
.6090E+03 .1734E+01 .1393E+01 .1071E+01 .2613E+00
.6100E+03 .1724E+01 .1387E+01 .1067E+01 .2596E+00
.6110E+03 .1712E+01 .1380E+01 .1062E+01 .2576E+00
.6120E+03 .1736E+01 .1400E+01 .1079E+01 .2609E+00
.6130E+03 .1710E+01 .1380E+01 .1064E+01 .2565E+00
.6140E+03 .1655E+01 .1338E+01 .1032E+01 .2482E+00
.6150E+03 .1712E+01 .1387E+01 .1071E+01 .2567E+00
.6160E+03 .1664E+01 .1350E+01 .1043E+01 .2494E+00
.6170E+03 .1641E+01 .1333E+01 .1030E+01 .2456E+00
.6180E+03 .1702E+01 .1383E+01 .1070E+01 .2543E+00
.6190E+03 .1709E+01 .1390E+01 .1076E+01 .2548E+00
.6200E+03 .1711E+01 .1390E+01 .1077E+01 .2541E+00
.6210E+03 .1724E+01 .1395E+01 .1082E+01 .2544E+00
.6220E+03 .1678E+01 .1345E+01 .1044E+01 .2441E+00
.6230E+03 .1682E+01 .1334E+01 .1037E+01 .2413E+00
.6240E+03 .1667E+01 .1330E+01 .1034E+01 .2401E+00
.6250E+03 .1644E+01 .1321E+01 .1028E+01 .2382E+00
.6260E+03 .1640E+01 .1319E+01 .1027E+01 .2373E+00
.6270E+03 .1693E+01 .1357E+01 .1057E+01 .2434E+00
.6280E+03 .1693E+01 .1281E+01 .1001E+01 .2273E+00
.6290E+03 .1687E+01 .1328E+01 .1037E+01 .2364E+00
.6300E+03 .1665E+01 .1310E+01 .1023E+01 .2326E+00
.6310E+03 .1659E+01 .1332E+01 .1041E+01 .2367E+00
.6320E+03 .1590E+01 .1283E+01 .1003E+01 .2276E+00
.6330E+03 .1674E+01 .1365E+01 .1067E+01 .2419E+00
.6340E+03 .1637E+01 .1344E+01 .1051E+01 .2378E+00
.6350E+03 .1652E+01 .1360E+01 .1064E+01 .2402E+00
.6360E+03 .1609E+01 .1329E+01 .1040E+01 .2343E+00
.6370E+03 .1661E+01 .1374E+01 .1076E+01 .2418E+00
.6380E+03 .1665E+01 .1383E+01 .1084E+01 .2429E+00
.6390E+03 .1653E+01 .1377E+01 .1080E+01 .2415E+00
.6400E+03 .1613E+01 .1348E+01 .1058E+01 .2360E+00
.6410E+03 .1610E+01 .1349E+01 .1059E+01 .2356E+00
.6420E+03 .1609E+01 .1351E+01 .1061E+01 .2356E+00
.6430E+03 .1625E+01 .1365E+01 .1073E+01 .2375E+00
.6440E+03 .1614E+01 .1359E+01 .1069E+01 .2360E+00
.6450E+03 .1627E+01 .1369E+01 .1077E+01 .2370E+00
.6460E+03 .1591E+01 .1329E+01 .1047E+01 .2294E+00
.6470E+03 .1606E+01 .1322E+01 .1043E+01 .2273E+00
.6480E+03 .1602E+01 .1309E+01 .1033E+01 .2245E+00
.6490E+03 .1551E+01 .1269E+01 .1002E+01 .2169E+00
.6500E+03 .1526E+01 .1276E+01 .1008E+01 .2184E+00
.6510E+03 .1613E+01 .1356E+01 .1071E+01 .2317E+00
.6520E+03 .1591E+01 .1301E+01 .1030E+01 .2210E+00
.6530E+03 .1598E+01 .1343E+01 .1062E+01 .2284E+00
.6540E+03 .1575E+01 .1328E+01 .1051E+01 .2254E+00
.6550E+03 .1523E+01 .1266E+01 .1003E+01 .2140E+00
.6560E+03 .1323E+01 .1112E+01 .8808E+00 .1877E+00
.6570E+03 .1384E+01 .1162E+01 .9214E+00 .1958E+00
.6580E+03 .1539E+01 .1299E+01 .1030E+01 .2185E+00
.6590E+03 .1542E+01 .1303E+01 .1035E+01 .2188E+00
.6600E+03 .1558E+01 .1311E+01 .1042E+01 .2195E+00
.6610E+03 .1566E+01 .1305E+01 .1038E+01 .2177E+00
.6620E+03 .1571E+01 .1294E+01 .1030E+01 .2149E+00
.6630E+03 .1563E+01 .1296E+01 .1032E+01 .2150E+00
.6640E+03 .1554E+01 .1308E+01 .1042E+01 .2170E+00
.6650E+03 .1567E+01 .1331E+01 .1060E+01 .2206E+00
.6660E+03 .1555E+01 .1330E+01 .1060E+01 .2202E+00
.6670E+03 .1535E+01 .1321E+01 .1053E+01 .2183E+00
.6680E+03 .1535E+01 .1325E+01 .1056E+01 .2187E+00
.6690E+03 .1558E+01 .1348E+01 .1075E+01 .2220E+00
.6700E+03 .1534E+01 .1329E+01 .1061E+01 .2185E+00
.6710E+03 .1529E+01 .1326E+01 .1059E+01 .2176E+00
.6720E+03 .1506E+01 .1308E+01 .1045E+01 .2141E+00
.6730E+03 .1517E+01 .1319E+01 .1054E+01 .2155E+00
.6740E+03 .1513E+01 .1317E+01 .1053E+01 .2147E+00
.6750E+03 .1499E+01 .1306E+01 .1045E+01 .2124E+00
.6760E+03 .1515E+01 .1321E+01 .1057E+01 .2144E+00
.6770E+03 .1500E+01 .1308E+01 .1048E+01 .2120E+00
.6780E+03 .1507E+01 .1315E+01 .1054E+01 .2126E+00
.6790E+03 .1493E+01 .1304E+01 .1046E+01 .2103E+00
.6800E+03 .1494E+01 .1306E+01 .1048E+01 .2101E+00
.6810E+03 .1487E+01 .1300E+01 .1044E+01 .2088E+00
.6820E+03 .1493E+01 .1306E+01 .1049E+01 .2093E+00
.6830E+03 .1476E+01 .1292E+01 .1039E+01 .2066E+00
.6840E+03 .1466E+01 .1283E+01 .1032E+01 .2047E+00
.6850E+03 .1465E+01 .1284E+01 .1033E+01 .2044E+00
.6860E+03 .1433E+01 .1255E+01 .1011E+01 .1993E+00
.6870E+03 .1472E+01 .8982E+00 .7331E+00 .1348E+00
.6880E+03 .1476E+01 .1042E+01 .8469E+00 .1595E+00
.6890E+03 .1478E+01 .1049E+01 .8526E+00 .1603E+00
.6900E+03 .1479E+01 .1100E+01 .8933E+00 .1689E+00
.6910E+03 .1468E+01 .1149E+01 .9315E+00 .1773E+00
.6920E+03 .1454E+01 .1182E+01 .9580E+00 .1832E+00
.6930E+03 .1458E+01 .1175E+01 .9527E+00 .1814E+00
.6940E+03 .1457E+01 .1161E+01 .9421E+00 .1788E+00
.6950E+03 .1435E+01 .1185E+01 .9608E+00 .1830E+00
.6960E+03 .1442E+01 .1183E+01 .9595E+00 .1822E+00
.6970E+03 .1438E+01 .1249E+01 .1013E+01 .1933E+00
.6980E+03 .1417E+01 .1230E+01 .9971E+00 .1897E+00
.6990E+03 .1434E+01 .1204E+01 .9776E+00 .1845E+00
.7000E+03 .1422E+01 .1195E+01 .9707E+00 .1827E+00
.7010E+03 .1413E+01 .1179E+01 .9591E+00 .1797E+00
.7020E+03 .1399E+01 .1180E+01 .9602E+00 .1797E+00
.7030E+03 .1410E+01 .1187E+01 .9660E+00 .1803E+00
.7040E+03 .1419E+01 .1218E+01 .9912E+00 .1850E+00
.7050E+03 .1433E+01 .1230E+01 .1002E+01 .1865E+00
.7060E+03 .1414E+01 .1224E+01 .9970E+00 .1852E+00
.7070E+03 .1404E+01 .1219E+01 .9932E+00 .1841E+00
.7080E+03 .1399E+01 .1215E+01 .9905E+00 .1830E+00
.7090E+03 .1390E+01 .1219E+01 .9944E+00 .1835E+00
.7100E+03 .1404E+01 .1226E+01 .1001E+01 .1840E+00
.7110E+03 .1397E+01 .1224E+01 .9996E+00 .1834E+00
.7120E+03 .1382E+01 .1216E+01 .9934E+00 .1818E+00
.7130E+03 .1370E+01 .1202E+01 .9823E+00 .1791E+00
.7140E+03 .1382E+01 .1212E+01 .9914E+00 .1803E+00
.7150E+03 .1350E+01 .1171E+01 .9586E+00 .1735E+00
.7160E+03 .1369E+01 .1183E+01 .9689E+00 .1747E+00
.7170E+03 .1365E+01 .1027E+01 .8451E+00 .1487E+00
.7180E+03 .1357E+01 .9560E+00 .7879E+00 .1374E+00
.7190E+03 .1301E+01 .8574E+00 .7076E+00 .1226E+00
.7200E+03 .1349E+01 .9148E+00 .7554E+00 .1304E+00
.7210E+03 .1348E+01 .1009E+01 .8317E+00 .1452E+00
.7220E+03 .1360E+01 .1153E+01 .9484E+00 .1676E+00
.7230E+03 .1351E+01 .1064E+01 .8766E+00 .1532E+00
.7240E+03 .1361E+01 .9809E+00 .8101E+00 .1397E+00
.7250E+03 .1347E+01 .9642E+00 .7972E+00 .1367E+00
.7260E+03 .1343E+01 .1004E+01 .8301E+00 .1424E+00
.7270E+03 .1344E+01 .1009E+01 .8336E+00 .1432E+00
.7280E+03 .1337E+01 .9658E+00 .7997E+00 .1360E+00
.7290E+03 .1280E+01 .9725E+00 .8044E+00 .1375E+00
.7300E+03 .1336E+01 .1048E+01 .8675E+00 .1480E+00
.7310E+03 .1310E+01 .9937E+00 .8231E+00 .1396E+00
.7320E+03 .1333E+01 .1072E+01 .8872E+00 .1513E+00
.7330E+03 .1311E+01 .1113E+01 .9199E+00 .1577E+00
.7340E+03 .1339E+01 .1150E+01 .9506E+00 .1628E+00
.7350E+03 .1327E+01 .1133E+01 .9376E+00 .1599E+00
.7360E+03 .1310E+01 .1122E+01 .9291E+00 .1581E+00
.7370E+03 .1312E+01 .1120E+01 .9279E+00 .1574E+00
.7380E+03 .1300E+01 .1142E+01 .9455E+00 .1606E+00
.7390E+03 .1265E+01 .1108E+01 .9180E+00 .1555E+00
.7400E+03 .1283E+01 .1135E+01 .9407E+00 .1591E+00
.7410E+03 .1271E+01 .1131E+01 .9375E+00 .1583E+00
.7420E+03 .1265E+01 .1131E+01 .9383E+00 .1581E+00
.7430E+03 .1289E+01 .1155E+01 .9583E+00 .1610E+00
.7440E+03 .1296E+01 .1164E+01 .9664E+00 .1620E+00
.7450E+03 .1292E+01 .1164E+01 .9664E+00 .1616E+00
.7460E+03 .1289E+01 .1161E+01 .9648E+00 .1609E+00
.7470E+03 .1289E+01 .1162E+01 .9658E+00 .1606E+00
.7480E+03 .1281E+01 .1155E+01 .9605E+00 .1593E+00
.7490E+03 .1276E+01 .1151E+01 .9576E+00 .1584E+00
.7500E+03 .1274E+01 .1150E+01 .9569E+00 .1578E+00
.7510E+03 .1268E+01 .1144E+01 .9530E+00 .1568E+00
.7520E+03 .1272E+01 .1149E+01 .9568E+00 .1570E+00
.7530E+03 .1265E+01 .1143E+01 .9524E+00 .1559E+00
.7540E+03 .1281E+01 .1157E+01 .9649E+00 .1575E+00
.7550E+03 .1277E+01 .1154E+01 .9625E+00 .1567E+00
.7560E+03 .1261E+01 .1140E+01 .9511E+00 .1545E+00
.7570E+03 .1260E+01 .1139E+01 .9507E+00 .1540E+00
.7580E+03 .1268E+01 .1146E+01 .9570E+00 .1546E+00
.7590E+03 .1250E+01 .1113E+01 .9305E+00 .1495E+00
.7600E+03 .1259E+01 .2414E+00 .2105E+00 .2559E-01
.7610E+03 .1249E+01 .1383E+00 .1221E+00 .1346E-01
.7620E+03 .1246E+01 .6356E+00 .5410E+00 .7779E-01
.7630E+03 .1254E+01 .3469E+00 .3002E+00 .3859E-01
.7640E+03 .1257E+01 .4958E+00 .4254E+00 .5808E-01
.7650E+03 .1245E+01 .6342E+00 .5406E+00 .7706E-01
.7660E+03 .1200E+01 .7557E+00 .6405E+00 .9467E-01
.7670E+03 .1212E+01 .9060E+00 .7644E+00 .1163E+00
.7680E+03 .1231E+01 .1037E+01 .8725E+00 .1353E+00
.7690E+03 .1214E+01 .1051E+01 .8835E+00 .1373E+00
.7700E+03 .1215E+01 .1082E+01 .9092E+00 .1417E+00
.7710E+03 .1207E+01 .1089E+01 .9155E+00 .1426E+00
.7720E+03 .1212E+01 .1098E+01 .9231E+00 .1435E+00
.7730E+03 .1210E+01 .1097E+01 .9230E+00 .1431E+00
.7740E+03 .1209E+01 .1098E+01 .9235E+00 .1428E+00
.7750E+03 .1208E+01 .1097E+01 .9239E+00 .1425E+00
.7760E+03 .1210E+01 .1100E+01 .9264E+00 .1425E+00
.7770E+03 .1203E+01 .1093E+01 .9213E+00 .1413E+00
.7780E+03 .1201E+01 .1092E+01 .9207E+00 .1408E+00
.7790E+03 .1207E+01 .1097E+01 .9252E+00 .1411E+00
.7800E+03 .1193E+01 .1085E+01 .9155E+00 .1393E+00
.7810E+03 .1190E+01 .1082E+01 .9137E+00 .1386E+00
.7820E+03 .1195E+01 .1088E+01 .9183E+00 .1390E+00
.7830E+03 .1190E+01 .1083E+01 .9150E+00 .1382E+00
.7840E+03 .1181E+01 .1076E+01 .9092E+00 .1370E+00
.7850E+03 .1187E+01 .1081E+01 .9136E+00 .1373E+00
.7860E+03 .1189E+01 .1081E+01 .9144E+00 .1370E+00
.7870E+03 .1188E+01 .1068E+01 .9039E+00 .1348E+00
.7880E+03 .1180E+01 .1054E+01 .8929E+00 .1327E+00
.7890E+03 .1181E+01 .1050E+01 .8896E+00 .1318E+00
.7900E+03 .1170E+01 .1018E+01 .8629E+00 .1271E+00
.7910E+03 .1163E+01 .1031E+01 .8746E+00 .1289E+00
.7920E+03 .1150E+01 .1022E+01 .8667E+00 .1275E+00
.7930E+03 .1145E+01 .1015E+01 .8610E+00 .1263E+00
.7940E+03 .1126E+01 .1024E+01 .8687E+00 .1276E+00
.7950E+03 .1128E+01 .1020E+01 .8660E+00 .1267E+00
.7960E+03 .1143E+01 .1002E+01 .8517E+00 .1237E+00
.7970E+03 .1158E+01 .1018E+01 .8656E+00 .1254E+00
.7980E+03 .1150E+01 .1038E+01 .8821E+00 .1280E+00
.7990E+03 .1135E+01 .1018E+01 .8654E+00 .1252E+00
.8000E+03 .1125E+01 .1001E+01 .8516E+00 .1227E+00
.8010E+03 .1143E+01 .1012E+01 .8615E+00 .1237E+00
.8020E+03 .1142E+01 .1013E+01 .8628E+00 .1236E+00
.8030E+03 .1124E+01 .9944E+00 .8474E+00 .1210E+00
.8040E+03 .1134E+01 .1006E+01 .8577E+00 .1222E+00
.8050E+03 .1100E+01 .9842E+00 .8391E+00 .1194E+00
.8060E+03 .1131E+01 .1024E+01 .8735E+00 .1243E+00
.8070E+03 .1123E+01 .1014E+01 .8647E+00 .1226E+00
.8080E+03 .1116E+01 .1010E+01 .8620E+00 .1219E+00
.8090E+03 .1098E+01 .9845E+00 .8407E+00 .1184E+00
.8100E+03 .1110E+01 .9855E+00 .8421E+00 .1181E+00
.8110E+03 .1114E+01 .9829E+00 .8404E+00 .1173E+00
.8120E+03 .1116E+01 .9582E+00 .8201E+00 .1137E+00
.8130E+03 .1118E+01 .9401E+00 .8052E+00 .1111E+00
.8140E+03 .1117E+01 .8412E+00 .7224E+00 .9796E-01
.8150E+03 .1109E+01 .8341E+00 .7165E+00 .9694E-01
.8160E+03 .1105E+01 .7762E+00 .6674E+00 .8971E-01
.8170E+03 .1108E+01 .7946E+00 .6833E+00 .9181E-01
.8180E+03 .1086E+01 .7672E+00 .6602E+00 .8820E-01
.8190E+03 .1074E+01 .8447E+00 .7258E+00 .9801E-01
.8200E+03 .1074E+01 .8042E+00 .6918E+00 .9267E-01
.8210E+03 .1076E+01 .9315E+00 .7997E+00 .1087E+00
.8220E+03 .1056E+01 .8883E+00 .7632E+00 .1032E+00
.8230E+03 .1076E+01 .6271E+00 .5421E+00 .7023E-01
.8240E+03 .1072E+01 .8726E+00 .7508E+00 .1005E+00
.8250E+03 .1070E+01 .9052E+00 .7782E+00 .1047E+00
.8260E+03 .1076E+01 .8726E+00 .7511E+00 .1002E+00
.8270E+03 .1076E+01 .9195E+00 .7910E+00 .1059E+00
.8280E+03 .1075E+01 .7931E+00 .6843E+00 .8982E-01
.8290E+03 .1062E+01 .8678E+00 .7476E+00 .9919E-01
.8300E+03 .1056E+01 .8554E+00 .7373E+00 .9744E-01
.8310E+03 .1056E+01 .8628E+00 .7439E+00 .9815E-01
.8320E+03 .1055E+01 .8351E+00 .7205E+00 .9453E-01
.8330E+03 .1033E+01 .8927E+00 .7695E+00 .1016E+00
.8340E+03 .1046E+01 .8714E+00 .7520E+00 .9855E-01
.8350E+03 .1048E+01 .9370E+00 .8078E+00 .1067E+00
.8360E+03 .1060E+01 .9076E+00 .7833E+00 .1025E+00
.8370E+03 .1051E+01 .9427E+00 .8132E+00 .1069E+00
.8380E+03 .1055E+01 .9331E+00 .8054E+00 .1054E+00
.8390E+03 .1040E+01 .9354E+00 .8074E+00 .1057E+00
.8400E+03 .1050E+01 .9490E+00 .8193E+00 .1071E+00
.8410E+03 .1052E+01 .9437E+00 .8151E+00 .1061E+00
.8420E+03 .1029E+01 .9316E+00 .8048E+00 .1047E+00
.8430E+03 .1027E+01 .9394E+00 .8116E+00 .1055E+00
.8440E+03 .1014E+01 .9217E+00 .7966E+00 .1032E+00
.8450E+03 .1036E+01 .9499E+00 .8212E+00 .1063E+00
.8460E+03 .1037E+01 .9521E+00 .8233E+00 .1063E+00
.8470E+03 .1006E+01 .9269E+00 .8017E+00 .1034E+00
.8480E+03 .1011E+01 .9273E+00 .8024E+00 .1031E+00
.8490E+03 .1005E+01 .9215E+00 .7977E+00 .1022E+00
.8500E+03 .9100E+00 .8353E+00 .7233E+00 .9248E-01
.8510E+03 .9980E+00 .9112E+00 .7894E+00 .1006E+00
.8520E+03 .9900E+00 .9059E+00 .7851E+00 .9982E-01
.8530E+03 .9810E+00 .9019E+00 .7818E+00 .9922E-01
.8540E+03 .8690E+00 .7956E+00 .6900E+00 .8729E-01
.8550E+03 .9270E+00 .8535E+00 .7403E+00 .9354E-01
.8560E+03 .9902E+00 .9097E+00 .7894E+00 .9948E-01
.8570E+03 .1006E+01 .9270E+00 .8046E+00 .1012E+00
.8580E+03 .1007E+01 .9273E+00 .8051E+00 .1010E+00
.8590E+03 .1005E+01 .9271E+00 .8051E+00 .1008E+00
.8600E+03 .1000E+01 .9239E+00 .8025E+00 .1003E+00
.8610E+03 .9990E+00 .9226E+00 .8017E+00 .1000E+00
.8620E+03 .1006E+01 .9298E+00 .8082E+00 .1006E+00
.8630E+03 .1012E+01 .9355E+00 .8133E+00 .1010E+00
.8640E+03 .9901E+00 .9155E+00 .7962E+00 .9868E-01
.8650E+03 .9735E+00 .9007E+00 .7835E+00 .9690E-01
.8660E+03 .8580E+00 .7939E+00 .6908E+00 .8525E-01
.8670E+03 .9250E+00 .8560E+00 .7451E+00 .9175E-01
.8680E+03 .9690E+00 .8970E+00 .7810E+00 .9595E-01
.8690E+03 .9590E+00 .8880E+00 .7734E+00 .9481E-01
.8700E+03 .9770E+00 .9048E+00 .7883E+00 .9642E-01
.8710E+03 .9632E+00 .8920E+00 .7774E+00 .9487E-01
.8720E+03 .9760E+00 .9042E+00 .7882E+00 .9598E-01
.8730E+03 .9661E+00 .8952E+00 .7806E+00 .9484E-01
.8740E+03 .9491E+00 .8796E+00 .7672E+00 .9300E-01
.8750E+03 .9356E+00 .8669E+00 .7564E+00 .9148E-01
.8760E+03 .9620E+00 .8912E+00 .7779E+00 .9385E-01
.8770E+03 .9650E+00 .8944E+00 .7809E+00 .9401E-01
.8780E+03 .9620E+00 .8909E+00 .7780E+00 .9344E-01
.8790E+03 .9457E+00 .8761E+00 .7654E+00 .9171E-01
.8800E+03 .9486E+00 .8789E+00 .7681E+00 .9182E-01
.8810E+03 .9196E+00 .8499E+00 .7430E+00 .8858E-01
.8820E+03 .9441E+00 .8722E+00 .7627E+00 .9071E-01
.8830E+03 .9393E+00 .8692E+00 .7603E+00 .9025E-01
.8840E+03 .9435E+00 .8728E+00 .7637E+00 .9043E-01
.8850E+03 .9547E+00 .8833E+00 .7731E+00 .9134E-01
.8860E+03 .9256E+00 .8489E+00 .7434E+00 .8748E-01
.8870E+03 .9230E+00 .8518E+00 .7460E+00 .8770E-01
.8880E+03 .9407E+00 .8627E+00 .7559E+00 .8857E-01
.8890E+03 .9437E+00 .8743E+00 .7661E+00 .8971E-01
.8900E+03 .9424E+00 .8643E+00 .7577E+00 .8838E-01
.8910E+03 .9393E+00 .8662E+00 .7595E+00 .8846E-01
.8920E+03 .9326E+00 .8501E+00 .7458E+00 .8649E-01
.8930E+03 .9180E+00 .8171E+00 .7174E+00 .8274E-01
.8940E+03 .9240E+00 .7947E+00 .6984E+00 .7992E-01
.8950E+03 .9260E+00 .7595E+00 .6683E+00 .7570E-01
.8960E+03 .9342E+00 .7129E+00 .6279E+00 .7059E-01
.8970E+03 .9269E+00 .6221E+00 .5490E+00 .6071E-01
.8980E+03 .9238E+00 .6709E+00 .5918E+00 .6580E-01
.8990E+03 .9140E+00 .5127E+00 .4536E+00 .4919E-01
.9000E+03 .9138E+00 .6944E+00 .6123E+00 .6827E-01
.9010E+03 .8983E+00 .5597E+00 .4952E+00 .5367E-01
.9020E+03 .8772E+00 .6266E+00 .5531E+00 .6105E-01
.9030E+03 .9223E+00 .6439E+00 .5689E+00 .6230E-01
.9040E+03 .9210E+00 .7899E+00 .6961E+00 .7791E-01
.9050E+03 .9180E+00 .7642E+00 .6739E+00 .7499E-01
.9060E+03 .9078E+00 .7254E+00 .6402E+00 .7082E-01
.9070E+03 .9145E+00 .5968E+00 .5283E+00 .5703E-01
.9080E+03 .9014E+00 .6096E+00 .5395E+00 .5831E-01
.9090E+03 .8855E+00 .6585E+00 .5823E+00 .6342E-01
.9100E+03 .8950E+00 .5839E+00 .5175E+00 .5525E-01
.9110E+03 .8973E+00 .6232E+00 .5519E+00 .5937E-01
.9120E+03 .8902E+00 .6440E+00 .5702E+00 .6146E-01
.9130E+03 .9002E+00 .5859E+00 .5198E+00 .5510E-01
.9140E+03 .8982E+00 .5854E+00 .5193E+00 .5506E-01
.9150E+03 .8883E+00 .6325E+00 .5609E+00 .5958E-01
.9160E+03 .8947E+00 .5387E+00 .4784E+00 .5022E-01
.9170E+03 .8886E+00 .6817E+00 .6041E+00 .6461E-01
.9180E+03 .8881E+00 .5537E+00 .4920E+00 .5145E-01
.9190E+03 .8921E+00 .6894E+00 .6110E+00 .6528E-01
.9200E+03 .8854E+00 .6962E+00 .6167E+00 .6619E-01
.9210E+03 .8703E+00 .7296E+00 .6462E+00 .6944E-01
.9220E+03 .8628E+00 .6539E+00 .5801E+00 .6144E-01
.9230E+03 .8334E+00 .6964E+00 .6170E+00 .6605E-01
.9240E+03 .8696E+00 .6737E+00 .5980E+00 .6307E-01
.9250E+03 .8764E+00 .6645E+00 .5900E+00 .6204E-01
.9260E+03 .8456E+00 .6566E+00 .5831E+00 .6123E-01
.9270E+03 .8781E+00 .7353E+00 .6524E+00 .6906E-01
.9280E+03 .8711E+00 .5470E+00 .4877E+00 .4953E-01
.9290E+03 .8695E+00 .5087E+00 .4541E+00 .4552E-01
.9300E+03 .8687E+00 .4026E+00 .3605E+00 .3519E-01
.9310E+03 .8708E+00 .3815E+00 .3416E+00 .3333E-01
.9320E+03 .8651E+00 .2798E+00 .2516E+00 .2366E-01
.9330E+03 .8696E+00 .2306E+00 .2079E+00 .1909E-01
.9340E+03 .8671E+00 .1326E+00 .1204E+00 .1022E-01
.9350E+03 .8560E+00 .2333E+00 .2100E+00 .1950E-01
.9360E+03 .8522E+00 .1496E+00 .1353E+00 .1198E-01
.9370E+03 .8537E+00 .1513E+00 .1370E+00 .1205E-01
.9380E+03 .8594E+00 .1860E+00 .1681E+00 .1499E-01
.9390E+03 .8568E+00 .3719E+00 .3337E+00 .3199E-01
.9400E+03 .8400E+00 .4403E+00 .3944E+00 .3836E-01
.9410E+03 .8315E+00 .3465E+00 .3114E+00 .2942E-01
.9420E+03 .8062E+00 .3780E+00 .3392E+00 .3245E-01
.9430E+03 .8381E+00 .2592E+00 .2335E+00 .2158E-01
.9440E+03 .8185E+00 .2667E+00 .2398E+00 .2256E-01
.9450E+03 .8244E+00 .3432E+00 .3086E+00 .2901E-01
.9460E+03 .8314E+00 .1807E+00 .1635E+00 .1449E-01
.9470E+03 .8281E+00 .3458E+00 .3112E+00 .2898E-01
.9480E+03 .8314E+00 .2555E+00 .2303E+00 .2115E-01
.9490E+03 .8330E+00 .4606E+00 .4137E+00 .3930E-01
.9500E+03 .8287E+00 .1362E+00 .1238E+00 .1045E-01
.9510E+03 .8202E+00 .4513E+00 .4054E+00 .3847E-01
.9520E+03 .8240E+00 .2501E+00 .2260E+00 .2025E-01
.9530E+03 .8205E+00 .3202E+00 .2887E+00 .2650E-01
.9540E+03 .8120E+00 .3959E+00 .3560E+00 .3342E-01
.9550E+03 .7690E+00 .3180E+00 .2866E+00 .2631E-01
.9560E+03 .8020E+00 .3065E+00 .2760E+00 .2554E-01
.9570E+03 .8058E+00 .2517E+00 .2278E+00 .2013E-01
.9580E+03 .8115E+00 .4312E+00 .3872E+00 .3685E-01
.9590E+03 .8148E+00 .3490E+00 .3144E+00 .2902E-01
.9600E+03 .8063E+00 .3926E+00 .3536E+00 .3270E-01
.9610E+03 .7998E+00 .4310E+00 .3876E+00 .3637E-01
.9620E+03 .8017E+00 .4128E+00 .3715E+00 .3467E-01
.9630E+03 .7976E+00 .4723E+00 .4244E+00 .4014E-01
.9640E+03 .7881E+00 .4289E+00 .3857E+00 .3617E-01
.9650E+03 .7958E+00 .4712E+00 .4235E+00 .3995E-01
.9660E+03 .7860E+00 .4701E+00 .4227E+00 .3969E-01
.9670E+03 .7950E+00 .4698E+00 .4226E+00 .3954E-01
.9680E+03 .7853E+00 .6109E+00 .5474E+00 .5311E-01
.9690E+03 .7879E+00 .6418E+00 .5753E+00 .5566E-01
.9700E+03 .7914E+00 .5942E+00 .5332E+00 .5112E-01
.9710E+03 .7819E+00 .6689E+00 .5992E+00 .5828E-01
.9720E+03 .7879E+00 .6444E+00 .5776E+00 .5585E-01
.9730E+03 .7815E+00 .5678E+00 .5101E+00 .4833E-01
.9740E+03 .7688E+00 .5376E+00 .4833E+00 .4554E-01
.9750E+03 .7735E+00 .5526E+00 .4965E+00 .4700E-01
.9760E+03 .7805E+00 .5354E+00 .4816E+00 .4508E-01
.9770E+03 .7721E+00 .5984E+00 .5374E+00 .5110E-01
.9780E+03 .7780E+00 .5761E+00 .5179E+00 .4878E-01
.9790E+03 .7665E+00 .5978E+00 .5372E+00 .5080E-01
.9800E+03 .7751E+00 .5665E+00 .5094E+00 .4784E-01
.9810E+03 .7730E+00 .6682E+00 .5998E+00 .5724E-01
.9820E+03 .7788E+00 .6479E+00 .5821E+00 .5511E-01
.9830E+03 .7754E+00 .6250E+00 .5619E+00 .5289E-01
.9840E+03 .7688E+00 .6910E+00 .6203E+00 .5919E-01
.9850E+03 .7708E+00 .6439E+00 .5789E+00 .5449E-01
.9860E+03 .7662E+00 .7041E+00 .6321E+00 .6030E-01
.9870E+03 .7661E+00 .6932E+00 .6226E+00 .5906E-01
.9880E+03 .7637E+00 .6888E+00 .6189E+00 .5858E-01
.9890E+03 .7550E+00 .7026E+00 .6310E+00 .5996E-01
.9900E+03 .7569E+00 .6866E+00 .6172E+00 .5819E-01
.9910E+03 .7616E+00 .7069E+00 .6351E+00 .6005E-01
.9920E+03 .7571E+00 .7045E+00 .6331E+00 .5978E-01
.9930E+03 .7564E+00 .6915E+00 .6218E+00 .5838E-01
.9940E+03 .7585E+00 .7074E+00 .6360E+00 .5984E-01
.9950E+03 .7539E+00 .7053E+00 .6341E+00 .5959E-01
.9960E+03 .7535E+00 .7026E+00 .6318E+00 .5923E-01
.9970E+03 .7430E+00 .6940E+00 .6243E+00 .5843E-01
.9980E+03 .7430E+00 .6933E+00 .6237E+00 .5826E-01
.9990E+03 .7420E+00 .6930E+00 .6236E+00 .5814E-01
.1000E+04 .7425E+00 .6899E+00 .6210E+00 .5774E-01
.1001E+04 .7474E+00 .6985E+00 .6288E+00 .5841E-01
.1002E+04 .7468E+00 .6830E+00 .6152E+00 .5682E-01
.1003E+04 .7384E+00 .6892E+00 .6207E+00 .5742E-01
.1004E+04 .7313E+00 .6788E+00 .6115E+00 .5640E-01
.1005E+04 .6837E+00 .6398E+00 .5764E+00 .5314E-01
.1006E+04 .7177E+00 .6687E+00 .6026E+00 .5541E-01
.1007E+04 .7309E+00 .6828E+00 .6154E+00 .5650E-01
.1008E+04 .7334E+00 .6822E+00 .6150E+00 .5631E-01
.1009E+04 .7293E+00 .6755E+00 .6091E+00 .5563E-01
.1010E+04 .7305E+00 .6749E+00 .6088E+00 .5546E-01
.1011E+04 .7256E+00 .6784E+00 .6120E+00 .5576E-01
.1012E+04 .7250E+00 .6747E+00 .6088E+00 .5531E-01
.1013E+04 .7196E+00 .6736E+00 .6079E+00 .5518E-01
.1014E+04 .7226E+00 .6765E+00 .6106E+00 .5532E-01
.1015E+04 .7106E+00 .6648E+00 .6001E+00 .5426E-01
.1016E+04 .7142E+00 .6677E+00 .6029E+00 .5441E-01
.1017E+04 .7066E+00 .6603E+00 .5964E+00 .5370E-01
.1018E+04 .7157E+00 .6706E+00 .6057E+00 .5446E-01
.1019E+04 .6961E+00 .6467E+00 .5843E+00 .5236E-01
.1020E+04 .7013E+00 .6563E+00 .5930E+00 .5311E-01
.1021E+04 .7030E+00 .6590E+00 .5955E+00 .5325E-01
.1022E+04 .6930E+00 .6477E+00 .5855E+00 .5222E-01
.1023E+04 .6990E+00 .6527E+00 .5902E+00 .5253E-01
.1024E+04 .7006E+00 .6484E+00 .5865E+00 .5202E-01
.1025E+04 .6992E+00 .6551E+00 .5925E+00 .5256E-01
.1026E+04 .6994E+00 .6540E+00 .5916E+00 .5237E-01
.1027E+04 .6959E+00 .6509E+00 .5890E+00 .5204E-01
.1028E+04 .6972E+00 .6517E+00 .5898E+00 .5200E-01
.1029E+04 .6900E+00 .6445E+00 .5835E+00 .5134E-01
.1030E+04 .6921E+00 .6486E+00 .5872E+00 .5160E-01
.1031E+04 .6898E+00 .6456E+00 .5846E+00 .5126E-01
.1032E+04 .6896E+00 .6461E+00 .5852E+00 .5123E-01
.1033E+04 .6780E+00 .6351E+00 .5754E+00 .5027E-01
.1034E+04 .6818E+00 .6390E+00 .5789E+00 .5048E-01
.1035E+04 .6840E+00 .6410E+00 .5809E+00 .5056E-01
.1036E+04 .6843E+00 .6408E+00 .5808E+00 .5045E-01
.1037E+04 .6773E+00 .6342E+00 .5749E+00 .4984E-01
.1038E+04 .6740E+00 .6311E+00 .5723E+00 .4952E-01
.1039E+04 .6790E+00 .6355E+00 .5763E+00 .4977E-01
.1040E+04 .6744E+00 .6311E+00 .5725E+00 .4934E-01
.1041E+04 .6749E+00 .6312E+00 .5727E+00 .4926E-01
.1042E+04 .6752E+00 .6315E+00 .5730E+00 .4919E-01
.1043E+04 .6686E+00 .6251E+00 .5674E+00 .4861E-01
.1044E+04 .6720E+00 .6280E+00 .5701E+00 .4875E-01
.1045E+04 .6685E+00 .6244E+00 .5670E+00 .4838E-01
.1046E+04 .6513E+00 .6081E+00 .5523E+00 .4703E-01
.1047E+04 .6615E+00 .6174E+00 .5608E+00 .4766E-01
.1048E+04 .6678E+00 .6228E+00 .5658E+00 .4800E-01
.1049E+04 .6649E+00 .6193E+00 .5627E+00 .4763E-01
.1050E+04 .6612E+00 .6152E+00 .5592E+00 .4723E-01
.1051E+04 .6618E+00 .6158E+00 .5598E+00 .4720E-01
.1052E+04 .6585E+00 .6120E+00 .5565E+00 .4682E-01
.1053E+04 .6570E+00 .6102E+00 .5549E+00 .4659E-01
.1054E+04 .6547E+00 .6076E+00 .5527E+00 .4631E-01
.1055E+04 .6575E+00 .6095E+00 .5545E+00 .4637E-01
.1056E+04 .6563E+00 .6076E+00 .5529E+00 .4613E-01
.1057E+04 .6554E+00 .6061E+00 .5516E+00 .4593E-01
.1058E+04 .6494E+00 .5999E+00 .5461E+00 .4537E-01
.1059E+04 .6305E+00 .5816E+00 .5295E+00 .4391E-01
.1060E+04 .6483E+00 .5977E+00 .5443E+00 .4506E-01
.1061E+04 .6339E+00 .5839E+00 .5318E+00 .4396E-01
.1062E+04 .6465E+00 .5947E+00 .5418E+00 .4467E-01
.1063E+04 .6367E+00 .5851E+00 .5331E+00 .4386E-01
.1064E+04 .6462E+00 .5941E+00 .5414E+00 .4446E-01
.1065E+04 .6453E+00 .5914E+00 .5391E+00 .4415E-01
.1066E+04 .6314E+00 .5802E+00 .5290E+00 .4325E-01
.1067E+04 .6352E+00 .5832E+00 .5318E+00 .4339E-01
.1068E+04 .6359E+00 .5824E+00 .5312E+00 .4323E-01
.1069E+04 .6008E+00 .5512E+00 .5029E+00 .4086E-01
.1070E+04 .6216E+00 .5686E+00 .5188E+00 .4205E-01
.1071E+04 .6282E+00 .5799E+00 .5291E+00 .4287E-01
.1072E+04 .6313E+00 .5787E+00 .5282E+00 .4265E-01
.1073E+04 .6180E+00 .5677E+00 .5182E+00 .4177E-01
.1074E+04 .6306E+00 .5846E+00 .5337E+00 .4301E-01
.1075E+04 .6177E+00 .5572E+00 .5090E+00 .4073E-01
.1076E+04 .6247E+00 .5782E+00 .5280E+00 .4237E-01
.1077E+04 .6243E+00 .5684E+00 .5193E+00 .4147E-01
.1078E+04 .6253E+00 .5673E+00 .5185E+00 .4128E-01
.1079E+04 .6120E+00 .5689E+00 .5198E+00 .4149E-01
.1080E+04 .6225E+00 .5618E+00 .5136E+00 .4076E-01
.1081E+04 .6073E+00 .5463E+00 .4996E+00 .3949E-01
.1082E+04 .6025E+00 .5545E+00 .5070E+00 .4016E-01
.1083E+04 .6090E+00 .5627E+00 .5146E+00 .4072E-01
.1084E+04 .6139E+00 .5439E+00 .4978E+00 .3905E-01
.1085E+04 .6118E+00 .5582E+00 .5107E+00 .4016E-01
.1086E+04 .6157E+00 .5212E+00 .4774E+00 .3712E-01
.1087E+04 .5914E+00 .5334E+00 .4883E+00 .3816E-01
.1088E+04 .6073E+00 .5582E+00 .5109E+00 .3999E-01
.1089E+04 .6091E+00 .5449E+00 .4991E+00 .3880E-01
.1090E+04 .6044E+00 .5228E+00 .4791E+00 .3703E-01
.1091E+04 .6080E+00 .5537E+00 .5072E+00 .3941E-01
.1092E+04 .5969E+00 .5471E+00 .5011E+00 .3890E-01
.1093E+04 .5922E+00 .4801E+00 .4405E+00 .3354E-01
.1094E+04 .5606E+00 .5079E+00 .4655E+00 .3592E-01
.1095E+04 .5825E+00 .4895E+00 .4492E+00 .3416E-01
.1096E+04 .5860E+00 .4731E+00 .4345E+00 .3281E-01
.1097E+04 .5910E+00 .5446E+00 .4993E+00 .3839E-01
.1098E+04 .5870E+00 .4728E+00 .4344E+00 .3262E-01
.1099E+04 .5822E+00 .4775E+00 .4386E+00 .3296E-01
.1100E+04 .6000E+00 .4567E+00 .4199E+00 .3122E-01
.1101E+04 .5990E+00 .4673E+00 .4297E+00 .3197E-01
.1102E+04 .5820E+00 .4405E+00 .4053E+00 .2995E-01
.1103E+04 .5950E+00 .4383E+00 .4034E+00 .2964E-01
.1104E+04 .5930E+00 .4388E+00 .4039E+00 .2963E-01
.1105E+04 .5910E+00 .4765E+00 .4383E+00 .3249E-01
.1106E+04 .5900E+00 .3722E+00 .3435E+00 .2449E-01
.1107E+04 .5860E+00 .4532E+00 .4172E+00 .3062E-01
.1108E+04 .5865E+00 .3886E+00 .3585E+00 .2570E-01
.1109E+04 .5855E+00 .3881E+00 .3579E+00 .2569E-01
.1110E+04 .5870E+00 .4506E+00 .4150E+00 .3022E-01
.1111E+04 .5825E+00 .3115E+00 .2880E+00 .2012E-01
.1112E+04 .5834E+00 .3889E+00 .3588E+00 .2564E-01
.1113E+04 .5780E+00 .2520E+00 .2335E+00 .1586E-01
.1114E+04 .5840E+00 .2815E+00 .2607E+00 .1778E-01
.1115E+04 .5820E+00 .2346E+00 .2174E+00 .1471E-01
.1116E+04 .5750E+00 .1886E+00 .1753E+00 .1143E-01
.1117E+04 .5830E+00 .7405E-01 .6937E-01 .4058E-02
.1118E+04 .5722E+00 .2040E+00 .1894E+00 .1246E-01
.1119E+04 .5715E+00 .1057E+00 .9867E-01 .6082E-02
.1120E+04 .5685E+00 .1325E+00 .1237E+00 .7628E-02
.1121E+04 .5720E+00 .1738E+00 .1620E+00 .1021E-01
.1122E+04 .5750E+00 .7604E-01 .7125E-01 .4157E-02
.1123E+04 .5740E+00 .1197E+00 .1118E+00 .6853E-02
.1124E+04 .5725E+00 .1016E+00 .9486E-01 .5782E-02
.1125E+04 .5701E+00 .1349E+00 .1259E+00 .7773E-02
.1126E+04 .5530E+00 .4787E-01 .4502E-01 .2482E-02
.1127E+04 .5618E+00 .1471E+00 .1372E+00 .8482E-02
.1128E+04 .5683E+00 .9241E-01 .8662E-01 .5019E-02
.1129E+04 .5684E+00 .9870E-01 .9247E-01 .5394E-02
.1130E+04 .5640E+00 .6561E-01 .6163E-01 .3456E-02
.1131E+04 .5680E+00 .2772E+00 .2578E+00 .1672E-01
.1132E+04 .5700E+00 .2195E+00 .2044E+00 .1302E-01
.1133E+04 .5619E+00 .1433E+00 .1339E+00 .8074E-02
.1134E+04 .5635E+00 .3870E-01 .3647E-01 .1944E-02
.1135E+04 .5625E+00 .1435E-01 .1352E-01 .7229E-03
.1136E+04 .5648E+00 .1202E+00 .1126E+00 .6598E-02
.1137E+04 .5520E+00 .2699E+00 .2513E+00 .1600E-01
.1138E+04 .5440E+00 .1906E+00 .1777E+00 .1112E-01
.1139E+04 .5530E+00 .2807E+00 .2608E+00 .1713E-01
.1140E+04 .5557E+00 .2404E+00 .2238E+00 .1434E-01
.1141E+04 .5430E+00 .1814E+00 .1692E+00 .1052E-01
.1142E+04 .5553E+00 .2110E+00 .1966E+00 .1238E-01
.1143E+04 .5496E+00 .2930E+00 .2725E+00 .1757E-01
.1144E+04 .5450E+00 .1060E+00 .9922E-01 .5899E-02
.1145E+04 .5500E+00 .1366E+00 .1279E+00 .7540E-02
.1146E+04 .5541E+00 .1474E+00 .1380E+00 .8132E-02
.1147E+04 .5541E+00 .5497E-01 .5183E-01 .2741E-02
.1148E+04 .5503E+00 .2549E+00 .2373E+00 .1508E-01
.1149E+04 .5479E+00 .2052E+00 .1914E+00 .1187E-01
.1150E+04 .5462E+00 .1140E+00 .1067E+00 .6305E-02
.1151E+04 .5453E+00 .1908E+00 .1782E+00 .1088E-01
.1152E+04 .5417E+00 .2326E+00 .2169E+00 .1353E-01
.1153E+04 .5431E+00 .2240E+00 .2087E+00 .1316E-01
.1154E+04 .5465E+00 .1332E+00 .1249E+00 .7195E-02
.1155E+04 .5473E+00 .2947E+00 .2743E+00 .1750E-01
.1156E+04 .5402E+00 .2642E+00 .2462E+00 .1551E-01
.1157E+04 .5437E+00 .2961E+00 .2756E+00 .1759E-01
.1158E+04 .5433E+00 .2934E+00 .2732E+00 .1740E-01
.1159E+04 .5355E+00 .3174E+00 .2953E+00 .1899E-01
.1160E+04 .5293E+00 .2697E+00 .2512E+00 .1586E-01
.1161E+04 .5190E+00 .3274E+00 .3045E+00 .1969E-01
.1162E+04 .5334E+00 .3298E+00 .3068E+00 .1976E-01
.1163E+04 .5371E+00 .4413E+00 .4095E+00 .2721E-01
.1164E+04 .5268E+00 .3790E+00 .3522E+00 .2302E-01
.1165E+04 .5348E+00 .3640E+00 .3386E+00 .2183E-01
.1166E+04 .5223E+00 .3536E+00 .3288E+00 .2130E-01
.1167E+04 .5298E+00 .3867E+00 .3594E+00 .2342E-01
.1168E+04 .5341E+00 .3944E+00 .3666E+00 .2381E-01
.1169E+04 .5164E+00 .3980E+00 .3699E+00 .2409E-01
.1170E+04 .5287E+00 .4323E+00 .4016E+00 .2635E-01
.1171E+04 .5307E+00 .4222E+00 .3923E+00 .2564E-01
.1172E+04 .5306E+00 .4295E+00 .3990E+00 .2615E-01
.1173E+04 .5269E+00 .4302E+00 .3998E+00 .2609E-01
.1174E+04 .5276E+00 .3159E+00 .2944E+00 .1849E-01
.1175E+04 .5185E+00 .4265E+00 .3963E+00 .2586E-01
.1176E+04 .5104E+00 .4505E+00 .4183E+00 .2755E-01
.1177E+04 .5230E+00 .4455E+00 .4140E+00 .2702E-01
.1178E+04 .5170E+00 .3399E+00 .3166E+00 .2007E-01
.1179E+04 .5150E+00 .4571E+00 .4246E+00 .2782E-01
.1180E+04 .5220E+00 .4163E+00 .3872E+00 .2496E-01
.1181E+04 .5184E+00 .4294E+00 .3994E+00 .2576E-01
.1182E+04 .5174E+00 .3051E+00 .2845E+00 .1772E-01
.1183E+04 .4882E+00 .4143E+00 .3854E+00 .2485E-01
.1184E+04 .5110E+00 .3967E+00 .3693E+00 .2356E-01
.1185E+04 .5160E+00 .3848E+00 .3584E+00 .2268E-01
.1186E+04 .5152E+00 .4508E+00 .4193E+00 .2702E-01
.1187E+04 .5146E+00 .4308E+00 .4009E+00 .2563E-01
.1188E+04 .5101E+00 .3163E+00 .2952E+00 .1818E-01
.1189E+04 .4840E+00 .3929E+00 .3658E+00 .2325E-01
.1190E+04 .5058E+00 .4371E+00 .4068E+00 .2602E-01
.1191E+04 .5135E+00 .4219E+00 .3930E+00 .2484E-01
.1192E+04 .5118E+00 .4476E+00 .4166E+00 .2658E-01
.1193E+04 .5106E+00 .4295E+00 .4000E+00 .2537E-01
.1194E+04 .5113E+00 .4433E+00 .4128E+00 .2621E-01
.1195E+04 .5059E+00 .4223E+00 .3935E+00 .2477E-01
.1196E+04 .5056E+00 .4075E+00 .3799E+00 .2375E-01
.1197E+04 .5029E+00 .4512E+00 .4202E+00 .2665E-01
.1198E+04 .4922E+00 .4102E+00 .3823E+00 .2403E-01
.1199E+04 .4743E+00 .3449E+00 .3220E+00 .1980E-01
.1200E+04 .5000E+00 .4237E+00 .3950E+00 .2473E-01
.1201E+04 .5058E+00 .4134E+00 .3855E+00 .2396E-01
.1202E+04 .5070E+00 .4132E+00 .3854E+00 .2397E-01
.1203E+04 .4884E+00 .4101E+00 .3825E+00 .2375E-01
.1204E+04 .4870E+00 .3424E+00 .3199E+00 .1946E-01
.1205E+04 .5019E+00 .4130E+00 .3853E+00 .2388E-01
.1206E+04 .4987E+00 .4546E+00 .4238E+00 .2652E-01
.1207E+04 .5014E+00 .4061E+00 .3791E+00 .2329E-01
.1208E+04 .4896E+00 .4092E+00 .3819E+00 .2354E-01
.1209E+04 .4664E+00 .3916E+00 .3654E+00 .2253E-01
.1210E+04 .4922E+00 .4285E+00 .3999E+00 .2472E-01
.1211E+04 .4791E+00 .3987E+00 .3722E+00 .2283E-01
.1212E+04 .4906E+00 .4014E+00 .3749E+00 .2281E-01
.1213E+04 .4919E+00 .4439E+00 .4142E+00 .2556E-01
.1214E+04 .4893E+00 .4100E+00 .3829E+00 .2331E-01
.1215E+04 .4904E+00 .4039E+00 .3774E+00 .2289E-01
.1216E+04 .4888E+00 .4408E+00 .4115E+00 .2527E-01
.1217E+04 .4876E+00 .4304E+00 .4019E+00 .2456E-01
.1218E+04 .4860E+00 .4340E+00 .4053E+00 .2475E-01
.1219E+04 .4823E+00 .4222E+00 .3945E+00 .2396E-01
.1220E+04 .4843E+00 .4331E+00 .4045E+00 .2462E-01
.1221E+04 .4834E+00 .4400E+00 .4110E+00 .2504E-01
.1222E+04 .4813E+00 .4268E+00 .3988E+00 .2418E-01
.1223E+04 .4760E+00 .4199E+00 .3924E+00 .2372E-01
.1224E+04 .4822E+00 .4238E+00 .3961E+00 .2387E-01
.1225E+04 .4792E+00 .4373E+00 .4086E+00 .2473E-01
.1226E+04 .4803E+00 .4428E+00 .4138E+00 .2505E-01
.1227E+04 .4684E+00 .4094E+00 .3828E+00 .2294E-01
.1228E+04 .4744E+00 .4414E+00 .4125E+00 .2493E-01
.1229E+04 .4772E+00 .4420E+00 .4131E+00 .2489E-01
.1230E+04 .4750E+00 .4352E+00 .4069E+00 .2443E-01
.1231E+04 .4742E+00 .4466E+00 .4175E+00 .2515E-01
.1232E+04 .4690E+00 .4412E+00 .4125E+00 .2480E-01
.1233E+04 .4712E+00 .4295E+00 .4017E+00 .2397E-01
.1234E+04 .4695E+00 .4449E+00 .4160E+00 .2496E-01
.1235E+04 .4664E+00 .4401E+00 .4116E+00 .2463E-01
.1236E+04 .4686E+00 .4439E+00 .4152E+00 .2482E-01
.1237E+04 .4679E+00 .4385E+00 .4103E+00 .2443E-01
.1238E+04 .4675E+00 .4429E+00 .4144E+00 .2469E-01
.1239E+04 .4623E+00 .4380E+00 .4098E+00 .2437E-01
.1240E+04 .4597E+00 .4361E+00 .4081E+00 .2424E-01
.1241E+04 .4644E+00 .4373E+00 .4092E+00 .2423E-01
.1242E+04 .4617E+00 .4378E+00 .4098E+00 .2425E-01
.1243E+04 .4565E+00 .4332E+00 .4055E+00 .2396E-01
.1244E+04 .4554E+00 .4310E+00 .4035E+00 .2380E-01
.1245E+04 .4560E+00 .4323E+00 .4047E+00 .2383E-01
.1246E+04 .4587E+00 .4350E+00 .4073E+00 .2395E-01
.1247E+04 .4577E+00 .4331E+00 .4057E+00 .2380E-01
.1248E+04 .4608E+00 .4342E+00 .4067E+00 .2380E-01
.1249E+04 .4601E+00 .4353E+00 .4077E+00 .2384E-01
.1250E+04 .4586E+00 .4328E+00 .4055E+00 .2366E-01
.1251E+04 .4564E+00 .4286E+00 .4016E+00 .2337E-01
.1252E+04 .4520E+00 .4271E+00 .4002E+00 .2327E-01
.1253E+04 .4537E+00 .4240E+00 .3974E+00 .2303E-01
.1254E+04 .4536E+00 .4201E+00 .3939E+00 .2274E-01
.1255E+04 .4530E+00 .4269E+00 .4002E+00 .2314E-01
.1256E+04 .4519E+00 .4169E+00 .3910E+00 .2248E-01
.1257E+04 .4488E+00 .4123E+00 .3867E+00 .2218E-01
.1258E+04 .4512E+00 .4215E+00 .3953E+00 .2271E-01
.1259E+04 .4480E+00 .4046E+00 .3797E+00 .2164E-01
.1260E+04 .4502E+00 .4083E+00 .3832E+00 .2181E-01
.1261E+04 .4493E+00 .3896E+00 .3659E+00 .2062E-01
.1262E+04 .4425E+00 .3746E+00 .3519E+00 .1971E-01
.1263E+04 .4483E+00 .3789E+00 .3560E+00 .1990E-01
.1264E+04 .4420E+00 .3516E+00 .3306E+00 .1824E-01
.1265E+04 .4427E+00 .3746E+00 .3521E+00 .1962E-01
.1266E+04 .4462E+00 .3647E+00 .3429E+00 .1895E-01
.1267E+04 .4391E+00 .3675E+00 .3455E+00 .1915E-01
.1268E+04 .4359E+00 .3507E+00 .3299E+00 .1812E-01
.1269E+04 .4404E+00 .2327E+00 .2200E+00 .1115E-01
.1270E+04 .4421E+00 .3668E+00 .3450E+00 .1899E-01
.1271E+04 .4429E+00 .3865E+00 .3633E+00 .2016E-01
.1272E+04 .4413E+00 .3871E+00 .3639E+00 .2018E-01
.1273E+04 .4408E+00 .3847E+00 .3617E+00 .2000E-01
.1274E+04 .4381E+00 .3846E+00 .3616E+00 .1999E-01
.1275E+04 .4407E+00 .3905E+00 .3672E+00 .2030E-01
.1276E+04 .4419E+00 .3949E+00 .3713E+00 .2053E-01
.1277E+04 .4419E+00 .3978E+00 .3741E+00 .2068E-01
.1278E+04 .4407E+00 .4051E+00 .3809E+00 .2110E-01
.1279E+04 .4379E+00 .4022E+00 .3782E+00 .2091E-01
.1280E+04 .4354E+00 .3998E+00 .3760E+00 .2076E-01
.1281E+04 .4227E+00 .3916E+00 .3683E+00 .2033E-01
.1282E+04 .3759E+00 .3535E+00 .3324E+00 .1837E-01
.1283E+04 .4116E+00 .3860E+00 .3630E+00 .2002E-01
.1284E+04 .4267E+00 .3987E+00 .3750E+00 .2064E-01
.1285E+04 .4291E+00 .4018E+00 .3779E+00 .2078E-01
.1286E+04 .4288E+00 .4048E+00 .3808E+00 .2093E-01
.1287E+04 .4304E+00 .4000E+00 .3764E+00 .2060E-01
.1288E+04 .4268E+00 .3979E+00 .3744E+00 .2047E-01
.1289E+04 .4276E+00 .3876E+00 .3649E+00 .1981E-01
.1290E+04 .4185E+00 .3913E+00 .3683E+00 .2008E-01
.1291E+04 .4216E+00 .3961E+00 .3728E+00 .2031E-01
.1292E+04 .4228E+00 .3749E+00 .3531E+00 .1901E-01
.1293E+04 .4226E+00 .3911E+00 .3682E+00 .1995E-01
.1294E+04 .4161E+00 .3832E+00 .3608E+00 .1950E-01
.1295E+04 .4194E+00 .3836E+00 .3613E+00 .1945E-01
.1296E+04 .4198E+00 .3685E+00 .3472E+00 .1854E-01
.1297E+04 .4172E+00 .3512E+00 .3311E+00 .1754E-01
.1298E+04 .4126E+00 .3713E+00 .3499E+00 .1871E-01
.1299E+04 .4170E+00 .3873E+00 .3649E+00 .1960E-01
.1300E+04 .4154E+00 .3332E+00 .3144E+00 .1650E-01
.1301E+04 .4140E+00 .3433E+00 .3238E+00 .1704E-01
.1302E+04 .4096E+00 .3709E+00 .3496E+00 .1858E-01
.1303E+04 .4077E+00 .3281E+00 .3096E+00 .1620E-01
.1304E+04 .4063E+00 .2831E+00 .2675E+00 .1366E-01
.1305E+04 .4103E+00 .3639E+00 .3432E+00 .1812E-01
.1306E+04 .4104E+00 .3646E+00 .3439E+00 .1812E-01
.1307E+04 .4096E+00 .2898E+00 .2739E+00 .1401E-01
.1308E+04 .4087E+00 .3284E+00 .3100E+00 .1613E-01
.1309E+04 .4091E+00 .3639E+00 .3433E+00 .1798E-01
.1310E+04 .4071E+00 .2854E+00 .2697E+00 .1372E-01
.1311E+04 .4061E+00 .3163E+00 .2988E+00 .1540E-01
.1312E+04 .4031E+00 .3149E+00 .2974E+00 .1527E-01
.1313E+04 .3908E+00 .2972E+00 .2808E+00 .1434E-01
.1314E+04 .4027E+00 .2730E+00 .2582E+00 .1302E-01
.1315E+04 .3916E+00 .2708E+00 .2562E+00 .1284E-01
.1316E+04 .3942E+00 .3074E+00 .2905E+00 .1481E-01
.1317E+04 .4012E+00 .2960E+00 .2798E+00 .1419E-01
.1318E+04 .3955E+00 .3161E+00 .2987E+00 .1527E-01
.1319E+04 .4009E+00 .2544E+00 .2409E+00 .1190E-01
.1320E+04 .3988E+00 .2453E+00 .2322E+00 .1151E-01
.1321E+04 .3954E+00 .2832E+00 .2679E+00 .1342E-01
.1322E+04 .3954E+00 .2864E+00 .2711E+00 .1352E-01
.1323E+04 .3950E+00 .2205E+00 .2090E+00 .1009E-01
.1324E+04 .3952E+00 .2488E+00 .2357E+00 .1156E-01
.1325E+04 .3937E+00 .3057E+00 .2891E+00 .1452E-01
.1326E+04 .3923E+00 .2659E+00 .2518E+00 .1242E-01
.1327E+04 .3888E+00 .2524E+00 .2391E+00 .1172E-01
.1328E+04 .3906E+00 .2223E+00 .2107E+00 .1019E-01
.1329E+04 .3795E+00 .1681E+00 .1597E+00 .7456E-02
.1330E+04 .3855E+00 .2171E+00 .2060E+00 .9769E-02
.1331E+04 .3877E+00 .1368E+00 .1303E+00 .5846E-02
.1332E+04 .3785E+00 .1379E+00 .1312E+00 .5964E-02
.1333E+04 .3870E+00 .1921E+00 .1826E+00 .8415E-02
.1334E+04 .3868E+00 .1603E+00 .1523E+00 .7083E-02
.1335E+04 .3856E+00 .2191E+00 .2079E+00 .9854E-02
.1336E+04 .3823E+00 .1738E+00 .1651E+00 .7642E-02
.1337E+04 .3829E+00 .1557E+00 .1481E+00 .6754E-02
.1338E+04 .3809E+00 .1685E+00 .1603E+00 .7319E-02
.1339E+04 .3757E+00 .1674E+00 .1592E+00 .7292E-02
.1340E+04 .3744E+00 .1595E+00 .1516E+00 .6988E-02
.1341E+04 .3817E+00 .1612E+00 .1535E+00 .6917E-02
.1342E+04 .3802E+00 .1684E+00 .1603E+00 .7231E-02
.1343E+04 .3798E+00 .1199E+00 .1145E+00 .4819E-02
.1344E+04 .3799E+00 .7138E-01 .6821E-01 .2849E-02
.1345E+04 .3795E+00 .1029E+00 .9830E-01 .4153E-02
.1346E+04 .3755E+00 .5462E-01 .5243E-01 .2000E-02
.1347E+04 .3776E+00 .5639E-01 .5416E-01 .2034E-02
.1348E+04 .3766E+00 .4394E-02 .4264E-02 .1247E-03
.1349E+04 .3755E+00 .1502E-01 .1454E-01 .4576E-03
.1350E+04 .3708E+00 .1494E-01 .1443E-01 .4752E-03
.1351E+04 .3717E+00 .4271E-02 .4157E-02 .1108E-03
.1352E+04 .3753E+00 .1386E-02 .1357E-02 .2901E-04
.1353E+04 .3740E+00 .8695E-04 .8570E-04 .1415E-05
.1354E+04 .3729E+00 .2641E-03 .2593E-03 .5022E-05
.1355E+04 .3683E+00 .3224E-05 .3198E-05 .3666E-07
.1356E+04 .3688E+00 .4347E-04 .4287E-04 .6902E-06
.1357E+04 .3644E+00 .6495E-04 .6404E-04 .1038E-05
.1358E+04 .3700E+00 .3757E-05 .3725E-05 .4343E-07
.1359E+04 .3690E+00 .6510E-06 .6487E-06 .5007E-08
.1360E+04 .3646E+00 .1910E-05 .1898E-05 .1911E-07
.1361E+04 .3703E+00 .4211E-08 .4217E-08 .1600E-10
.1362E+04 .3694E+00 .1570E-10 .1575E-10 .3416E-13
.1363E+04 .3619E+00 .2811E-05 .2796E-05 .2514E-07
.1364E+04 .3668E+00 .1209E-05 .1203E-05 .1041E-07
.1365E+04 .3663E+00 .7822E-11 .7864E-11 .6214E-14
.1366E+04 .3659E+00 .1143E-04 .1135E-04 .1136E-06
.1367E+04 .3624E+00 .4452E-05 .4420E-05 .4676E-07
.1368E+04 .3656E+00 .1257E-12 .1264E-12 .1715E-16
.1369E+04 .3589E+00 .4595E-06 .4576E-06 .3817E-08
.1370E+04 .3591E+00 .2587E-06 .2580E-06 .1796E-08
.1371E+04 .3595E+00 .1740E-07 .1738E-07 .9460E-10
.1372E+04 .3631E+00 .2461E-05 .2444E-05 .2560E-07
.1373E+04 .3629E+00 .4007E-04 .3963E-04 .5469E-06
.1374E+04 .3629E+00 .1627E-03 .1604E-03 .2649E-05
.1375E+04 .3575E+00 .2937E-03 .2895E-03 .4780E-05
.1376E+04 .3535E+00 .2350E-03 .2310E-03 .4362E-05
.1377E+04 .3579E+00 .1118E-03 .1100E-03 .1989E-05
.1378E+04 .3565E+00 .1015E-02 .9959E-03 .1971E-04
.1379E+04 .3603E+00 .4754E-04 .4678E-04 .8346E-06
.1380E+04 .3568E+00 .7410E-04 .7307E-04 .1174E-05
.1381E+04 .3578E+00 .2145E-05 .2120E-05 .3015E-07
.1382E+04 .3527E+00 .2298E-05 .2284E-05 .2244E-07
.1383E+04 .3538E+00 .3923E-07 .3907E-07 .3219E-09
.1384E+04 .3559E+00 .5490E-06 .5472E-06 .4154E-08
.1385E+04 .3524E+00 .1881E-05 .1865E-05 .2197E-07
.1386E+04 .3549E+00 .2252E-05 .2241E-05 .1945E-07
.1387E+04 .3514E+00 .1804E-03 .1782E-03 .2616E-05
.1388E+04 .3528E+00 .3647E-05 .3605E-05 .5124E-07
.1389E+04 .3541E+00 .5305E-03 .5221E-03 .9265E-05
.1390E+04 .3474E+00 .4505E-03 .4434E-03 .7856E-05
.1391E+04 .3524E+00 .3135E-03 .3089E-03 .5234E-05
.1392E+04 .3518E+00 .2163E-04 .2134E-04 .3355E-06
.1393E+04 .3501E+00 .1058E-03 .1041E-03 .1810E-05
.1394E+04 .3476E+00 .6833E-04 .6764E-04 .8861E-06
.1395E+04 .3475E+00 .6033E-06 .5992E-06 .6202E-08
.1396E+04 .3494E+00 .5573E-08 .5578E-08 .2289E-10
.1397E+04 .3493E+00 .4470E-04 .4408E-04 .7077E-06
.1398E+04 .3495E+00 .1165E-02 .1145E-02 .2165E-04
.1399E+04 .3489E+00 .7449E-03 .7320E-03 .1383E-04
.1400E+04 .3390E+00 .2851E-08 .2858E-08 .8647E-11
.1401E+04 .3393E+00 .9303E-08 .9308E-08 .4194E-10
.1402E+04 .3441E+00 .1700E-02 .1660E-02 .3942E-04
.1403E+04 .3401E+00 .2201E-02 .2152E-02 .4902E-04
.1404E+04 .3411E+00 .6827E-03 .6682E-03 .1485E-04
.1405E+04 .3401E+00 .3268E-06 .3252E-06 .2855E-08
.1406E+04 .3416E+00 .1885E-02 .1848E-02 .3830E-04
.1407E+04 .3409E+00 .1611E-03 .1578E-03 .3377E-05
.1408E+04 .3401E+00 .1521E-02 .1491E-02 .3115E-04
.1409E+04 .3412E+00 .5682E-03 .5588E-03 .1018E-04
.1410E+04 .3405E+00 .4294E-03 .4215E-03 .8282E-05
.1411E+04 .3377E+00 .1958E-02 .1915E-02 .4342E-04
.1412E+04 .3292E+00 .2451E-02 .2393E-02 .5773E-04
.1413E+04 .3329E+00 .2190E-01 .2124E-01 .6298E-03
.1414E+04 .3370E+00 .3351E-03 .3290E-03 .6522E-05
.1415E+04 .3371E+00 .1688E-03 .1660E-03 .3075E-05
.1416E+04 .3350E+00 .3355E-01 .3240E-01 .1070E-02
.1417E+04 .3375E+00 .1102E-01 .1070E-01 .3087E-03
.1418E+04 .3377E+00 .1270E-01 .1234E-01 .3517E-03
.1419E+04 .3339E+00 .2005E-02 .1950E-02 .5320E-04
.1420E+04 .3327E+00 .7748E-02 .7528E-02 .2118E-03
.1421E+04 .3359E+00 .8583E-02 .8340E-02 .2334E-03
.1422E+04 .3287E+00 .4374E-01 .4224E-01 .1400E-02
.1423E+04 .3288E+00 .8686E-02 .8407E-02 .2626E-03
.1424E+04 .3277E+00 .1601E-01 .1549E-01 .4954E-03
.1425E+04 .3326E+00 .2436E-01 .2358E-01 .7411E-03
.1426E+04 .3231E+00 .2626E-01 .2537E-01 .8358E-03
.1427E+04 .3275E+00 .4699E-01 .4526E-01 .1594E-02
.1428E+04 .3304E+00 .4256E-02 .4148E-02 .1061E-03
.1429E+04 .3235E+00 .3599E-01 .3473E-01 .1171E-02
.1430E+04 .3228E+00 .5851E-01 .5631E-01 .2018E-02
.1431E+04 .3242E+00 .4759E-01 .4588E-01 .1580E-02
.1432E+04 .3311E+00 .2348E-02 .2294E-02 .5428E-04
.1433E+04 .3307E+00 .3396E-01 .3278E-01 .1104E-02
.1434E+04 .3251E+00 .1985E-01 .1917E-01 .6374E-03
.1435E+04 .3273E+00 .2018E-01 .1956E-01 .5881E-03
.1436E+04 .3266E+00 .3628E-01 .3507E-01 .1138E-02
.1437E+04 .3279E+00 .2827E-01 .2733E-01 .8855E-03
.1438E+04 .3260E+00 .1250E-01 .1212E-01 .3653E-03
.1439E+04 .3286E+00 .4836E-01 .4669E-01 .1549E-02
.1440E+04 .3127E+00 .3753E-01 .3624E-01 .1201E-02
.1441E+04 .3169E+00 .3006E-01 .2908E-01 .9195E-03
.1442E+04 .3158E+00 .3435E-01 .3322E-01 .1062E-02
.1443E+04 .3178E+00 .4276E-01 .4125E-01 .1400E-02
.1444E+04 .3191E+00 .5870E-01 .5658E-01 .1963E-02
.1445E+04 .3193E+00 .4716E-01 .4554E-01 .1511E-02
.1446E+04 .3214E+00 .2186E-01 .2114E-01 .6732E-03
.1447E+04 .3176E+00 .3429E-01 .3315E-01 .1068E-02
.1448E+04 .3210E+00 .1103E+00 .1060E+00 .3954E-02
.1449E+04 .3203E+00 .9730E-01 .9358E-01 .3410E-02
.1450E+04 .3177E+00 .2596E-01 .2510E-01 .8073E-03
.1451E+04 .3137E+00 .1065E-01 .1032E-01 .3137E-03
.1452E+04 .3135E+00 .5931E-01 .5716E-01 .1988E-02
.1453E+04 .3154E+00 .7804E-01 .7515E-01 .2664E-02
.1454E+04 .3128E+00 .1314E+00 .1262E+00 .4791E-02
.1455E+04 .3121E+00 .6302E-01 .6067E-01 .2164E-02
.1456E+04 .3096E+00 .8426E-01 .8114E-01 .2870E-02
.1457E+04 .3124E+00 .1116E+00 .1073E+00 .3967E-02
.1458E+04 .3161E+00 .1304E+00 .1252E+00 .4795E-02
.1459E+04 .3175E+00 .1559E+00 .1496E+00 .5725E-02
.1460E+04 .3137E+00 .8153E-01 .7839E-01 .2869E-02
.1461E+04 .3131E+00 .8604E-01 .8282E-01 .2959E-02
.1462E+04 .3102E+00 .1247E+00 .1198E+00 .4449E-02
.1463E+04 .3082E+00 .4113E-01 .3967E-01 .1354E-02
.1464E+04 .3082E+00 .1452E+00 .1393E+00 .5313E-02
.1465E+04 .3116E+00 .8927E-01 .8576E-01 .3200E-02
.1466E+04 .3070E+00 .6204E-01 .5983E-01 .2047E-02
.1467E+04 .3132E+00 .3420E-01 .3307E-01 .1055E-02
.1468E+04 .3075E+00 .7329E-01 .7063E-01 .2461E-02
.1469E+04 .3120E+00 .9045E-01 .8708E-01 .3101E-02
.1470E+04 .3101E+00 .4717E-01 .4558E-01 .1478E-02
.1471E+04 .3041E+00 .1691E-01 .1637E-01 .5054E-03
.1472E+04 .3058E+00 .4440E-01 .4292E-01 .1380E-02
.1473E+04 .3055E+00 .6684E-01 .6446E-01 .2206E-02
.1474E+04 .2971E+00 .9296E-01 .8943E-01 .3242E-02
.1475E+04 .3035E+00 .1767E+00 .1696E+00 .6498E-02
.1476E+04 .3037E+00 .6556E-01 .6319E-01 .2192E-02
.1477E+04 .3025E+00 .6642E-01 .6405E-01 .2189E-02
.1478E+04 .3023E+00 .6056E-01 .5834E-01 .2051E-02
.1479E+04 .3046E+00 .1147E+00 .1103E+00 .4041E-02
.1480E+04 .3063E+00 .5775E-01 .5571E-01 .1891E-02
.1481E+04 .3018E+00 .1101E+00 .1059E+00 .3842E-02
.1482E+04 .3046E+00 .5578E-01 .5376E-01 .1861E-02
.1483E+04 .2981E+00 .1420E+00 .1365E+00 .5052E-02
.1484E+04 .3017E+00 .1315E+00 .1264E+00 .4722E-02
.1485E+04 .3061E+00 .1195E+00 .1149E+00 .4210E-02
.1486E+04 .3017E+00 .1179E+00 .1134E+00 .4113E-02
.1487E+04 .2999E+00 .5772E-01 .5571E-01 .1865E-02
.1488E+04 .2653E+00 .8997E-01 .8658E-01 .3115E-02
.1489E+04 .2991E+00 .1816E+00 .1743E+00 .6636E-02
.1490E+04 .3009E+00 .1674E+00 .1607E+00 .6119E-02
.1491E+04 .3017E+00 .1895E+00 .1818E+00 .7038E-02
.1492E+04 .2977E+00 .1573E+00 .1511E+00 .5624E-02
.1493E+04 .3020E+00 .1738E+00 .1669E+00 .6290E-02
.1494E+04 .3019E+00 .1936E+00 .1858E+00 .7134E-02
.1495E+04 .3007E+00 .1749E+00 .1678E+00 .6384E-02
.1496E+04 .2914E+00 .1614E+00 .1550E+00 .5851E-02
.1497E+04 .2968E+00 .2180E+00 .2089E+00 .8209E-02
.1498E+04 .2995E+00 .1817E+00 .1744E+00 .6671E-02
.1499E+04 .2953E+00 .2086E+00 .2000E+00 .7742E-02
.1500E+04 .3008E+00 .2404E+00 .2304E+00 .9083E-02
.1501E+04 .2999E+00 .2537E+00 .2431E+00 .9591E-02
.1502E+04 .2974E+00 .2240E+00 .2147E+00 .8395E-02
.1503E+04 .2692E+00 .1772E+00 .1701E+00 .6498E-02
.1504E+04 .2832E+00 .1535E+00 .1475E+00 .5503E-02
.1505E+04 .2715E+00 .1754E+00 .1683E+00 .6402E-02
.1506E+04 .2837E+00 .2471E+00 .2367E+00 .9343E-02
.1507E+04 .2938E+00 .2437E+00 .2336E+00 .9151E-02
.1508E+04 .2903E+00 .2332E+00 .2236E+00 .8736E-02
.1509E+04 .2880E+00 .1783E+00 .1712E+00 .6456E-02
.1510E+04 .2939E+00 .2595E+00 .2487E+00 .9791E-02
.1511E+04 .2945E+00 .2535E+00 .2430E+00 .9504E-02
.1512E+04 .2885E+00 .2498E+00 .2394E+00 .9387E-02
.1513E+04 .2873E+00 .2314E+00 .2220E+00 .8567E-02
.1514E+04 .2850E+00 .2156E+00 .2069E+00 .7910E-02
.1515E+04 .2881E+00 .2549E+00 .2443E+00 .9568E-02
.1516E+04 .2872E+00 .2460E+00 .2359E+00 .9191E-02
.1517E+04 .2853E+00 .2390E+00 .2292E+00 .8869E-02
.1518E+04 .2897E+00 .2416E+00 .2317E+00 .8962E-02
.1519E+04 .2849E+00 .2338E+00 .2243E+00 .8629E-02
.1520E+04 .2879E+00 .2535E+00 .2431E+00 .9434E-02
.1521E+04 .2808E+00 .2642E+00 .2532E+00 .9938E-02
.1522E+04 .2803E+00 .2529E+00 .2425E+00 .9428E-02
.1523E+04 .2845E+00 .2690E+00 .2578E+00 .1010E-01
.1524E+04 .2846E+00 .2645E+00 .2536E+00 .9876E-02
.1525E+04 .2785E+00 .2480E+00 .2379E+00 .9191E-02
.1526E+04 .2860E+00 .2564E+00 .2460E+00 .9502E-02
.1527E+04 .2830E+00 .2516E+00 .2413E+00 .9313E-02
.1528E+04 .2849E+00 .2683E+00 .2572E+00 .1001E-01
.1529E+04 .2829E+00 .2617E+00 .2510E+00 .9712E-02
.1530E+04 .2673E+00 .2447E+00 .2347E+00 .9052E-02
.1531E+04 .2827E+00 .2588E+00 .2482E+00 .9570E-02
.1532E+04 .2826E+00 .2675E+00 .2565E+00 .9938E-02
.1533E+04 .2804E+00 .2663E+00 .2554E+00 .9886E-02
.1534E+04 .2754E+00 .2584E+00 .2479E+00 .9561E-02
.1535E+04 .2775E+00 .2564E+00 .2460E+00 .9452E-02
.1536E+04 .2806E+00 .2639E+00 .2532E+00 .9748E-02
.1537E+04 .2810E+00 .2627E+00 .2520E+00 .9680E-02
.1538E+04 .2734E+00 .2615E+00 .2508E+00 .9657E-02
.1539E+04 .2781E+00 .2623E+00 .2517E+00 .9652E-02
.1540E+04 .2686E+00 .2546E+00 .2443E+00 .9362E-02
.1541E+04 .2730E+00 .2586E+00 .2482E+00 .9494E-02
.1542E+04 .2754E+00 .2588E+00 .2484E+00 .9476E-02
.1543E+04 .2750E+00 .2616E+00 .2510E+00 .9582E-02
.1544E+04 .2772E+00 .2616E+00 .2511E+00 .9558E-02
.1545E+04 .2777E+00 .2664E+00 .2557E+00 .9745E-02
.1546E+04 .2772E+00 .2642E+00 .2536E+00 .9640E-02
.1547E+04 .2735E+00 .2626E+00 .2520E+00 .9579E-02
.1548E+04 .2670E+00 .2565E+00 .2462E+00 .9344E-02
.1549E+04 .2727E+00 .2629E+00 .2524E+00 .9571E-02
.1550E+04 .2696E+00 .2595E+00 .2491E+00 .9431E-02
.1551E+04 .2707E+00 .2602E+00 .2498E+00 .9439E-02
.1552E+04 .2740E+00 .2614E+00 .2510E+00 .9457E-02
.1553E+04 .2709E+00 .2609E+00 .2505E+00 .9442E-02
.1554E+04 .2649E+00 .2546E+00 .2445E+00 .9196E-02
.1555E+04 .2671E+00 .2573E+00 .2471E+00 .9287E-02
.1556E+04 .2629E+00 .2530E+00 .2430E+00 .9117E-02
.1557E+04 .2701E+00 .2603E+00 .2500E+00 .9366E-02
.1558E+04 .2681E+00 .2582E+00 .2480E+00 .9279E-02
.1559E+04 .2678E+00 .2578E+00 .2477E+00 .9251E-02
.1560E+04 .2655E+00 .2555E+00 .2455E+00 .9155E-02
.1561E+04 .2697E+00 .2597E+00 .2495E+00 .9292E-02
.1562E+04 .2683E+00 .2573E+00 .2472E+00 .9188E-02
.1563E+04 .2669E+00 .2565E+00 .2464E+00 .9147E-02
.1564E+04 .2631E+00 .2526E+00 .2427E+00 .8995E-02
.1565E+04 .2668E+00 .2570E+00 .2470E+00 .9147E-02
.1566E+04 .2626E+00 .2524E+00 .2426E+00 .8965E-02
.1567E+04 .2635E+00 .2530E+00 .2432E+00 .8972E-02
.1568E+04 .2604E+00 .2473E+00 .2378E+00 .8742E-02
.1569E+04 .2628E+00 .2447E+00 .2353E+00 .8606E-02
.1570E+04 .2607E+00 .2324E+00 .2236E+00 .8096E-02
.1571E+04 .2667E+00 .2259E+00 .2174E+00 .7787E-02
.1572E+04 .2669E+00 .2285E+00 .2199E+00 .7879E-02
.1573E+04 .2634E+00 .2249E+00 .2165E+00 .7743E-02
.1574E+04 .2622E+00 .2321E+00 .2233E+00 .8029E-02
.1575E+04 .2474E+00 .2305E+00 .2217E+00 .8038E-02
.1576E+04 .2603E+00 .2372E+00 .2282E+00 .8229E-02
.1577E+04 .2369E+00 .2076E+00 .1998E+00 .7141E-02
.1578E+04 .2572E+00 .2260E+00 .2176E+00 .7767E-02
.1579E+04 .2617E+00 .2275E+00 .2190E+00 .7792E-02
.1580E+04 .2638E+00 .2351E+00 .2263E+00 .8078E-02
.1581E+04 .2648E+00 .2390E+00 .2301E+00 .8220E-02
.1582E+04 .2541E+00 .2326E+00 .2238E+00 .8007E-02
.1583E+04 .2577E+00 .2380E+00 .2290E+00 .8195E-02
.1584E+04 .2545E+00 .2394E+00 .2304E+00 .8262E-02
.1585E+04 .2620E+00 .2487E+00 .2394E+00 .8587E-02
.1586E+04 .2582E+00 .2458E+00 .2366E+00 .8478E-02
.1587E+04 .2549E+00 .2432E+00 .2341E+00 .8382E-02
.1588E+04 .2505E+00 .2414E+00 .2323E+00 .8321E-02
.1589E+04 .2315E+00 .2234E+00 .2150E+00 .7691E-02
.1590E+04 .2415E+00 .2325E+00 .2238E+00 .7990E-02
.1591E+04 .2413E+00 .2326E+00 .2239E+00 .7987E-02
.1592E+04 .2529E+00 .2425E+00 .2335E+00 .8308E-02
.1593E+04 .2575E+00 .2484E+00 .2391E+00 .8505E-02
.1594E+04 .2564E+00 .2464E+00 .2372E+00 .8419E-02
.1595E+04 .2577E+00 .2483E+00 .2391E+00 .8478E-02
.1596E+04 .2445E+00 .2351E+00 .2264E+00 .8014E-02
.1597E+04 .2485E+00 .2374E+00 .2286E+00 .8071E-02
.1598E+04 .2563E+00 .2444E+00 .2354E+00 .8296E-02
.1599E+04 .2498E+00 .2327E+00 .2241E+00 .7853E-02
.1600E+04 .2526E+00 .2289E+00 .2205E+00 .7676E-02
.1601E+04 .2449E+00 .2146E+00 .2068E+00 .7142E-02
.1602E+04 .2486E+00 .2154E+00 .2077E+00 .7147E-02
.1603E+04 .2490E+00 .2153E+00 .2075E+00 .7129E-02
.1604E+04 .2500E+00 .2196E+00 .2117E+00 .7283E-02
.1605E+04 .2470E+00 .2277E+00 .2195E+00 .7610E-02
.1606E+04 .2475E+00 .2321E+00 .2237E+00 .7772E-02
.1607E+04 .2454E+00 .2240E+00 .2159E+00 .7452E-02
.1608E+04 .2500E+00 .2210E+00 .2131E+00 .7301E-02
.1609E+04 .2486E+00 .2185E+00 .2107E+00 .7201E-02
.1610E+04 .2331E+00 .2092E+00 .2017E+00 .6912E-02
.1611E+04 .2408E+00 .2181E+00 .2103E+00 .7207E-02
.1612E+04 .2412E+00 .2219E+00 .2139E+00 .7344E-02
.1613E+04 .2458E+00 .2281E+00 .2199E+00 .7552E-02
.1614E+04 .2435E+00 .2293E+00 .2210E+00 .7601E-02
.1615E+04 .2443E+00 .2318E+00 .2235E+00 .7686E-02
.1616E+04 .2325E+00 .2217E+00 .2137E+00 .7348E-02
.1617E+04 .2364E+00 .2257E+00 .2176E+00 .7471E-02
.1618E+04 .2442E+00 .2342E+00 .2258E+00 .7751E-02
.1619E+04 .2422E+00 .2318E+00 .2235E+00 .7657E-02
.1620E+04 .2341E+00 .2256E+00 .2175E+00 .7451E-02
.1621E+04 .2339E+00 .2254E+00 .2173E+00 .7435E-02
.1622E+04 .2370E+00 .2285E+00 .2203E+00 .7529E-02
.1623E+04 .2417E+00 .2332E+00 .2249E+00 .7677E-02
.1624E+04 .2424E+00 .2334E+00 .2252E+00 .7671E-02
.1625E+04 .2375E+00 .2288E+00 .2207E+00 .7509E-02
.1626E+04 .2396E+00 .2306E+00 .2224E+00 .7557E-02
.1627E+04 .2404E+00 .2316E+00 .2234E+00 .7583E-02
.1628E+04 .2415E+00 .2321E+00 .2239E+00 .7584E-02
.1629E+04 .2411E+00 .2322E+00 .2240E+00 .7582E-02
.1630E+04 .2366E+00 .2275E+00 .2195E+00 .7417E-02
.1631E+04 .2393E+00 .2290E+00 .2209E+00 .7448E-02
.1632E+04 .2388E+00 .2292E+00 .2211E+00 .7449E-02
.1633E+04 .2359E+00 .2238E+00 .2159E+00 .7249E-02
.1634E+04 .2328E+00 .2240E+00 .2162E+00 .7266E-02
.1635E+04 .2373E+00 .2247E+00 .2169E+00 .7258E-02
.1636E+04 .2368E+00 .2264E+00 .2186E+00 .7318E-02
.1637E+04 .2275E+00 .2184E+00 .2108E+00 .7055E-02
.1638E+04 .2271E+00 .2115E+00 .2042E+00 .6787E-02
.1639E+04 .2220E+00 .2120E+00 .2046E+00 .6822E-02
.1640E+04 .2257E+00 .2068E+00 .1997E+00 .6597E-02
.1641E+04 .2239E+00 .2113E+00 .2040E+00 .6768E-02
.1642E+04 .2240E+00 .2125E+00 .2052E+00 .6806E-02
.1643E+04 .2288E+00 .2069E+00 .1998E+00 .6560E-02
.1644E+04 .2257E+00 .2152E+00 .2078E+00 .6880E-02
.1645E+04 .2251E+00 .2099E+00 .2027E+00 .6675E-02
.1646E+04 .2290E+00 .2090E+00 .2019E+00 .6614E-02
.1647E+04 .2291E+00 .2192E+00 .2117E+00 .6986E-02
.1648E+04 .2290E+00 .2081E+00 .2010E+00 .6563E-02
.1649E+04 .2235E+00 .2104E+00 .2033E+00 .6671E-02
.1650E+04 .2284E+00 .2168E+00 .2094E+00 .6876E-02
.1651E+04 .2237E+00 .2003E+00 .1936E+00 .6277E-02
.1652E+04 .2280E+00 .2154E+00 .2081E+00 .6807E-02
.1653E+04 .2253E+00 .2145E+00 .2072E+00 .6780E-02
.1654E+04 .2265E+00 .2075E+00 .2005E+00 .6504E-02
.1655E+04 .2239E+00 .2140E+00 .2068E+00 .6754E-02
.1656E+04 .2261E+00 .2127E+00 .2055E+00 .6684E-02
.1657E+04 .2256E+00 .2139E+00 .2067E+00 .6724E-02
.1658E+04 .2253E+00 .2166E+00 .2093E+00 .6816E-02
.1659E+04 .2222E+00 .2130E+00 .2058E+00 .6691E-02
.1660E+04 .2241E+00 .2151E+00 .2078E+00 .6750E-02
.1661E+04 .2254E+00 .2156E+00 .2084E+00 .6754E-02
.1662E+04 .2242E+00 .2109E+00 .2039E+00 .6581E-02
.1663E+04 .2226E+00 .2142E+00 .2070E+00 .6701E-02
.1664E+04 .2225E+00 .2129E+00 .2058E+00 .6645E-02
.1665E+04 .2214E+00 .2037E+00 .1970E+00 .6306E-02
.1666E+04 .2185E+00 .1711E+00 .1657E+00 .5138E-02
.1667E+04 .2202E+00 .2027E+00 .1960E+00 .6259E-02
.1668E+04 .2162E+00 .2067E+00 .1998E+00 .6421E-02
.1669E+04 .2181E+00 .2073E+00 .2004E+00 .6426E-02
.1670E+04 .2221E+00 .2136E+00 .2065E+00 .6627E-02
.1671E+04 .2210E+00 .2108E+00 .2038E+00 .6522E-02
.1672E+04 .2121E+00 .2038E+00 .1971E+00 .6306E-02
.1673E+04 .2161E+00 .2085E+00 .2016E+00 .6448E-02
.1674E+04 .2191E+00 .2079E+00 .2010E+00 .6402E-02
.1675E+04 .2162E+00 .2059E+00 .1991E+00 .6336E-02
.1676E+04 .2132E+00 .2039E+00 .1972E+00 .6273E-02
.1677E+04 .2155E+00 .2046E+00 .1979E+00 .6281E-02
.1678E+04 .2158E+00 .2015E+00 .1949E+00 .6159E-02
.1679E+04 .2129E+00 .2054E+00 .1987E+00 .6308E-02
.1680E+04 .2064E+00 .1983E+00 .1918E+00 .6075E-02
.1681E+04 .1985E+00 .1874E+00 .1813E+00 .5717E-02
.1682E+04 .2034E+00 .1964E+00 .1900E+00 .6010E-02
.1683E+04 .2089E+00 .2016E+00 .1951E+00 .6162E-02
.1684E+04 .2120E+00 .1907E+00 .1845E+00 .5740E-02
.1685E+04 .2131E+00 .2057E+00 .1990E+00 .6270E-02
.1686E+04 .2103E+00 .2028E+00 .1962E+00 .6176E-02
.1687E+04 .2112E+00 .1974E+00 .1911E+00 .5972E-02
.1688E+04 .2108E+00 .2027E+00 .1961E+00 .6153E-02
.1689E+04 .2080E+00 .1999E+00 .1934E+00 .6060E-02
.1690E+04 .2085E+00 .1980E+00 .1916E+00 .5986E-02
.1691E+04 .2120E+00 .1856E+00 .1798E+00 .5530E-02
.1692E+04 .2121E+00 .1998E+00 .1933E+00 .6018E-02
.1693E+04 .2112E+00 .2039E+00 .1974E+00 .6160E-02
.1694E+04 .2107E+00 .1975E+00 .1912E+00 .5927E-02
.1695E+04 .2106E+00 .2023E+00 .1958E+00 .6092E-02
.1696E+04 .2096E+00 .2019E+00 .1954E+00 .6076E-02
.1697E+04 .2085E+00 .1739E+00 .1685E+00 .5105E-02
.1698E+04 .2088E+00 .2001E+00 .1937E+00 .6002E-02
.1699E+04 .2080E+00 .1983E+00 .1920E+00 .5939E-02
.1700E+04 .2054E+00 .1927E+00 .1866E+00 .5748E-02
.1702E+04 .2052E+00 .1968E+00 .1906E+00 .5877E-02
.1705E+04 .2043E+00 .1908E+00 .1848E+00 .5654E-02
.1710E+04 .1989E+00 .1811E+00 .1755E+00 .5319E-02
.1715E+04 .2019E+00 .1831E+00 .1774E+00 .5350E-02
.1720E+04 .1980E+00 .1805E+00 .1750E+00 .5253E-02
.1725E+04 .1969E+00 .1714E+00 .1662E+00 .4922E-02
.1730E+04 .1931E+00 .1681E+00 .1630E+00 .4806E-02
.1735E+04 .1820E+00 .1560E+00 .1513E+00 .4433E-02
.1740E+04 .1900E+00 .1624E+00 .1576E+00 .4585E-02
.1745E+04 .1862E+00 .1495E+00 .1452E+00 .4179E-02
.1750E+04 .1852E+00 .1596E+00 .1550E+00 .4459E-02
.1755E+04 .1851E+00 .1478E+00 .1436E+00 .4079E-02
.1760E+04 .1824E+00 .1538E+00 .1494E+00 .4239E-02
.1765E+04 .1814E+00 .1283E+00 .1247E+00 .3460E-02
.1770E+04 .1797E+00 .1369E+00 .1330E+00 .3678E-02
.1775E+04 .1760E+00 .1108E+00 .1078E+00 .2902E-02
.1780E+04 .1755E+00 .9696E-01 .9440E-01 .2491E-02
.1785E+04 .1741E+00 .7419E-01 .7231E-01 .1841E-02
.1790E+04 .1737E+00 .8570E-01 .8351E-01 .2137E-02
.1795E+04 .1710E+00 .4510E-01 .4408E-01 .1020E-02
.1800E+04 .1680E+00 .3062E-01 .2992E-01 .6987E-03
.1805E+04 .1688E+00 .1416E-01 .1390E-01 .2754E-03
.1810E+04 .1686E+00 .9259E-02 .9088E-02 .1800E-03
.1815E+04 .1550E+00 .3115E-02 .3072E-02 .4881E-04
.1820E+04 .1600E+00 .9330E-03 .9227E-03 .1258E-04
.1825E+04 .1626E+00 .1205E-02 .1191E-02 .1638E-04
.1830E+04 .1592E+00 .4835E-05 .4821E-05 .3504E-07
.1835E+04 .1576E+00 .5979E-05 .5945E-05 .5542E-07
.1840E+04 .1555E+00 .5783E-07 .5782E-07 .2866E-09
.1845E+04 .1529E+00 .5795E-05 .5790E-05 .3162E-07
.1850E+04 .1534E+00 .2771E-05 .2770E-05 .1416E-07
.1855E+04 .1513E+00 .2625E-06 .2624E-06 .1364E-08
.1860E+04 .1493E+00 .1043E-04 .1038E-04 .8811E-07
.1865E+04 .1471E+00 .1586E-04 .1581E-04 .1211E-06
.1870E+04 .1456E+00 .2429E-09 .2439E-09 .4045E-12
.1875E+04 .1323E+00 .4120E-09 .4136E-09 .7467E-12
.1880E+04 .1467E+00 .7300E-04 .7257E-04 .6887E-06
.1885E+04 .1457E+00 .4130E-04 .4109E-04 .3662E-06
.1890E+04 .1404E+00 .2108E-03 .2095E-03 .2026E-05
.1895E+04 .1384E+00 .1224E-03 .1216E-03 .1202E-05
.1900E+04 .1404E+00 .8056E-06 .8046E-06 .4667E-08
.1905E+04 .1390E+00 .5300E-06 .5292E-06 .3227E-08
.1910E+04 .1365E+00 .2170E-04 .2163E-04 .1640E-06
.1915E+04 .1361E+00 .1886E-04 .1877E-04 .1667E-06
.1920E+04 .1346E+00 .4286E-03 .4254E-03 .4572E-05
.1925E+04 .1345E+00 .8945E-03 .8858E-03 .1117E-04
.1930E+04 .1314E+00 .5276E-03 .5226E-03 .6483E-05
.1935E+04 .1324E+00 .3455E-02 .3410E-02 .5200E-04
.1940E+04 .1295E+00 .3163E-02 .3117E-02 .5147E-04
.1945E+04 .1195E+00 .1051E-01 .1034E-01 .1879E-03
.1950E+04 .1263E+00 .1622E-01 .1594E-01 .2991E-03
.1955E+04 .1283E+00 .9699E-02 .9557E-02 .1590E-03
.1960E+04 .1261E+00 .2126E-01 .2088E-01 .3991E-03
.1965E+04 .1229E+00 .2774E-01 .2723E-01 .5346E-03
.1970E+04 .1238E+00 .4754E-01 .4658E-01 .9831E-03
.1975E+04 .1215E+00 .6611E-01 .6469E-01 .1434E-02
.1980E+04 .1197E+00 .7292E-01 .7132E-01 .1614E-02
.1985E+04 .1190E+00 .8034E-01 .7855E-01 .1799E-02
.1990E+04 .1198E+00 .8348E-01 .8161E-01 .1867E-02
.1995E+04 .1168E+00 .7917E-01 .7743E-01 .1751E-02
.2000E+04 .1167E+00 .3717E-01 .3641E-01 .7827E-03
.2005E+04 .1150E+00 .1457E-01 .1432E-01 .2627E-03
.2010E+04 .1151E+00 .3875E-01 .3796E-01 .8087E-03
.2015E+04 .1140E+00 .2581E-01 .2533E-01 .5053E-03
.2020E+04 .1119E+00 .4380E-01 .4288E-01 .9357E-03
.2025E+04 .1118E+00 .7240E-01 .7071E-01 .1681E-02
.2030E+04 .1097E+00 .8290E-01 .8090E-01 .1973E-02
.2035E+04 .1091E+00 .9446E-01 .9212E-01 .2292E-02
.2040E+04 .1072E+00 .8775E-01 .8562E-01 .2100E-02
.2045E+04 .1076E+00 .8915E-01 .8699E-01 .2128E-02
.2050E+04 .1059E+00 .6653E-01 .6502E-01 .1507E-02
.2055E+04 .1047E+00 .5368E-01 .5252E-01 .1169E-02
.2060E+04 .1032E+00 .6776E-01 .6622E-01 .1536E-02
.2065E+04 .1018E+00 .6059E-01 .5925E-01 .1345E-02
.2070E+04 .1010E+00 .6427E-01 .6284E-01 .1438E-02
.2075E+04 .1010E+00 .7595E-01 .7420E-01 .1745E-02
.2080E+04 .9933E-01 .8518E-01 .8316E-01 .1998E-02
.2085E+04 .9830E-01 .8350E-01 .8154E-01 .1947E-02
.2090E+04 .9754E-01 .8744E-01 .8537E-01 .2050E-02
.2095E+04 .9599E-01 .8808E-01 .8600E-01 .2067E-02
.2100E+04 .9624E-01 .8451E-01 .8253E-01 .1965E-02
.2105E+04 .9575E-01 .9141E-01 .8925E-01 .2143E-02
.2110E+04 .9463E-01 .8794E-01 .8588E-01 .2045E-02
.2115E+04 .9385E-01 .8996E-01 .8784E-01 .2095E-02
.2120E+04 .9314E-01 .8591E-01 .8391E-01 .1982E-02
.2125E+04 .9218E-01 .8695E-01 .8493E-01 .2006E-02
.2130E+04 .9238E-01 .8808E-01 .8603E-01 .2029E-02
.2135E+04 .9112E-01 .8834E-01 .8629E-01 .2031E-02
.2140E+04 .9105E-01 .8905E-01 .8700E-01 .2042E-02
.2145E+04 .8994E-01 .8779E-01 .8577E-01 .2005E-02
.2150E+04 .8971E-01 .8300E-01 .8112E-01 .1872E-02
.2155E+04 .8888E-01 .8319E-01 .8132E-01 .1872E-02
.2160E+04 .8789E-01 .8254E-01 .8068E-01 .1852E-02
.2165E+04 .8200E-01 .7482E-01 .7316E-01 .1668E-02
.2170E+04 .8537E-01 .8041E-01 .7862E-01 .1793E-02
.2175E+04 .8576E-01 .7887E-01 .7713E-01 .1744E-02
.2180E+04 .8464E-01 .8022E-01 .7845E-01 .1775E-02
.2185E+04 .8468E-01 .7308E-01 .7150E-01 .1593E-02
.2190E+04 .8314E-01 .7753E-01 .7584E-01 .1698E-02
.2195E+04 .8347E-01 .7743E-01 .7575E-01 .1688E-02
.2200E+04 .8279E-01 .6959E-01 .6812E-01 .1486E-02
.2205E+04 .8090E-01 .7246E-01 .7093E-01 .1558E-02
.2210E+04 .8081E-01 .7780E-01 .7614E-01 .1685E-02
.2215E+04 .8041E-01 .7474E-01 .7316E-01 .1603E-02
.2220E+04 .7999E-01 .7621E-01 .7460E-01 .1634E-02
.2225E+04 .7884E-01 .7398E-01 .7242E-01 .1576E-02
.2230E+04 .7840E-01 .7428E-01 .7273E-01 .1578E-02
.2235E+04 .7793E-01 .7283E-01 .7132E-01 .1537E-02
.2240E+04 .7651E-01 .7168E-01 .7020E-01 .1507E-02
.2245E+04 .7625E-01 .6940E-01 .6798E-01 .1445E-02
.2250E+04 .7537E-01 .7057E-01 .6913E-01 .1471E-02
.2255E+04 .7434E-01 .6630E-01 .6497E-01 .1364E-02
.2260E+04 .7409E-01 .6557E-01 .6426E-01 .1342E-02
.2265E+04 .7328E-01 .6684E-01 .6551E-01 .1369E-02
.2270E+04 .7310E-01 .6353E-01 .6229E-01 .1285E-02
.2275E+04 .7263E-01 .6269E-01 .6147E-01 .1261E-02
.2280E+04 .7139E-01 .6504E-01 .6376E-01 .1315E-02
.2285E+04 .7138E-01 .6178E-01 .6059E-01 .1232E-02
.2290E+04 .7119E-01 .6194E-01 .6075E-01 .1231E-02
.2295E+04 .6930E-01 .6001E-01 .5887E-01 .1187E-02
.2300E+04 .6964E-01 .5754E-01 .5646E-01 .1123E-02
.2305E+04 .6940E-01 .5791E-01 .5683E-01 .1128E-02
.2310E+04 .6890E-01 .6271E-01 .6152E-01 .1235E-02
.2315E+04 .6815E-01 .5692E-01 .5587E-01 .1099E-02
.2320E+04 .6763E-01 .5082E-01 .4991E-01 .9617E-03
.2325E+04 .6556E-01 .5515E-01 .5414E-01 .1060E-02
.2330E+04 .6622E-01 .5569E-01 .5467E-01 .1062E-02
.2335E+04 .6572E-01 .5683E-01 .5580E-01 .1085E-02
.2340E+04 .6522E-01 .4479E-01 .4401E-01 .8233E-03
.2345E+04 .6510E-01 .5025E-01 .4937E-01 .9326E-03
.2350E+04 .6434E-01 .4054E-01 .3985E-01 .7331E-03
.2355E+04 .6260E-01 .4639E-01 .4560E-01 .8482E-03
.2360E+04 .6307E-01 .4915E-01 .4830E-01 .9016E-03
.2365E+04 .6301E-01 .4843E-01 .4760E-01 .8874E-03
.2370E+04 .6239E-01 .2989E-01 .2943E-01 .5071E-03
.2375E+04 .6141E-01 .4314E-01 .4242E-01 .7697E-03
.2380E+04 .6181E-01 .4170E-01 .4101E-01 .7403E-03
.2385E+04 .5913E-01 .3013E-01 .2966E-01 .5136E-03
.2390E+04 .6036E-01 .3589E-01 .3532E-01 .6214E-03
.2395E+04 .6007E-01 .3937E-01 .3874E-01 .6841E-03
.2400E+04 .5974E-01 .4292E-01 .4223E-01 .7495E-03
.2405E+04 .5944E-01 .3292E-01 .3240E-01 .5590E-03
.2410E+04 .5915E-01 .3315E-01 .3264E-01 .5589E-03
.2415E+04 .5698E-01 .2676E-01 .2636E-01 .4387E-03
.2420E+04 .5782E-01 .2607E-01 .2569E-01 .4273E-03
.2425E+04 .5733E-01 .3245E-01 .3196E-01 .5376E-03
.2430E+04 .5719E-01 .4378E-01 .4310E-01 .7419E-03
.2435E+04 .5647E-01 .1458E-01 .1438E-01 .2231E-03
.2440E+04 .5627E-01 .4252E-01 .4187E-01 .7153E-03
.2445E+04 .5556E-01 .2041E-01 .2013E-01 .3173E-03
.2450E+04 .5459E-01 .1334E-01 .1317E-01 .1977E-03
.2455E+04 .5416E-01 .2441E-01 .2407E-01 .3829E-03
.2460E+04 .5451E-01 .3281E-01 .3234E-01 .5221E-03
.2465E+04 .5430E-01 .2373E-01 .2341E-01 .3619E-03
.2470E+04 .5340E-01 .1641E-01 .1621E-01 .2367E-03
.2475E+04 .5337E-01 .1614E-01 .1595E-01 .2300E-03
.2480E+04 .5210E-01 .7871E-02 .7784E-02 .1055E-03
.2485E+04 .5177E-01 .5485E-02 .5432E-02 .6810E-04
.2490E+04 .5222E-01 .3425E-02 .3396E-02 .3896E-04
.2495E+04 .4889E-01 .2807E-02 .2784E-02 .3180E-04
.2500E+04 .5138E-01 .6905E-02 .6838E-02 .8475E-04
.2505E+04 .5082E-01 .1480E-02 .1467E-02 .1685E-04
.2510E+04 .4960E-01 .2161E-02 .2142E-02 .2490E-04
.2515E+04 .4876E-01 .5038E-03 .5003E-03 .5118E-05
.2520E+04 .4814E-01 .3577E-03 .3563E-03 .2765E-05
.2525E+04 .4765E-01 .3977E-04 .3961E-04 .3099E-06
.2530E+04 .4770E-01 .6021E-06 .6034E-06 .1820E-08
.2535E+04 .4712E-01 .1649E-06 .1654E-06 .3696E-09
.2540E+04 .4677E-01 .3562E-06 .3571E-06 .9363E-09
.2545E+04 .4661E-01 .5010E-10 .5034E-10 .5017E-13
.2550E+04 .4626E-01 .2570E-12 .2584E-12 .1294E-15
.2555E+04 .4593E-01 .9726E-09 .9772E-09 .1003E-11
.2560E+04 .4540E-01 .2890E-10 .2903E-10 .3061E-13
.2565E+04 .4516E-01 .1461E-13 .1470E-13 .1185E-17
.2570E+04 .4485E-01 .1368E-17 .1376E-17 .3281E-22
.2575E+04 .4448E-01 .9268E-27 .9321E-27 .1770E-32
.2580E+04 .4410E-01 .3348E-21 .3368E-21 .1998E-26
.2585E+04 .4327E-01 .1427E-33 .1435E-33 .3457E-40
.2590E+04 .4341E-01 .4599E-30 .4625E-30 .2255E-36
.2595E+04 .4304E-01 .1967E-32 .1978E-32 .4906E-38
.2600E+04 .4291E-01 .3814E-27 .3836E-27 .3821E-33
.2605E+04 .4280E-01 .4913E-34 .4942E-34 .4225E-40
.2610E+04 .4250E-01 .4941E-33 .4969E-33 .1353E-39
.2615E+04 .4228E-01 .9186E-37 .9239E-37 .1121E-43
.2620E+04 .4190E-01 .4882E-28 .4910E-28 .1430E-33
.2625E+04 .4058E-01 .3272E-27 .3291E-27 .2442E-33
.2630E+04 .4116E-01 .1401E-44 .1401E-44 .0000E+00
.2635E+04 .4096E-01 .3535E-15 .3556E-15 .1620E-19
.2640E+04 .4022E-01 .1055E-15 .1061E-15 .3423E-20
.2645E+04 .4018E-01 .8026E-18 .8073E-18 .1460E-22
.2650E+04 .3996E-01 .1261E-18 .1269E-18 .1399E-23
.2655E+04 .3959E-01 .1121E-26 .1128E-26 .1490E-32
.2660E+04 .3948E-01 .2276E-24 .2289E-24 .1162E-29
.2665E+04 .3895E-01 .9304E-37 .9358E-37 .3083E-43
.2670E+04 .3910E-01 .0000E+00 .0000E+00 .0000E+00
.2675E+04 .3861E-01 .0000E+00 .0000E+00 .0000E+00
.2680E+04 .3843E-01 .0000E+00 .0000E+00 .0000E+00
.2685E+04 .3816E-01 .0000E+00 .0000E+00 .0000E+00
.2690E+04 .3779E-01 .8902E-29 .8954E-29 .3287E-35
.2695E+04 .3746E-01 .6264E-32 .6301E-32 .3308E-38
.2700E+04 .3712E-01 .0000E+00 .0000E+00 .0000E+00
.2705E+04 .3693E-01 .2643E-41 .2658E-41 .0000E+00
.2710E+04 .3668E-01 .1008E-34 .1014E-34 .2508E-41
.2715E+04 .3656E-01 .3380E-25 .3400E-25 .3415E-31
.2720E+04 .3638E-01 .4204E-44 .4204E-44 .0000E+00
.2725E+04 .3613E-01 .6580E-21 .6618E-21 .9890E-26
.2730E+04 .3601E-01 .5427E-18 .5458E-18 .4245E-23
.2735E+04 .3574E-01 .4914E-20 .4943E-20 .4102E-25
.2740E+04 .3553E-01 .2080E-26 .2092E-26 .1055E-31
.2745E+04 .3538E-01 .1167E-22 .1173E-22 .6474E-28
.2750E+04 .3518E-01 .1492E-27 .1500E-27 .1083E-33
.2755E+04 .3486E-01 .6166E-43 .6166E-43 .0000E+00
.2760E+04 .3455E-01 .0000E+00 .0000E+00 .0000E+00
.2765E+04 .3440E-01 .2409E-26 .2423E-26 .5149E-32
.2770E+04 .3426E-01 .7583E-23 .7627E-23 .3218E-28
.2775E+04 .3393E-01 .3694E-37 .3715E-37 .0000E+00
.2780E+04 .3364E-01 .4520E-33 .4546E-33 .3527E-40
.2785E+04 .3342E-01 .3596E-26 .3617E-26 .5119E-32
.2790E+04 .3320E-01 .1138E-15 .1144E-15 .2183E-20
.2795E+04 .3293E-01 .3361E-15 .3380E-15 .5869E-20
.2800E+04 .3276E-01 .1564E-11 .1573E-11 .1335E-15
.2805E+04 .3253E-01 .6402E-13 .6439E-13 .1045E-16
.2810E+04 .3242E-01 .3843E-09 .3863E-09 .2574E-12
.2815E+04 .3226E-01 .2739E-09 .2752E-09 .2298E-12
.2820E+04 .3206E-01 .1950E-10 .1960E-10 .1387E-13
.2825E+04 .3184E-01 .1690E-06 .1696E-06 .3545E-09
.2830E+04 .3170E-01 .3775E-05 .3781E-05 .1352E-07
.2835E+04 .3145E-01 .2017E-09 .2027E-09 .1832E-12
.2840E+04 .3118E-01 .1888E-06 .1893E-06 .5307E-09
.2845E+04 .3095E-01 .3957E-04 .3954E-04 .2145E-06
.2850E+04 .3068E-01 .1116E-05 .1118E-05 .3701E-08
.2855E+04 .3043E-01 .4317E-06 .4318E-06 .2001E-08
.2860E+04 .3016E-01 .2439E-04 .2437E-04 .1318E-06
.2865E+04 .2996E-01 .1617E-03 .1614E-03 .1064E-05
.2870E+04 .2960E-01 .6075E-05 .6078E-05 .2623E-07
.2875E+04 .2940E-01 .3827E-03 .3812E-03 .2942E-05
.2880E+04 .2940E-01 .2406E-03 .2395E-03 .1993E-05
.2885E+04 .2922E-01 .4410E-03 .4392E-03 .3459E-05
.2890E+04 .2907E-01 .1814E-03 .1805E-03 .1513E-05
.2895E+04 .2896E-01 .2621E-02 .2602E-02 .2751E-04
.2900E+04 .2881E-01 .7984E-03 .7935E-03 .7625E-05
.2905E+04 .2867E-01 .1086E-03 .1081E-03 .8572E-06
.2910E+04 .2850E-01 .2694E-02 .2673E-02 .2920E-04
.2915E+04 .2822E-01 .1242E-02 .1234E-02 .1224E-04
.2920E+04 .2804E-01 .2867E-02 .2844E-02 .3123E-04
.2925E+04 .2778E-01 .1072E-02 .1064E-02 .1108E-04
.2930E+04 .2757E-01 .5841E-02 .5787E-02 .6948E-04
.2935E+04 .2733E-01 .6446E-02 .6386E-02 .7734E-04
.2940E+04 .2714E-01 .1609E-02 .1597E-02 .1691E-04
.2945E+04 .2684E-01 .1432E-02 .1422E-02 .1456E-04
.2950E+04 .2668E-01 .5187E-02 .5141E-02 .6109E-04
.2955E+04 .2656E-01 .2317E-02 .2297E-02 .2716E-04
.2960E+04 .2638E-01 .4559E-02 .4517E-02 .5456E-04
.2965E+04 .2626E-01 .7393E-02 .7318E-02 .9410E-04
.2970E+04 .2612E-01 .3479E-03 .3456E-03 .3472E-05
.2975E+04 .2601E-01 .8440E-03 .8378E-03 .8857E-05
.2980E+04 .2580E-01 .1323E-02 .1313E-02 .1403E-04
.2985E+04 .2569E-01 .6919E-02 .6848E-02 .8800E-04
.2990E+04 .2554E-01 .1023E-01 .1012E-01 .1385E-03
.2995E+04 .2540E-01 .4244E-02 .4204E-02 .5157E-04
.3000E+04 .2525E-01 .7807E-02 .7723E-02 .1024E-03
.3005E+04 .2512E-01 .2868E-02 .2842E-02 .3400E-04
.3010E+04 .2498E-01 .6816E-02 .6743E-02 .8943E-04
.3015E+04 .2486E-01 .5520E-02 .5466E-02 .6919E-04
.3020E+04 .2466E-01 .6251E-03 .6212E-03 .5981E-05
.3025E+04 .2454E-01 .7471E-02 .7390E-02 .9834E-04
.3030E+04 .2442E-01 .6045E-02 .5982E-02 .7809E-04
.3035E+04 .2421E-01 .2481E-02 .2458E-02 .2955E-04
.3040E+04 .2393E-01 .2008E-02 .1990E-02 .2327E-04
.3045E+04 .2402E-01 .4181E-02 .4142E-02 .5073E-04
.3050E+04 .2395E-01 .1022E-02 .1013E-02 .1124E-04
.3055E+04 .2386E-01 .2854E-03 .2837E-03 .2709E-05
.3060E+04 .2376E-01 .6274E-02 .6207E-02 .8201E-04
.3065E+04 .2354E-01 .2890E-02 .2864E-02 .3424E-04
.3070E+04 .2344E-01 .1733E-02 .1719E-02 .1913E-04
.3075E+04 .2335E-01 .5996E-02 .5932E-02 .7800E-04
.3080E+04 .2315E-01 .3602E-02 .3567E-02 .4513E-04
.3085E+04 .2295E-01 .1752E-02 .1737E-02 .1966E-04
.3090E+04 .2280E-01 .2361E-02 .2341E-02 .2701E-04
.3095E+04 .2263E-01 .6474E-03 .6430E-03 .6515E-05
.3100E+04 .2243E-01 .4379E-02 .4334E-02 .5566E-04
.3105E+04 .2228E-01 .9133E-03 .9058E-03 .1016E-04
.3110E+04 .2211E-01 .8358E-03 .8301E-03 .8452E-05
.3115E+04 .2177E-01 .2250E-02 .2231E-02 .2624E-04
.3120E+04 .2174E-01 .9791E-02 .9680E-02 .1338E-03
.3125E+04 .2158E-01 .3013E-02 .2982E-02 .3843E-04
.3130E+04 .2145E-01 .5744E-02 .5679E-02 .7820E-04
.3135E+04 .2136E-01 .1142E-01 .1128E-01 .1608E-03
.3140E+04 .2118E-01 .3304E-02 .3271E-02 .4171E-04
.3145E+04 .2107E-01 .3235E-02 .3202E-02 .4128E-04
.3150E+04 .2088E-01 .6641E-02 .6568E-02 .8943E-04
.3155E+04 .2083E-01 .5615E-02 .5553E-02 .7555E-04
.3160E+04 .2073E-01 .9182E-02 .9075E-02 .1275E-03
.3165E+04 .2066E-01 .1395E-01 .1377E-01 .2056E-03
.3170E+04 .2052E-01 .1248E-01 .1233E-01 .1828E-03
.3175E+04 .2047E-01 .9153E-02 .9045E-02 .1284E-03
.3180E+04 .2032E-01 .1060E-01 .1047E-01 .1535E-03
.3185E+04 .2024E-01 .7968E-02 .7879E-02 .1073E-03
.3190E+04 .2019E-01 .4215E-02 .4169E-02 .5598E-04
.3195E+04 .2008E-01 .2641E-02 .2618E-02 .3079E-04
.3200E+04 .1994E-01 .4303E-03 .4275E-03 .4228E-05
.3205E+04 .1986E-01 .3024E-03 .3008E-03 .2750E-05
.3210E+04 .1976E-01 .1325E-03 .1318E-03 .1144E-05
.3215E+04 .1962E-01 .4883E-03 .4852E-03 .4785E-05
.3220E+04 .1954E-01 .1568E-02 .1555E-02 .1739E-04
.3225E+04 .1942E-01 .1957E-03 .1944E-03 .1958E-05
.3230E+04 .1938E-01 .3316E-03 .3294E-03 .3304E-05
.3235E+04 .1926E-01 .7243E-02 .7160E-02 .9946E-04
.3240E+04 .1921E-01 .3657E-02 .3622E-02 .4494E-04
.3245E+04 .1910E-01 .7255E-03 .7192E-03 .8371E-05
.3250E+04 .1909E-01 .2550E-02 .2524E-02 .3190E-04
.3255E+04 .1890E-01 .9881E-02 .9760E-02 .1415E-03
.3260E+04 .1880E-01 .1193E-02 .1183E-02 .1360E-04
.3265E+04 .1870E-01 .2425E-02 .2402E-02 .2995E-04
.3270E+04 .1860E-01 .1190E-02 .1179E-02 .1405E-04
.3275E+04 .1848E-01 .5910E-02 .5833E-02 .8867E-04
.3280E+04 .1837E-01 .2822E-02 .2791E-02 .3734E-04
.3285E+04 .1832E-01 .1111E-01 .1096E-01 .1689E-03
.3290E+04 .1826E-01 .8682E-02 .8572E-02 .1279E-03
.3295E+04 .1803E-01 .1214E-02 .1202E-02 .1528E-04
.3300E+04 .1792E-01 .1759E-02 .1740E-02 .2300E-04
.3305E+04 .1786E-01 .3915E-02 .3871E-02 .5322E-04
.3310E+04 .1770E-01 .3837E-02 .3795E-02 .5071E-04
.3315E+04 .1760E-01 .1315E-04 .1315E-04 .6576E-07
.3320E+04 .1730E-01 .5567E-04 .5545E-04 .4345E-06
.3325E+04 .1728E-01 .3416E-02 .3382E-02 .4316E-04
.3330E+04 .1713E-01 .4633E-02 .4576E-02 .6628E-04
.3335E+04 .1703E-01 .8977E-02 .8864E-02 .1311E-03
.3340E+04 .1685E-01 .3445E-02 .3406E-02 .4727E-04
.3345E+04 .1678E-01 .3484E-02 .3446E-02 .4625E-04
.3350E+04 .1660E-01 .8013E-02 .7912E-02 .1179E-03
.3355E+04 .1650E-01 .3575E-02 .3537E-02 .4712E-04
.3360E+04 .1636E-01 .5210E-02 .5148E-02 .7327E-04
.3365E+04 .1629E-01 .7167E-02 .7076E-02 .1054E-03
.3370E+04 .1618E-01 .3855E-02 .3814E-02 .5063E-04
.3375E+04 .1611E-01 .8444E-02 .8335E-02 .1257E-03
.3380E+04 .1601E-01 .4995E-02 .4939E-02 .6782E-04
.3385E+04 .1598E-01 .7461E-02 .7366E-02 .1096E-03
.3390E+04 .1590E-01 .9763E-02 .9637E-02 .1460E-03
.3395E+04 .1580E-01 .9497E-02 .9372E-02 .1432E-03
.3400E+04 .1564E-01 .1252E-01 .1234E-01 .1968E-03
.3405E+04 .1565E-01 .4363E-02 .4314E-02 .5873E-04
.3410E+04 .1554E-01 .7071E-02 .6980E-02 .1048E-03
.3415E+04 .1547E-01 .7161E-02 .7073E-02 .1032E-03
.3420E+04 .1543E-01 .1319E-01 .1300E-01 .2105E-03
.3425E+04 .1532E-01 .9909E-02 .9778E-02 .1504E-03
.3430E+04 .1522E-01 .8577E-02 .8467E-02 .1272E-03
.3435E+04 .1515E-01 .1157E-01 .1141E-01 .1829E-03
.3440E+04 .1505E-01 .7930E-02 .7829E-02 .1167E-03
.3445E+04 .1502E-01 .1128E-01 .1112E-01 .1769E-03
.3450E+04 .1492E-01 .1111E-01 .1096E-01 .1738E-03
.3455E+04 .1488E-01 .8244E-02 .8136E-02 .1241E-03
.3460E+04 .1480E-01 .1253E-01 .1235E-01 .2009E-03
.3465E+04 .1476E-01 .9741E-02 .9610E-02 .1494E-03
.3470E+04 .1466E-01 .1229E-01 .1211E-01 .1973E-03
.3475E+04 .1456E-01 .1091E-01 .1076E-01 .1715E-03
.3480E+04 .1448E-01 .1118E-01 .1103E-01 .1766E-03
.3485E+04 .1445E-01 .1210E-01 .1192E-01 .1940E-03
.3490E+04 .1436E-01 .1037E-01 .1023E-01 .1622E-03
.3495E+04 .1432E-01 .1227E-01 .1209E-01 .1978E-03
.3500E+04 .1423E-01 .1192E-01 .1175E-01 .1916E-03
.3505E+04 .1415E-01 .1183E-01 .1166E-01 .1900E-03
.3510E+04 .1405E-01 .1197E-01 .1180E-01 .1929E-03
.3515E+04 .1402E-01 .1151E-01 .1134E-01 .1844E-03
.3520E+04 .1393E-01 .1215E-01 .1197E-01 .1968E-03
.3525E+04 .1389E-01 .1143E-01 .1126E-01 .1837E-03
.3530E+04 .1380E-01 .1113E-01 .1097E-01 .1783E-03
.3535E+04 .1376E-01 .9417E-02 .9287E-02 .1468E-03
.3540E+04 .1367E-01 .8983E-02 .8860E-02 .1391E-03
.3545E+04 .1366E-01 .9499E-02 .9367E-02 .1483E-03
.3550E+04 .1357E-01 .1053E-01 .1038E-01 .1680E-03
.3555E+04 .1345E-01 .9042E-02 .8917E-02 .1411E-03
.3560E+04 .1336E-01 .1079E-01 .1063E-01 .1732E-03
.3565E+04 .1336E-01 .1083E-01 .1067E-01 .1741E-03
.3570E+04 .1325E-01 .8336E-02 .8220E-02 .1308E-03
.3575E+04 .1318E-01 .8619E-02 .8498E-02 .1358E-03
.3580E+04 .1308E-01 .1017E-01 .1002E-01 .1646E-03
.3585E+04 .1305E-01 .9136E-02 .9008E-02 .1442E-03
.3590E+04 .1298E-01 .9449E-02 .9314E-02 .1510E-03
.3595E+04 .1294E-01 .9677E-02 .9537E-02 .1554E-03
.3600E+04 .1285E-01 .1028E-01 .1013E-01 .1666E-03
.3605E+04 .1283E-01 .1034E-01 .1019E-01 .1673E-03
.3610E+04 .1274E-01 .9474E-02 .9338E-02 .1516E-03
.3615E+04 .1272E-01 .9497E-02 .9360E-02 .1528E-03
.3620E+04 .1264E-01 .1163E-01 .1145E-01 .1916E-03
.3625E+04 .1261E-01 .1023E-01 .1008E-01 .1649E-03
.3630E+04 .1251E-01 .9966E-02 .9822E-02 .1605E-03
.3635E+04 .1249E-01 .1031E-01 .1016E-01 .1666E-03
.3640E+04 .1240E-01 .1149E-01 .1132E-01 .1887E-03
.3645E+04 .1236E-01 .1058E-01 .1043E-01 .1712E-03
.3650E+04 .1228E-01 .1012E-01 .9973E-02 .1630E-03
.3655E+04 .1222E-01 .1100E-01 .1083E-01 .1797E-03
.3660E+04 .1215E-01 .1092E-01 .1076E-01 .1781E-03
.3665E+04 .1215E-01 .1024E-01 .1010E-01 .1650E-03
.3670E+04 .1204E-01 .7906E-02 .7796E-02 .1236E-03
.3675E+04 .1203E-01 .4816E-02 .4756E-02 .7004E-04
.3680E+04 .1189E-01 .8320E-02 .8205E-02 .1302E-03
.3685E+04 .1183E-01 .9412E-02 .9278E-02 .1501E-03
.3690E+04 .1177E-01 .9672E-02 .9534E-02 .1548E-03
.3695E+04 .1172E-01 .1014E-01 .9993E-02 .1639E-03
.3700E+04 .1155E-01 .1089E-01 .1073E-01 .1783E-03
.3705E+04 .1160E-01 .1077E-01 .1062E-01 .1759E-03
.3710E+04 .1151E-01 .9355E-02 .9221E-02 .1497E-03
.3715E+04 .1150E-01 .9225E-02 .9093E-02 .1476E-03
.3720E+04 .1144E-01 .1038E-01 .1023E-01 .1688E-03
.3725E+04 .1143E-01 .1070E-01 .1054E-01 .1745E-03
.3730E+04 .1134E-01 .9265E-02 .9132E-02 .1484E-03
.3735E+04 .1128E-01 .8576E-02 .8455E-02 .1359E-03
.3740E+04 .1108E-01 .8848E-02 .8722E-02 .1410E-03
.3745E+04 .1108E-01 .1033E-01 .1018E-01 .1680E-03
.3750E+04 .1104E-01 .9285E-02 .9152E-02 .1491E-03
.3755E+04 .1100E-01 .8988E-02 .8860E-02 .1437E-03
.3760E+04 .1094E-01 .8857E-02 .8731E-02 .1408E-03
.3765E+04 .1093E-01 .8543E-02 .8422E-02 .1356E-03
.3770E+04 .1086E-01 .9120E-02 .8989E-02 .1462E-03
.3775E+04 .1080E-01 .9047E-02 .8917E-02 .1449E-03
.3780E+04 .1074E-01 .9570E-02 .9431E-02 .1544E-03
.3785E+04 .1073E-01 .8801E-02 .8676E-02 .1401E-03
.3790E+04 .1063E-01 .7741E-02 .7633E-02 .1215E-03
.3795E+04 .1062E-01 .8855E-02 .8728E-02 .1415E-03
.3800E+04 .1053E-01 .9852E-02 .9708E-02 .1597E-03
.3805E+04 .1053E-01 .9293E-02 .9159E-02 .1494E-03
.3810E+04 .1043E-01 .8227E-02 .8112E-02 .1298E-03
.3815E+04 .1041E-01 .7734E-02 .7627E-02 .1214E-03
.3820E+04 .1034E-01 .9646E-02 .9505E-02 .1561E-03
.3825E+04 .1033E-01 .9489E-02 .9351E-02 .1531E-03
.3830E+04 .1025E-01 .9585E-02 .9446E-02 .1550E-03
.3835E+04 .1021E-01 .7662E-02 .7556E-02 .1198E-03
.3840E+04 .1015E-01 .8955E-02 .8827E-02 .1433E-03
.3845E+04 .1013E-01 .8751E-02 .8626E-02 .1395E-03
.3850E+04 .1005E-01 .8793E-02 .8667E-02 .1403E-03
.3855E+04 .1003E-01 .8477E-02 .8357E-02 .1345E-03
.3860E+04 .9940E-02 .7939E-02 .7828E-02 .1245E-03
.3865E+04 .9910E-02 .8042E-02 .7930E-02 .1264E-03
.3870E+04 .9830E-02 .7286E-02 .7187E-02 .1127E-03
.3875E+04 .9830E-02 .6669E-02 .6580E-02 .1015E-03
.3880E+04 .9750E-02 .6435E-02 .6349E-02 .9738E-04
.3885E+04 .9700E-02 .6680E-02 .6591E-02 .1018E-03
.3890E+04 .9710E-02 .6795E-02 .6704E-02 .1038E-03
.3895E+04 .9620E-02 .7405E-02 .7303E-02 .1149E-03
.3900E+04 .9600E-02 .7876E-02 .7766E-02 .1235E-03
.3905E+04 .9590E-02 .7872E-02 .7763E-02 .1234E-03
.3910E+04 .9520E-02 .7057E-02 .6962E-02 .1086E-03
.3915E+04 .9500E-02 .6905E-02 .6812E-02 .1059E-03
.3920E+04 .9410E-02 .6868E-02 .6775E-02 .1053E-03
.3925E+04 .9400E-02 .6774E-02 .6683E-02 .1036E-03
.3930E+04 .9320E-02 .6976E-02 .6881E-02 .1073E-03
.3935E+04 .9300E-02 .7287E-02 .7188E-02 .1129E-03
.3940E+04 .9230E-02 .7341E-02 .7241E-02 .1139E-03
.3945E+04 .9200E-02 .7487E-02 .7383E-02 .1166E-03
.3950E+04 .9110E-02 .7579E-02 .7474E-02 .1184E-03
.3955E+04 .9080E-02 .7674E-02 .7567E-02 .1201E-03
.3960E+04 .9020E-02 .7705E-02 .7598E-02 .1208E-03
.3965E+04 .9010E-02 .7765E-02 .7657E-02 .1218E-03
.3970E+04 .8930E-02 .7640E-02 .7534E-02 .1196E-03
.3975E+04 .8910E-02 .7465E-02 .7362E-02 .1164E-03
.3980E+04 .8840E-02 .7340E-02 .7239E-02 .1142E-03
.3985E+04 .8800E-02 .7388E-02 .7287E-02 .1150E-03
.3990E+04 .8780E-02 .7327E-02 .7226E-02 .1139E-03
.3995E+04 .8700E-02 .7161E-02 .7063E-02 .1110E-03
.4000E+04 .8680E-02 .7053E-02 .6957E-02 .1090E-03
