Wvlgth Direct_normal_irradiance Difuse_horizn_irradiance RayleighScat_trnsmittnce Ozone_totl_transmittance Trace_gas__transmittance WaterVapor_transmittance Mixed_gas__transmittance Aerosol_tot_transmittnce Global_horizn_irradiance Global_tilted_irradiance
.2800E+03 .6069E-17 .1388E-17 .1993E+00 .4549E-15 .9965E+00 .1000E+01 .9871E+00 .8577E+00 .7324E-17 .2059E-17
.2805E+03 .7492E-16 .1737E-16 .2018E+00 .4563E-14 .9969E+00 .1000E+01 .9928E+00 .8579E+00 .9063E-16 .2554E-16
.2810E+03 .2790E-15 .6333E-16 .2043E+00 .1106E-13 .9970E+00 .1000E+01 .9936E+00 .8582E+00 .3362E-15 .9443E-16
.2815E+03 .3724E-14 .8513E-15 .2068E+00 .1031E-12 .9965E+00 .1000E+01 .9950E+00 .8584E+00 .4493E-14 .1264E-14
.2820E+03 .1903E-13 .4301E-14 .2094E+00 .4124E-12 .9967E+00 .1000E+01 .9965E+00 .8586E+00 .2291E-13 .6433E-14
.2825E+03 .5543E-13 .1226E-13 .2119E+00 .1044E-11 .9972E+00 .1000E+01 .9974E+00 .8589E+00 .6647E-13 .1860E-13
.2830E+03 .1673E-12 .3620E-13 .2145E+00 .2903E-11 .9969E+00 .1000E+01 .9974E+00 .8591E+00 .1998E-12 .5574E-13
.2835E+03 .2778E-12 .5814E-13 .2170E+00 .4793E-11 .9966E+00 .1000E+01 .9976E+00 .8593E+00 .3298E-12 .9156E-13
.2840E+03 .2643E-11 .5557E-12 .2196E+00 .4865E-10 .9970E+00 .1000E+01 .9977E+00 .8595E+00 .3141E-11 .8726E-12
.2845E+03 .6630E-11 .1808E-11 .2221E+00 .1441E-09 .9969E+00 .1000E+01 .9975E+00 .8598E+00 .8293E-11 .2403E-11
.2850E+03 .1498E-10 .4721E-11 .2247E+00 .4578E-09 .9965E+00 .1000E+01 .9980E+00 .8600E+00 .1937E-10 .5759E-11
.2855E+03 .5196E-10 .2037E-10 .2273E+00 .1782E-08 .9965E+00 .1000E+01 .9975E+00 .8602E+00 .7118E-10 .2205E-10
.2860E+03 .1431E-09 .6057E-10 .2299E+00 .3106E-08 .9971E+00 .1000E+01 .9975E+00 .8604E+00 .2005E-09 .6304E-10
.2865E+03 .6138E-09 .3343E-09 .2324E+00 .9607E-08 .9968E+00 .1000E+01 .9941E+00 .8606E+00 .9346E-09 .3090E-09
.2870E+03 .1555E-08 .1073E-08 .2350E+00 .2218E-07 .9964E+00 .1000E+01 .9926E+00 .8609E+00 .2593E-08 .8997E-09
.2875E+03 .4367E-08 .4917E-08 .2376E+00 .6558E-07 .9969E+00 .1000E+01 .9950E+00 .8611E+00 .9188E-08 .3512E-08
.2880E+03 .1605E-07 .8627E-08 .2402E+00 .2598E-06 .9972E+00 .1000E+01 .9947E+00 .8613E+00 .2432E-07 .8023E-08
.2885E+03 .3547E-07 .1968E-07 .2428E+00 .5436E-06 .9969E+00 .1000E+01 .9948E+00 .8615E+00 .5437E-07 .1805E-07
.2890E+03 .9164E-07 .5270E-07 .2454E+00 .1153E-05 .9965E+00 .1000E+01 .9944E+00 .8617E+00 .1423E-06 .4761E-07
.2895E+03 .2602E-06 .1579E-06 .2480E+00 .2641E-05 .9973E+00 .1000E+01 .9968E+00 .8620E+00 .4124E-06 .1395E-06
.2900E+03 .6065E-06 .3812E-06 .2506E+00 .5173E-05 .9969E+00 .1000E+01 .9990E+00 .8622E+00 .9743E-06 .3319E-06
.2905E+03 .1165E-05 .7466E-06 .2532E+00 .9135E-05 .9966E+00 .1000E+01 .9991E+00 .8624E+00 .1886E-05 .6451E-06
.2910E+03 .2375E-05 .1590E-05 .2558E+00 .1807E-04 .9968E+00 .1000E+01 .9994E+00 .8626E+00 .3913E-05 .1350E-05
.2915E+03 .5507E-05 .3547E-05 .2584E+00 .4282E-04 .9974E+00 .1000E+01 .9993E+00 .8628E+00 .8933E-05 .3060E-05
.2920E+03 .1067E-04 .6867E-05 .2610E+00 .8662E-04 .9967E+00 .1000E+01 .9994E+00 .8630E+00 .1730E-04 .5925E-05
.2925E+03 .1498E-04 .9236E-05 .2636E+00 .1291E-03 .9965E+00 .1000E+01 .9995E+00 .8632E+00 .2388E-04 .8110E-05
.2930E+03 .2552E-04 .1522E-04 .2662E+00 .2138E-03 .9974E+00 .1000E+01 .9996E+00 .8635E+00 .4017E-04 .1355E-04
.2935E+03 .5255E-04 .3094E-04 .2688E+00 .4271E-03 .9976E+00 .1000E+01 .9996E+00 .8637E+00 .8233E-04 .2770E-04
.2940E+03 .8259E-04 .4612E-04 .2714E+00 .6853E-03 .9965E+00 .1000E+01 .9998E+00 .8639E+00 .1269E-03 .4225E-04
.2945E+03 .1157E-03 .7967E-04 .2740E+00 .9742E-03 .9966E+00 .1000E+01 .1000E+01 .8641E+00 .1928E-03 .6700E-04
.2950E+03 .1841E-03 .1350E-03 .2766E+00 .1513E-02 .9976E+00 .1000E+01 .1000E+01 .8643E+00 .3150E-03 .1109E-03
.2955E+03 .3404E-03 .1737E-03 .2792E+00 .2611E-02 .9979E+00 .1000E+01 .1000E+01 .8645E+00 .5066E-03 .1657E-03
.2960E+03 .5136E-03 .2771E-03 .2818E+00 .3813E-02 .9965E+00 .1000E+01 .1000E+01 .8647E+00 .7795E-03 .2579E-03
.2965E+03 .6736E-03 .3843E-03 .2845E+00 .5446E-02 .9968E+00 .1000E+01 .1000E+01 .8649E+00 .1043E-02 .3491E-03
.2970E+03 .8252E-03 .4922E-03 .2871E+00 .7199E-02 .9975E+00 .1000E+01 .1000E+01 .8651E+00 .1299E-02 .4388E-03
.2975E+03 .1367E-02 .8744E-03 .2897E+00 .1067E-01 .9978E+00 .1000E+01 .1000E+01 .8653E+00 .2211E-02 .7576E-03
.2980E+03 .1893E-02 .1283E-02 .2923E+00 .1469E-01 .9963E+00 .1000E+01 .1000E+01 .8655E+00 .3134E-02 .1086E-02
.2985E+03 .2143E-02 .1517E-02 .2949E+00 .1859E-01 .9970E+00 .1000E+01 .1000E+01 .8658E+00 .3613E-02 .1264E-02
.2990E+03 .2714E-02 .2003E-02 .2975E+00 .2311E-01 .9978E+00 .1000E+01 .1000E+01 .8660E+00 .4657E-02 .1643E-02
.2995E+03 .4115E-02 .3277E-02 .3001E+00 .3271E-01 .9980E+00 .1000E+01 .1000E+01 .8662E+00 .7301E-02 .2616E-02
.3000E+03 .4636E-02 .3849E-02 .3027E+00 .4003E-01 .9962E+00 .1000E+01 .1000E+01 .8664E+00 .8383E-02 .3029E-02
.3005E+03 .5268E-02 .4547E-02 .3053E+00 .4764E-01 .9971E+00 .1000E+01 .1000E+01 .8666E+00 .9699E-02 .3535E-02
.3010E+03 .7350E-02 .6769E-02 .3079E+00 .6158E-01 .9980E+00 .1000E+01 .1000E+01 .8668E+00 .1396E-01 .5156E-02
.3015E+03 .9427E-02 .9166E-02 .3105E+00 .7590E-01 .9982E+00 .1000E+01 .1000E+01 .8670E+00 .1839E-01 .6870E-02
.3020E+03 .9869E-02 .9502E-02 .3131E+00 .8392E-01 .9966E+00 .1000E+01 .1000E+01 .8672E+00 .1915E-01 .7149E-02
.3025E+03 .1345E-01 .1269E-01 .3157E+00 .1002E+00 .9971E+00 .1000E+01 .1000E+01 .8674E+00 .2585E-01 .9610E-02
.3030E+03 .2033E-01 .1877E-01 .3183E+00 .1245E+00 .9980E+00 .1000E+01 .1000E+01 .8676E+00 .3865E-01 .1431E-01
.3035E+03 .2448E-01 .2245E-01 .3209E+00 .1408E+00 .9982E+00 .1000E+01 .1000E+01 .8678E+00 .4639E-01 .1716E-01
.3040E+03 .2515E-01 .2293E-01 .3235E+00 .1495E+00 .9972E+00 .1000E+01 .1000E+01 .8680E+00 .4753E-01 .1756E-01
.3045E+03 .2946E-01 .2686E-01 .3260E+00 .1723E+00 .9968E+00 .1000E+01 .1000E+01 .8682E+00 .5567E-01 .2057E-01
.3050E+03 .3668E-01 .3361E-01 .3286E+00 .2073E+00 .9979E+00 .1000E+01 .1000E+01 .8684E+00 .6948E-01 .2569E-01
.3055E+03 .3934E-01 .3604E-01 .3312E+00 .2316E+00 .9984E+00 .1000E+01 .1000E+01 .8686E+00 .7452E-01 .2756E-01
.3060E+03 .3827E-01 .3486E-01 .3338E+00 .2418E+00 .9979E+00 .1000E+01 .1000E+01 .8688E+00 .7229E-01 .2670E-01
.3065E+03 .4196E-01 .3807E-01 .3363E+00 .2587E+00 .9971E+00 .1000E+01 .1000E+01 .8690E+00 .7911E-01 .2920E-01
.3070E+03 .5111E-01 .4655E-01 .3389E+00 .2970E+00 .9977E+00 .1000E+01 .1000E+01 .8692E+00 .9653E-01 .3566E-01
.3075E+03 .6087E-01 .5560E-01 .3415E+00 .3364E+00 .9979E+00 .1000E+01 .1000E+01 .8693E+00 .1151E+00 .4257E-01
.3080E+03 .6411E-01 .5819E-01 .3440E+00 .3439E+00 .9981E+00 .1000E+01 .1000E+01 .8695E+00 .1209E+00 .4464E-01
.3085E+03 .6796E-01 .6887E-01 .3466E+00 .3645E+00 .9975E+00 .1000E+01 .1000E+01 .8697E+00 .1353E+00 .5106E-01
.3090E+03 .6484E-01 .6472E-01 .3492E+00 .3811E+00 .9978E+00 .1000E+01 .1000E+01 .8699E+00 .1281E+00 .4821E-01
.3095E+03 .6402E-01 .6225E-01 .3517E+00 .4330E+00 .9982E+00 .1000E+01 .1000E+01 .8701E+00 .1249E+00 .4674E-01
.3100E+03 .7278E-01 .6966E-01 .3542E+00 .4584E+00 .9981E+00 .1000E+01 .1000E+01 .8703E+00 .1408E+00 .5256E-01
.3105E+03 .9227E-01 .8723E-01 .3568E+00 .4719E+00 .9974E+00 .1000E+01 .1000E+01 .8705E+00 .1775E+00 .6607E-01
.3110E+03 .1136E+00 .1060E+00 .3593E+00 .4933E+00 .9977E+00 .1000E+01 .1000E+01 .8707E+00 .2170E+00 .8060E-01
.3115E+03 .1140E+00 .1052E+00 .3619E+00 .5032E+00 .9981E+00 .1000E+01 .1000E+01 .8709E+00 .2167E+00 .8032E-01
.3120E+03 .1193E+00 .1083E+00 .3644E+00 .5508E+00 .9983E+00 .1000E+01 .1000E+01 .8711E+00 .2250E+00 .8311E-01
.3125E+03 .1218E+00 .1092E+00 .3669E+00 .5835E+00 .9982E+00 .1000E+01 .1000E+01 .8713E+00 .2283E+00 .8414E-01
.3130E+03 .1298E+00 .1150E+00 .3694E+00 .6014E+00 .9980E+00 .1000E+01 .1000E+01 .8714E+00 .2420E+00 .8900E-01
.3135E+03 .1330E+00 .1170E+00 .3719E+00 .5865E+00 .9978E+00 .1000E+01 .1000E+01 .8716E+00 .2471E+00 .9074E-01
.3140E+03 .1415E+00 .1229E+00 .3745E+00 .6256E+00 .9980E+00 .1000E+01 .1000E+01 .8718E+00 .2613E+00 .9575E-01
.3145E+03 .1457E+00 .1251E+00 .3770E+00 .6789E+00 .9981E+00 .1000E+01 .1000E+01 .8720E+00 .2676E+00 .9782E-01
.3150E+03 .1509E+00 .1283E+00 .3795E+00 .6894E+00 .9981E+00 .1000E+01 .1000E+01 .8722E+00 .2759E+00 .1007E+00
.3155E+03 .1352E+00 .1142E+00 .3820E+00 .6644E+00 .9982E+00 .1000E+01 .1000E+01 .8724E+00 .2464E+00 .8981E-01
.3160E+03 .1346E+00 .1125E+00 .3844E+00 .7075E+00 .9984E+00 .1000E+01 .1000E+01 .8726E+00 .2442E+00 .8880E-01
.3165E+03 .1578E+00 .1307E+00 .3869E+00 .7450E+00 .9985E+00 .1000E+01 .1000E+01 .8727E+00 .2850E+00 .1035E+00
.3170E+03 .1808E+00 .1484E+00 .3894E+00 .7452E+00 .9977E+00 .1000E+01 .1000E+01 .8729E+00 .3252E+00 .1180E+00
.3175E+03 .1948E+00 .1587E+00 .3919E+00 .7351E+00 .9976E+00 .1000E+01 .1000E+01 .8731E+00 .3492E+00 .1266E+00
.3180E+03 .1831E+00 .1479E+00 .3944E+00 .7605E+00 .9979E+00 .1000E+01 .1000E+01 .8733E+00 .3270E+00 .1184E+00
.3185E+03 .1842E+00 .1500E+00 .3968E+00 .8088E+00 .9982E+00 .1000E+01 .1000E+01 .8735E+00 .3301E+00 .1199E+00
.3190E+03 .1982E+00 .1615E+00 .3993E+00 .8331E+00 .9984E+00 .1000E+01 .1000E+01 .8737E+00 .3553E+00 .1291E+00
.3195E+03 .1978E+00 .1579E+00 .4017E+00 .7952E+00 .9983E+00 .1000E+01 .1000E+01 .8738E+00 .3514E+00 .1273E+00
.3200E+03 .2088E+00 .1652E+00 .4042E+00 .7895E+00 .9982E+00 .1000E+01 .1000E+01 .8740E+00 .3694E+00 .1337E+00
.3205E+03 .2377E+00 .1895E+00 .4066E+00 .8379E+00 .9982E+00 .1000E+01 .1000E+01 .8742E+00 .4220E+00 .1531E+00
.3210E+03 .2327E+00 .1867E+00 .4090E+00 .8805E+00 .9974E+00 .1000E+01 .1000E+01 .8744E+00 .4143E+00 .1506E+00
.3215E+03 .2212E+00 .1764E+00 .4115E+00 .8852E+00 .9978E+00 .1000E+01 .1000E+01 .8746E+00 .3928E+00 .1427E+00
.3220E+03 .2161E+00 .1686E+00 .4139E+00 .8406E+00 .9981E+00 .1000E+01 .1000E+01 .8747E+00 .3800E+00 .1375E+00
.3225E+03 .2110E+00 .1635E+00 .4163E+00 .8427E+00 .9982E+00 .1000E+01 .1000E+01 .8749E+00 .3699E+00 .1338E+00
.3230E+03 .2004E+00 .1557E+00 .4187E+00 .8721E+00 .9982E+00 .1000E+01 .1000E+01 .8751E+00 .3516E+00 .1273E+00
.3235E+03 .2235E+00 .1809E+00 .4211E+00 .9212E+00 .9982E+00 .1000E+01 .1000E+01 .8753E+00 .3995E+00 .1460E+00
.3240E+03 .2463E+00 .1985E+00 .4235E+00 .9286E+00 .9982E+00 .1000E+01 .1000E+01 .8755E+00 .4394E+00 .1606E+00
.3245E+03 .2586E+00 .2053E+00 .4259E+00 .9110E+00 .9981E+00 .1000E+01 .1000E+01 .8756E+00 .4583E+00 .1671E+00
.3250E+03 .2638E+00 .1993E+00 .4283E+00 .8786E+00 .9974E+00 .1000E+01 .1000E+01 .8758E+00 .4573E+00 .1652E+00
.3255E+03 .3000E+00 .2268E+00 .4307E+00 .9017E+00 .9973E+00 .1000E+01 .1000E+01 .8760E+00 .5202E+00 .1881E+00
.3260E+03 .3416E+00 .2678E+00 .4330E+00 .9338E+00 .9978E+00 .1000E+01 .9999E+00 .8762E+00 .6019E+00 .2193E+00
.3265E+03 .3576E+00 .2808E+00 .4354E+00 .9545E+00 .9980E+00 .1000E+01 .9999E+00 .8763E+00 .6306E+00 .2301E+00
.3270E+03 .3529E+00 .2744E+00 .4377E+00 .9477E+00 .9981E+00 .1000E+01 .9999E+00 .8765E+00 .6195E+00 .2257E+00
.3275E+03 .3450E+00 .2652E+00 .4401E+00 .9381E+00 .9981E+00 .1000E+01 .9999E+00 .8767E+00 .6026E+00 .2193E+00
.3280E+03 .3254E+00 .2453E+00 .4424E+00 .9076E+00 .9981E+00 .1000E+01 .9999E+00 .8768E+00 .5636E+00 .2044E+00
.3285E+03 .3320E+00 .2521E+00 .4448E+00 .9434E+00 .9980E+00 .1000E+01 .9999E+00 .8770E+00 .5768E+00 .2097E+00
.3290E+03 .3682E+00 .2806E+00 .4471E+00 .9679E+00 .9975E+00 .1000E+01 .9999E+00 .8772E+00 .6406E+00 .2332E+00
.3295E+03 .4066E+00 .3085E+00 .4494E+00 .9749E+00 .9972E+00 .1000E+01 .9999E+00 .8774E+00 .7061E+00 .2570E+00
.3300E+03 .4119E+00 .3097E+00 .4517E+00 .9698E+00 .9975E+00 .1000E+01 .9999E+00 .8775E+00 .7124E+00 .2590E+00
.3305E+03 .3819E+00 .2829E+00 .4540E+00 .9515E+00 .9978E+00 .1000E+01 .9999E+00 .8777E+00 .6564E+00 .2381E+00
.3310E+03 .3622E+00 .2657E+00 .4563E+00 .9447E+00 .9979E+00 .1000E+01 .9999E+00 .8779E+00 .6199E+00 .2246E+00
.3315E+03 .3707E+00 .2717E+00 .4586E+00 .9588E+00 .9980E+00 .1000E+01 .9998E+00 .8780E+00 .6342E+00 .2299E+00
.3320E+03 .3794E+00 .2785E+00 .4609E+00 .9774E+00 .9981E+00 .1000E+01 .9998E+00 .8782E+00 .6496E+00 .2357E+00
.3325E+03 .3793E+00 .2775E+00 .4632E+00 .9850E+00 .9979E+00 .1000E+01 .9998E+00 .8784E+00 .6484E+00 .2353E+00
.3330E+03 .3733E+00 .2706E+00 .4655E+00 .9810E+00 .9975E+00 .1000E+01 .9998E+00 .8785E+00 .6356E+00 .2305E+00
.3335E+03 .3597E+00 .2574E+00 .4677E+00 .9681E+00 .9970E+00 .1000E+01 .9998E+00 .8787E+00 .6091E+00 .2204E+00
.3340E+03 .3678E+00 .2611E+00 .4700E+00 .9655E+00 .9973E+00 .1000E+01 .9998E+00 .8789E+00 .6208E+00 .2245E+00
.3345E+03 .3884E+00 .2758E+00 .4722E+00 .9804E+00 .9976E+00 .1000E+01 .9998E+00 .8790E+00 .6557E+00 .2373E+00
.3350E+03 .4018E+00 .2844E+00 .4745E+00 .9881E+00 .9975E+00 .1000E+01 .9997E+00 .8792E+00 .6774E+00 .2452E+00
.3355E+03 .3912E+00 .2985E+00 .4767E+00 .9917E+00 .9978E+00 .1000E+01 .9997E+00 .8794E+00 .6810E+00 .2504E+00
.3360E+03 .3589E+00 .2722E+00 .4789E+00 .9917E+00 .9978E+00 .1000E+01 .9997E+00 .8795E+00 .6231E+00 .2290E+00
.3365E+03 .3336E+00 .2310E+00 .4812E+00 .9846E+00 .9978E+00 .1000E+01 .9997E+00 .8797E+00 .5573E+00 .2013E+00
.3370E+03 .3288E+00 .2256E+00 .4834E+00 .9789E+00 .9978E+00 .1000E+01 .9997E+00 .8799E+00 .5472E+00 .1974E+00
.3375E+03 .3535E+00 .2407E+00 .4856E+00 .9766E+00 .9980E+00 .1000E+01 .9996E+00 .8800E+00 .5865E+00 .2114E+00
.3380E+03 .3789E+00 .2576E+00 .4878E+00 .9877E+00 .9979E+00 .1000E+01 .9996E+00 .8802E+00 .6282E+00 .2265E+00
.3385E+03 .3956E+00 .2857E+00 .4900E+00 .9932E+00 .9964E+00 .1000E+01 .9996E+00 .8804E+00 .6726E+00 .2456E+00
.3390E+03 .4026E+00 .2853E+00 .4921E+00 .9946E+00 .9968E+00 .1000E+01 .9996E+00 .8805E+00 .6791E+00 .2473E+00
.3395E+03 .4128E+00 .2935E+00 .4943E+00 .9935E+00 .9973E+00 .1000E+01 .9995E+00 .8807E+00 .6971E+00 .2542E+00
.3400E+03 .4398E+00 .2914E+00 .4965E+00 .9883E+00 .9976E+00 .1000E+01 .9994E+00 .8808E+00 .7215E+00 .2596E+00
.3405E+03 .4387E+00 .2889E+00 .4986E+00 .9892E+00 .9976E+00 .1000E+01 .9993E+00 .8810E+00 .7180E+00 .2583E+00
.3410E+03 .4110E+00 .2844E+00 .5008E+00 .9943E+00 .9974E+00 .1000E+01 .9991E+00 .8812E+00 .6863E+00 .2495E+00
.3415E+03 .4086E+00 .2751E+00 .5029E+00 .9967E+00 .9973E+00 .1000E+01 .9989E+00 .8813E+00 .6747E+00 .2441E+00
.3420E+03 .4263E+00 .2839E+00 .5051E+00 .9972E+00 .9975E+00 .1000E+01 .9987E+00 .8815E+00 .7008E+00 .2532E+00
.3425E+03 .4422E+00 .2913E+00 .5072E+00 .9978E+00 .9977E+00 .1000E+01 .9986E+00 .8816E+00 .7237E+00 .2611E+00
.3430E+03 .4495E+00 .2976E+00 .5093E+00 .9964E+00 .9977E+00 .1000E+01 .9985E+00 .8818E+00 .7372E+00 .2664E+00
.3435E+03 .4254E+00 .2820E+00 .5114E+00 .9955E+00 .9972E+00 .1000E+01 .9985E+00 .8820E+00 .6981E+00 .2526E+00
.3440E+03 .3691E+00 .2559E+00 .5135E+00 .9899E+00 .9970E+00 .1000E+01 .9985E+00 .8821E+00 .6169E+00 .2253E+00
.3445E+03 .3542E+00 .2363E+00 .5156E+00 .9934E+00 .9972E+00 .1000E+01 .9987E+00 .8823E+00 .5827E+00 .2114E+00
.3450E+03 .4021E+00 .2596E+00 .5177E+00 .9964E+00 .9973E+00 .1000E+01 .9990E+00 .8824E+00 .6528E+00 .2355E+00
.3455E+03 .4284E+00 .2726E+00 .5198E+00 .9974E+00 .9975E+00 .1000E+01 .9993E+00 .8826E+00 .6915E+00 .2489E+00
.3460E+03 .4182E+00 .2631E+00 .5219E+00 .9980E+00 .9974E+00 .1000E+01 .9995E+00 .8827E+00 .6721E+00 .2415E+00
.3465E+03 .4261E+00 .2654E+00 .5240E+00 .9984E+00 .9973E+00 .1000E+01 .9996E+00 .8829E+00 .6821E+00 .2449E+00
.3470E+03 .4335E+00 .2706E+00 .5260E+00 .9975E+00 .9973E+00 .1000E+01 .9997E+00 .8831E+00 .6946E+00 .2496E+00
.3475E+03 .4189E+00 .2608E+00 .5281E+00 .9971E+00 .9974E+00 .1000E+01 .9997E+00 .8832E+00 .6704E+00 .2410E+00
.3480E+03 .4171E+00 .2553E+00 .5301E+00 .9984E+00 .9970E+00 .1000E+01 .9998E+00 .8834E+00 .6633E+00 .2378E+00
.3485E+03 .4245E+00 .2567E+00 .5321E+00 .9990E+00 .9964E+00 .1000E+01 .9998E+00 .8835E+00 .6718E+00 .2405E+00
.3490E+03 .4090E+00 .2454E+00 .5342E+00 .9993E+00 .9967E+00 .1000E+01 .9998E+00 .8837E+00 .6454E+00 .2309E+00
.3495E+03 .4202E+00 .2511E+00 .5362E+00 .9991E+00 .9972E+00 .1000E+01 .9998E+00 .8838E+00 .6621E+00 .2368E+00
.3500E+03 .4644E+00 .2756E+00 .5382E+00 .9992E+00 .9974E+00 .1000E+01 .9997E+00 .8840E+00 .7298E+00 .2609E+00
.3505E+03 .4997E+00 .2947E+00 .5402E+00 .9992E+00 .9973E+00 .1000E+01 .9997E+00 .8841E+00 .7833E+00 .2799E+00
.3510E+03 .4867E+00 .2865E+00 .5422E+00 .9987E+00 .9971E+00 .1000E+01 .9997E+00 .8843E+00 .7625E+00 .2725E+00
.3515E+03 .4690E+00 .2782E+00 .5442E+00 .9971E+00 .9972E+00 .1000E+01 .9997E+00 .8844E+00 .7369E+00 .2640E+00
.3520E+03 .4578E+00 .2676E+00 .5462E+00 .9981E+00 .9973E+00 .1000E+01 .9996E+00 .8846E+00 .7153E+00 .2557E+00
.3525E+03 .4328E+00 .2500E+00 .5482E+00 .9988E+00 .9973E+00 .1000E+01 .9995E+00 .8847E+00 .6733E+00 .2403E+00
.3530E+03 .4601E+00 .2634E+00 .5501E+00 .9992E+00 .9976E+00 .1000E+01 .9995E+00 .8849E+00 .7134E+00 .2543E+00
.3535E+03 .5066E+00 .2877E+00 .5521E+00 .9995E+00 .9974E+00 .1000E+01 .9994E+00 .8850E+00 .7832E+00 .2790E+00
.3540E+03 .5364E+00 .3022E+00 .5540E+00 .9997E+00 .9969E+00 .1000E+01 .9993E+00 .8852E+00 .8268E+00 .2943E+00
.3545E+03 .5425E+00 .3037E+00 .5560E+00 .9997E+00 .9964E+00 .1000E+01 .9992E+00 .8853E+00 .8342E+00 .2968E+00
.3550E+03 .5426E+00 .3024E+00 .5579E+00 .9995E+00 .9963E+00 .1000E+01 .9991E+00 .8855E+00 .8331E+00 .2964E+00
.3555E+03 .5238E+00 .2901E+00 .5598E+00 .9996E+00 .9970E+00 .1000E+01 .9989E+00 .8856E+00 .8023E+00 .2853E+00
.3560E+03 .4915E+00 .2704E+00 .5617E+00 .9997E+00 .9972E+00 .1000E+01 .9987E+00 .8858E+00 .7511E+00 .2669E+00
.3565E+03 .4613E+00 .2522E+00 .5637E+00 .9997E+00 .9970E+00 .1000E+01 .9983E+00 .8859E+00 .7034E+00 .2498E+00
.3570E+03 .4061E+00 .2207E+00 .5656E+00 .9997E+00 .9966E+00 .1000E+01 .9979E+00 .8861E+00 .6179E+00 .2194E+00
.3575E+03 .4113E+00 .2221E+00 .5675E+00 .9997E+00 .9966E+00 .1000E+01 .9974E+00 .8862E+00 .6243E+00 .2215E+00
.3580E+03 .3830E+00 .2055E+00 .5693E+00 .9998E+00 .9969E+00 .1000E+01 .9969E+00 .8864E+00 .5801E+00 .2057E+00
.3585E+03 .3559E+00 .1897E+00 .5712E+00 .9998E+00 .9970E+00 .1000E+01 .9963E+00 .8865E+00 .5378E+00 .1906E+00
.3590E+03 .4189E+00 .2222E+00 .5731E+00 .9998E+00 .9972E+00 .1000E+01 .9957E+00 .8867E+00 .6319E+00 .2239E+00
.3595E+03 .5052E+00 .2670E+00 .5750E+00 .9995E+00 .9971E+00 .1000E+01 .9952E+00 .8868E+00 .7611E+00 .2698E+00
.3600E+03 .5348E+00 .2807E+00 .5768E+00 .9996E+00 .9971E+00 .1000E+01 .9949E+00 .8870E+00 .8037E+00 .2847E+00
.3605E+03 .5057E+00 .2636E+00 .5787E+00 .9997E+00 .9968E+00 .1000E+01 .9949E+00 .8871E+00 .7582E+00 .2684E+00
.3610E+03 .4655E+00 .2412E+00 .5805E+00 .9998E+00 .9966E+00 .1000E+01 .9952E+00 .8872E+00 .6964E+00 .2465E+00
.3615E+03 .4558E+00 .2349E+00 .5823E+00 .9999E+00 .9968E+00 .1000E+01 .9960E+00 .8874E+00 .6807E+00 .2408E+00
.3620E+03 .4778E+00 .2450E+00 .5842E+00 .9999E+00 .9969E+00 .1000E+01 .9970E+00 .8875E+00 .7123E+00 .2520E+00
.3625E+03 .5233E+00 .2670E+00 .5860E+00 .9999E+00 .9968E+00 .1000E+01 .9979E+00 .8877E+00 .7788E+00 .2754E+00
.3630E+03 .5385E+00 .2733E+00 .5878E+00 .9999E+00 .9968E+00 .1000E+01 .9985E+00 .8878E+00 .8000E+00 .2828E+00
.3635E+03 .5239E+00 .2646E+00 .5896E+00 .9999E+00 .9969E+00 .1000E+01 .9990E+00 .8880E+00 .7769E+00 .2747E+00
.3640E+03 .5428E+00 .2727E+00 .5914E+00 .9999E+00 .9970E+00 .1000E+01 .9993E+00 .8881E+00 .8036E+00 .2840E+00
.3645E+03 .5380E+00 .2689E+00 .5932E+00 .9999E+00 .9966E+00 .1000E+01 .9995E+00 .8882E+00 .7950E+00 .2809E+00
.3650E+03 .5590E+00 .2779E+00 .5950E+00 .9999E+00 .9963E+00 .1000E+01 .9997E+00 .8884E+00 .8245E+00 .2912E+00
.3655E+03 .6155E+00 .3043E+00 .5967E+00 .9999E+00 .9962E+00 .1000E+01 .9998E+00 .8885E+00 .9062E+00 .3200E+00
.3660E+03 .6596E+00 .3245E+00 .5985E+00 .9999E+00 .9966E+00 .1000E+01 .9998E+00 .8887E+00 .9696E+00 .3423E+00
.3665E+03 .6611E+00 .3235E+00 .6002E+00 .1000E+01 .9969E+00 .1000E+01 .9999E+00 .8888E+00 .9701E+00 .3424E+00
.3670E+03 .6493E+00 .3160E+00 .6020E+00 .1000E+01 .9967E+00 .1000E+01 .9999E+00 .8890E+00 .9510E+00 .3356E+00
.3675E+03 .6376E+00 .3086E+00 .6037E+00 .1000E+01 .9965E+00 .1000E+01 .9999E+00 .8891E+00 .9322E+00 .3288E+00
.3680E+03 .6008E+00 .2893E+00 .6055E+00 .1000E+01 .9965E+00 .1000E+01 .9999E+00 .8892E+00 .8769E+00 .3093E+00
.3685E+03 .5969E+00 .2860E+00 .6072E+00 .9999E+00 .9966E+00 .1000E+01 .9999E+00 .8894E+00 .8698E+00 .3067E+00
.3690E+03 .6240E+00 .2974E+00 .6089E+00 .9999E+00 .9967E+00 .1000E+01 .9999E+00 .8895E+00 .9077E+00 .3200E+00
.3695E+03 .6704E+00 .3179E+00 .6106E+00 .9999E+00 .9966E+00 .1000E+01 .9999E+00 .8896E+00 .9736E+00 .3431E+00
.3700E+03 .6798E+00 .3206E+00 .6123E+00 .1000E+01 .9967E+00 .1000E+01 .9999E+00 .8898E+00 .9854E+00 .3472E+00
.3705E+03 .6147E+00 .2884E+00 .6140E+00 .1000E+01 .9968E+00 .1000E+01 .9999E+00 .8899E+00 .8896E+00 .3134E+00
.3710E+03 .6245E+00 .2915E+00 .6157E+00 .1000E+01 .9969E+00 .1000E+01 .9999E+00 .8901E+00 .9023E+00 .3178E+00
.3715E+03 .6493E+00 .3015E+00 .6174E+00 .1000E+01 .9966E+00 .1000E+01 .9999E+00 .8902E+00 .9365E+00 .3297E+00
.3720E+03 .6082E+00 .2808E+00 .6191E+00 .1000E+01 .9962E+00 .1000E+01 .9999E+00 .8903E+00 .8756E+00 .3082E+00
.3725E+03 .5796E+00 .2663E+00 .6207E+00 .1000E+01 .9962E+00 .1000E+01 .9999E+00 .8905E+00 .8331E+00 .2932E+00
.3730E+03 .5584E+00 .2553E+00 .6224E+00 .1000E+01 .9965E+00 .1000E+01 .9999E+00 .8906E+00 .8014E+00 .2820E+00
.3735E+03 .5035E+00 .2291E+00 .6241E+00 .1000E+01 .9967E+00 .1000E+01 .9999E+00 .8907E+00 .7215E+00 .2539E+00
.3740E+03 .5024E+00 .2274E+00 .6257E+00 .1000E+01 .9966E+00 .1000E+01 .9999E+00 .8909E+00 .7187E+00 .2528E+00
.3745E+03 .4988E+00 .2247E+00 .6273E+00 .1000E+01 .9968E+00 .1000E+01 .9998E+00 .8910E+00 .7125E+00 .2506E+00
.3750E+03 .5325E+00 .2386E+00 .6290E+00 .1000E+01 .9967E+00 .1000E+01 .9998E+00 .8911E+00 .7594E+00 .2670E+00
.3755E+03 .5892E+00 .2626E+00 .6306E+00 .1000E+01 .9963E+00 .1000E+01 .9997E+00 .8913E+00 .8388E+00 .2949E+00
.3760E+03 .6105E+00 .2707E+00 .6322E+00 .1000E+01 .9961E+00 .1000E+01 .9996E+00 .8914E+00 .8677E+00 .3050E+00
.3765E+03 .6010E+00 .2651E+00 .6338E+00 .1000E+01 .9959E+00 .1000E+01 .9993E+00 .8915E+00 .8528E+00 .2996E+00
.3770E+03 .6449E+00 .2831E+00 .6354E+00 .1000E+01 .9964E+00 .1000E+01 .9991E+00 .8917E+00 .9138E+00 .3210E+00
.3775E+03 .7198E+00 .3144E+00 .6370E+00 .1000E+01 .9968E+00 .1000E+01 .9986E+00 .8918E+00 .1018E+01 .3577E+00
.3780E+03 .7759E+00 .3371E+00 .6386E+00 .1000E+01 .9968E+00 .1000E+01 .9982E+00 .8919E+00 .1096E+01 .3849E+00
.3785E+03 .7568E+00 .3270E+00 .6402E+00 .1000E+01 .9969E+00 .1000E+01 .9977E+00 .8921E+00 .1067E+01 .3744E+00
.3790E+03 .6755E+00 .2902E+00 .6418E+00 .1000E+01 .9967E+00 .1000E+01 .9974E+00 .8922E+00 .9508E+00 .3332E+00
.3795E+03 .6061E+00 .2588E+00 .6433E+00 .1000E+01 .9962E+00 .1000E+01 .9971E+00 .8923E+00 .8516E+00 .2982E+00
.3800E+03 .6373E+00 .2707E+00 .6449E+00 .1000E+01 .9960E+00 .1000E+01 .9970E+00 .8925E+00 .8940E+00 .3128E+00
.3805E+03 .6830E+00 .2886E+00 .6464E+00 .1000E+01 .9962E+00 .1000E+01 .9972E+00 .8926E+00 .9566E+00 .3344E+00
.3810E+03 .6951E+00 .2923E+00 .6480E+00 .1000E+01 .9963E+00 .1000E+01 .9976E+00 .8927E+00 .9721E+00 .3395E+00
.3815E+03 .6266E+00 .2622E+00 .6495E+00 .1000E+01 .9964E+00 .1000E+01 .9981E+00 .8929E+00 .8750E+00 .3053E+00
.3820E+03 .5343E+00 .2225E+00 .6511E+00 .1000E+01 .9964E+00 .1000E+01 .9985E+00 .8930E+00 .7450E+00 .2597E+00
.3825E+03 .4623E+00 .1916E+00 .6526E+00 .1000E+01 .9967E+00 .1000E+01 .9989E+00 .8931E+00 .6437E+00 .2242E+00
.3830E+03 .4145E+00 .1709E+00 .6541E+00 .1000E+01 .9967E+00 .1000E+01 .9992E+00 .8933E+00 .5764E+00 .2006E+00
.3835E+03 .4015E+00 .1647E+00 .6556E+00 .1000E+01 .9965E+00 .1000E+01 .9995E+00 .8934E+00 .5574E+00 .1939E+00
.3840E+03 .4647E+00 .1898E+00 .6571E+00 .1000E+01 .9963E+00 .1000E+01 .9996E+00 .8935E+00 .6442E+00 .2241E+00
.3845E+03 .5596E+00 .2274E+00 .6586E+00 .1000E+01 .9962E+00 .1000E+01 .9997E+00 .8936E+00 .7747E+00 .2694E+00
.3850E+03 .6144E+00 .2485E+00 .6601E+00 .1000E+01 .9962E+00 .1000E+01 .9998E+00 .8938E+00 .8494E+00 .2953E+00
.3855E+03 .5871E+00 .2364E+00 .6616E+00 .1000E+01 .9964E+00 .1000E+01 .9999E+00 .8939E+00 .8106E+00 .2817E+00
.3860E+03 .5666E+00 .2270E+00 .6631E+00 .1000E+01 .9964E+00 .1000E+01 .9999E+00 .8940E+00 .7811E+00 .2714E+00
.3865E+03 .5892E+00 .2350E+00 .6645E+00 .1000E+01 .9968E+00 .1000E+01 .9999E+00 .8942E+00 .8112E+00 .2817E+00
.3870E+03 .5947E+00 .2359E+00 .6660E+00 .1000E+01 .9965E+00 .1000E+01 .9999E+00 .8943E+00 .8176E+00 .2837E+00
.3875E+03 .5863E+00 .2314E+00 .6674E+00 .1000E+01 .9963E+00 .1000E+01 .9999E+00 .8944E+00 .8049E+00 .2791E+00
.3880E+03 .5808E+00 .2281E+00 .6689E+00 .1000E+01 .9963E+00 .1000E+01 .9999E+00 .8945E+00 .7962E+00 .2759E+00
.3885E+03 .5769E+00 .2255E+00 .6703E+00 .9999E+00 .9965E+00 .1000E+01 .9999E+00 .8947E+00 .7897E+00 .2736E+00
.3890E+03 .6266E+00 .2437E+00 .6718E+00 .9999E+00 .9963E+00 .1000E+01 .1000E+01 .8948E+00 .8565E+00 .2965E+00
.3895E+03 .6947E+00 .2689E+00 .6732E+00 .9999E+00 .9963E+00 .1000E+01 .1000E+01 .8949E+00 .9483E+00 .3281E+00
.3900E+03 .7290E+00 .2809E+00 .6746E+00 .9999E+00 .9963E+00 .1000E+01 .1000E+01 .8950E+00 .9938E+00 .3437E+00
.3905E+03 .7354E+00 .2820E+00 .6760E+00 .9999E+00 .9963E+00 .1000E+01 .1000E+01 .8952E+00 .1001E+01 .3461E+00
.3910E+03 .7792E+00 .2973E+00 .6775E+00 .9999E+00 .9964E+00 .1000E+01 .1000E+01 .8953E+00 .1059E+01 .3660E+00
.3915E+03 .7906E+00 .3002E+00 .6789E+00 .9999E+00 .9962E+00 .1000E+01 .1000E+01 .8954E+00 .1073E+01 .3706E+00
.3920E+03 .7282E+00 .2751E+00 .6803E+00 .9999E+00 .9960E+00 .1000E+01 .1000E+01 .8955E+00 .9873E+00 .3406E+00
.3925E+03 .6071E+00 .2283E+00 .6816E+00 .9999E+00 .9963E+00 .1000E+01 .1000E+01 .8957E+00 .8220E+00 .2835E+00
.3930E+03 .4397E+00 .1646E+00 .6830E+00 .9999E+00 .9965E+00 .1000E+01 .1000E+01 .8958E+00 .5946E+00 .2049E+00
.3935E+03 .3497E+00 .1303E+00 .6844E+00 .9999E+00 .9967E+00 .1000E+01 .1000E+01 .8959E+00 .4723E+00 .1628E+00
.3940E+03 .4545E+00 .1686E+00 .6858E+00 .9999E+00 .9966E+00 .1000E+01 .9999E+00 .8960E+00 .6131E+00 .2112E+00
.3945E+03 .6271E+00 .2317E+00 .6871E+00 .9999E+00 .9968E+00 .1000E+01 .9999E+00 .8961E+00 .8450E+00 .2911E+00
.3950E+03 .7410E+00 .2724E+00 .6885E+00 .9999E+00 .9965E+00 .1000E+01 .1000E+01 .8963E+00 .9971E+00 .3435E+00
.3955E+03 .7896E+00 .2889E+00 .6899E+00 .9999E+00 .9961E+00 .1000E+01 .1000E+01 .8964E+00 .1061E+01 .3654E+00
.3960E+03 .6945E+00 .2529E+00 .6912E+00 .9999E+00 .9961E+00 .1000E+01 .1000E+01 .8965E+00 .9322E+00 .3208E+00
.3965E+03 .5051E+00 .1832E+00 .6925E+00 .9999E+00 .9966E+00 .1000E+01 .1000E+01 .8966E+00 .6771E+00 .2330E+00
.3970E+03 .3914E+00 .1413E+00 .6939E+00 .9999E+00 .9967E+00 .1000E+01 .1000E+01 .8968E+00 .5240E+00 .1802E+00
.3975E+03 .5782E+00 .2077E+00 .6952E+00 .9999E+00 .9966E+00 .1000E+01 .1000E+01 .8969E+00 .7732E+00 .2657E+00
.3980E+03 .7835E+00 .2801E+00 .6965E+00 .9999E+00 .9960E+00 .1000E+01 .1000E+01 .8970E+00 .1046E+01 .3595E+00
.3985E+03 .9257E+00 .3294E+00 .6978E+00 .9999E+00 .9958E+00 .1000E+01 .1000E+01 .8971E+00 .1235E+01 .4241E+00
.3990E+03 .9830E+00 .3484E+00 .6991E+00 .9999E+00 .9966E+00 .1000E+01 .1000E+01 .8972E+00 .1310E+01 .4498E+00
.3995E+03 .1013E+01 .3576E+00 .7004E+00 .9999E+00 .9965E+00 .1000E+01 .1000E+01 .8974E+00 .1349E+01 .4631E+00
.4000E+03 .1025E+01 .3599E+00 .7017E+00 .9999E+00 .9958E+00 .1000E+01 .1000E+01 .8975E+00 .1362E+01 .4677E+00
Wvlgth Direct_normal_irradiance Difuse_horizn_irradiance RayleighScat_trnsmittnce Ozone_totl_transmittance Trace_gas__transmittance WaterVapor_transmittance Mixed_gas__transmittance Aerosol_tot_transmittnce Global_horizn_irradiance Global_tilted_irradiance
.2800E+03 .1477E-17 .3619E-18 .1873E+00 .1177E-15 .9963E+00 .1000E+01 .9866E+00 .8527E+00 .1753E-17 .7017E-18
.2805E+03 .1993E-16 .4905E-17 .1898E+00 .1289E-14 .9968E+00 .1000E+01 .9925E+00 .8529E+00 .2368E-16 .9480E-17
.2810E+03 .7683E-16 .1843E-16 .1922E+00 .3234E-14 .9969E+00 .1000E+01 .9934E+00 .8531E+00 .9079E-16 .3630E-16
.2815E+03 .1118E-14 .2678E-15 .1947E+00 .3282E-13 .9963E+00 .1000E+01 .9949E+00 .8534E+00 .1320E-14 .5279E-15
.2820E+03 .6024E-14 .1419E-14 .1972E+00 .1384E-12 .9965E+00 .1000E+01 .9963E+00 .8536E+00 .7093E-14 .2834E-14
.2825E+03 .1819E-13 .4175E-14 .1997E+00 .3632E-12 .9971E+00 .1000E+01 .9973E+00 .8538E+00 .2131E-13 .8501E-14
.2830E+03 .5712E-13 .1276E-13 .2022E+00 .1050E-11 .9968E+00 .1000E+01 .9973E+00 .8541E+00 .6656E-13 .2651E-13
.2835E+03 .9676E-13 .2082E-13 .2047E+00 .1767E-11 .9965E+00 .1000E+01 .9975E+00 .8543E+00 .1119E-12 .4451E-13
.2840E+03 .1006E-11 .2158E-12 .2072E+00 .1960E-10 .9969E+00 .1000E+01 .9976E+00 .8545E+00 .1164E-11 .4626E-12
.2845E+03 .2633E-11 .8456E-12 .2097E+00 .6054E-10 .9968E+00 .1000E+01 .9974E+00 .8548E+00 .3325E-11 .1356E-11
.2850E+03 .6219E-11 .2269E-11 .2122E+00 .2010E-09 .9963E+00 .1000E+01 .9979E+00 .8550E+00 .8126E-11 .3343E-11
.2855E+03 .2274E-10 .1003E-10 .2147E+00 .8243E-09 .9964E+00 .1000E+01 .9974E+00 .8552E+00 .3144E-10 .1312E-10
.2860E+03 .6400E-10 .2994E-10 .2173E+00 .1467E-08 .9970E+00 .1000E+01 .9974E+00 .8555E+00 .9021E-10 .3782E-10
.2865E+03 .2867E-09 .1649E-09 .2198E+00 .4739E-08 .9967E+00 .1000E+01 .9938E+00 .8557E+00 .4349E-09 .1854E-09
.2870E+03 .7501E-09 .5171E-09 .2223E+00 .1130E-07 .9962E+00 .1000E+01 .9923E+00 .8559E+00 .1224E-08 .5293E-09
.2875E+03 .2198E-08 .2152E-08 .2249E+00 .3482E-07 .9968E+00 .1000E+01 .9949E+00 .8562E+00 .4221E-08 .1880E-08
.2880E+03 .8516E-08 .4782E-08 .2274E+00 .1454E-06 .9971E+00 .1000E+01 .9945E+00 .8564E+00 .1280E-07 .5447E-08
.2885E+03 .1937E-07 .1120E-07 .2299E+00 .3130E-06 .9968E+00 .1000E+01 .9946E+00 .8566E+00 .2945E-07 .1256E-07
.2890E+03 .5152E-07 .3084E-07 .2325E+00 .6830E-06 .9964E+00 .1000E+01 .9942E+00 .8568E+00 .7937E-07 .3396E-07
.2895E+03 .1511E-06 .9535E-07 .2351E+00 .1615E-05 .9972E+00 .1000E+01 .9967E+00 .8571E+00 .2376E-06 .1021E-06
.2900E+03 .3615E-06 .2357E-06 .2376E+00 .3246E-05 .9968E+00 .1000E+01 .9990E+00 .8573E+00 .5762E-06 .2483E-06
.2905E+03 .7099E-06 .4706E-06 .2402E+00 .5859E-05 .9965E+00 .1000E+01 .9991E+00 .8575E+00 .1139E-05 .4917E-06
.2910E+03 .1487E-05 .1027E-05 .2427E+00 .1189E-04 .9967E+00 .1000E+01 .9993E+00 .8577E+00 .2427E-05 .1051E-05
.2915E+03 .3564E-05 .2441E-05 .2453E+00 .2914E-04 .9973E+00 .1000E+01 .9993E+00 .8579E+00 .5798E-05 .2509E-05
.2920E+03 .7093E-05 .4790E-05 .2479E+00 .6055E-04 .9966E+00 .1000E+01 .9994E+00 .8582E+00 .1147E-04 .4959E-05
.2925E+03 .1012E-04 .6440E-05 .2504E+00 .9161E-04 .9964E+00 .1000E+01 .9995E+00 .8584E+00 .1597E-04 .6871E-05
.2930E+03 .1758E-04 .1061E-04 .2530E+00 .1547E-03 .9973E+00 .1000E+01 .9996E+00 .8586E+00 .2717E-04 .1164E-04
.2935E+03 .3719E-04 .2163E-04 .2556E+00 .3174E-03 .9975E+00 .1000E+01 .9996E+00 .8588E+00 .5665E-04 .2420E-04
.2940E+03 .5954E-04 .3186E-04 .2582E+00 .5185E-03 .9964E+00 .1000E+01 .9998E+00 .8590E+00 .8793E-04 .3732E-04
.2945E+03 .8459E-04 .5906E-04 .2607E+00 .7471E-03 .9965E+00 .1000E+01 .1000E+01 .8593E+00 .1387E-03 .6017E-04
.2950E+03 .1369E-03 .1016E-03 .2633E+00 .1180E-02 .9975E+00 .1000E+01 .1000E+01 .8595E+00 .2306E-03 .1005E-03
.2955E+03 .2586E-03 .1368E-03 .2659E+00 .2080E-02 .9978E+00 .1000E+01 .1000E+01 .8597E+00 .3804E-03 .1613E-03
.2960E+03 .3960E-03 .2212E-03 .2685E+00 .3081E-02 .9963E+00 .1000E+01 .1000E+01 .8599E+00 .5942E-03 .2532E-03
.2965E+03 .5267E-03 .3106E-03 .2711E+00 .4461E-02 .9967E+00 .1000E+01 .1000E+01 .8601E+00 .8066E-03 .3452E-03
.2970E+03 .6524E-03 .4016E-03 .2736E+00 .5960E-02 .9975E+00 .1000E+01 .1000E+01 .8603E+00 .1016E-02 .4364E-03
.2975E+03 .1098E-02 .7230E-03 .2762E+00 .8972E-02 .9977E+00 .1000E+01 .1000E+01 .8605E+00 .1757E-02 .7589E-03
.2980E+03 .1539E-02 .1072E-02 .2788E+00 .1250E-01 .9962E+00 .1000E+01 .1000E+01 .8608E+00 .2521E-02 .1094E-02
.2985E+03 .1759E-02 .1277E-02 .2814E+00 .1596E-01 .9968E+00 .1000E+01 .1000E+01 .8610E+00 .2934E-02 .1278E-02
.2990E+03 .2247E-02 .1698E-02 .2840E+00 .2001E-01 .9977E+00 .1000E+01 .1000E+01 .8612E+00 .3814E-02 .1667E-02
.2995E+03 .3454E-02 .2809E-02 .2866E+00 .2870E-01 .9979E+00 .1000E+01 .1000E+01 .8614E+00 .6062E-02 .2666E-02
.3000E+03 .3922E-02 .3320E-02 .2891E+00 .3539E-01 .9960E+00 .1000E+01 .1000E+01 .8616E+00 .7013E-02 .3095E-02
.3005E+03 .4488E-02 .3942E-02 .2917E+00 .4240E-01 .9970E+00 .1000E+01 .1000E+01 .8618E+00 .8169E-02 .3618E-02
.3010E+03 .6326E-02 .5910E-02 .2943E+00 .5535E-01 .9979E+00 .1000E+01 .1000E+01 .8620E+00 .1187E-01 .5287E-02
.3015E+03 .8182E-02 .8048E-02 .2969E+00 .6876E-01 .9981E+00 .1000E+01 .1000E+01 .8622E+00 .1575E-01 .7053E-02
.3020E+03 .8601E-02 .8381E-02 .2995E+00 .7633E-01 .9965E+00 .1000E+01 .1000E+01 .8624E+00 .1648E-01 .7377E-02
.3025E+03 .1181E-01 .1129E-01 .3020E+00 .9175E-01 .9969E+00 .1000E+01 .1000E+01 .8626E+00 .2241E-01 .1002E-01
.3030E+03 .1800E-01 .1687E-01 .3046E+00 .1150E+00 .9980E+00 .1000E+01 .1000E+01 .8629E+00 .3382E-01 .1509E-01
.3035E+03 .2178E-01 .2029E-01 .3072E+00 .1307E+00 .9982E+00 .1000E+01 .1000E+01 .8631E+00 .4080E-01 .1820E-01
.3040E+03 .2244E-01 .2077E-01 .3098E+00 .1390E+00 .9971E+00 .1000E+01 .1000E+01 .8633E+00 .4190E-01 .1868E-01
.3045E+03 .2644E-01 .2446E-01 .3123E+00 .1611E+00 .9967E+00 .1000E+01 .1000E+01 .8635E+00 .4935E-01 .2200E-01
.3050E+03 .3316E-01 .3083E-01 .3149E+00 .1952E+00 .9979E+00 .1000E+01 .1000E+01 .8637E+00 .6206E-01 .2768E-01
.3055E+03 .3573E-01 .3321E-01 .3175E+00 .2190E+00 .9983E+00 .1000E+01 .1000E+01 .8639E+00 .6686E-01 .2982E-01
.3060E+03 .3482E-01 .3218E-01 .3200E+00 .2291E+00 .9978E+00 .1000E+01 .1000E+01 .8641E+00 .6498E-01 .2897E-01
.3065E+03 .3829E-01 .3525E-01 .3226E+00 .2456E+00 .9970E+00 .1000E+01 .1000E+01 .8643E+00 .7131E-01 .3179E-01
.3070E+03 .4690E-01 .4336E-01 .3251E+00 .2835E+00 .9976E+00 .1000E+01 .1000E+01 .8645E+00 .8753E-01 .3903E-01
.3075E+03 .5614E-01 .5209E-01 .3277E+00 .3227E+00 .9978E+00 .1000E+01 .1000E+01 .8647E+00 .1050E+00 .4683E-01
.3080E+03 .5920E-01 .5458E-01 .3302E+00 .3302E+00 .9980E+00 .1000E+01 .1000E+01 .8649E+00 .1103E+00 .4920E-01
.3085E+03 .6290E-01 .6508E-01 .3328E+00 .3507E+00 .9974E+00 .1000E+01 .1000E+01 .8651E+00 .1243E+00 .5597E-01
.3090E+03 .6014E-01 .6124E-01 .3353E+00 .3673E+00 .9978E+00 .1000E+01 .1000E+01 .8653E+00 .1179E+00 .5300E-01
.3095E+03 .5968E-01 .5916E-01 .3379E+00 .4193E+00 .9982E+00 .1000E+01 .1000E+01 .8655E+00 .1154E+00 .5176E-01
.3100E+03 .6802E-01 .6633E-01 .3404E+00 .4449E+00 .9980E+00 .1000E+01 .1000E+01 .8657E+00 .1304E+00 .5842E-01
.3105E+03 .8636E-01 .8316E-01 .3430E+00 .4586E+00 .9973E+00 .1000E+01 .1000E+01 .8659E+00 .1645E+00 .7362E-01
.3110E+03 .1065E+00 .1012E+00 .3455E+00 .4802E+00 .9976E+00 .1000E+01 .1000E+01 .8661E+00 .2015E+00 .9010E-01
.3115E+03 .1070E+00 .1006E+00 .3480E+00 .4901E+00 .9981E+00 .1000E+01 .1000E+01 .8663E+00 .2014E+00 .8996E-01
.3120E+03 .1124E+00 .1039E+00 .3506E+00 .5383E+00 .9982E+00 .1000E+01 .1000E+01 .8665E+00 .2098E+00 .9358E-01
.3125E+03 .1151E+00 .1050E+00 .3531E+00 .5716E+00 .9982E+00 .1000E+01 .1000E+01 .8667E+00 .2134E+00 .9511E-01
.3130E+03 .1228E+00 .1108E+00 .3556E+00 .5899E+00 .9979E+00 .1000E+01 .1000E+01 .8669E+00 .2265E+00 .1009E+00
.3135E+03 .1257E+00 .1126E+00 .3581E+00 .5746E+00 .9977E+00 .1000E+01 .1000E+01 .8670E+00 .2310E+00 .1028E+00
.3140E+03 .1341E+00 .1186E+00 .3606E+00 .6145E+00 .9979E+00 .1000E+01 .1000E+01 .8672E+00 .2449E+00 .1089E+00
.3145E+03 .1386E+00 .1212E+00 .3631E+00 .6689E+00 .9980E+00 .1000E+01 .1000E+01 .8674E+00 .2517E+00 .1118E+00
.3150E+03 .1436E+00 .1244E+00 .3656E+00 .6797E+00 .9980E+00 .1000E+01 .1000E+01 .8676E+00 .2597E+00 .1153E+00
.3155E+03 .1285E+00 .1106E+00 .3681E+00 .6541E+00 .9981E+00 .1000E+01 .1000E+01 .8678E+00 .2316E+00 .1028E+00
.3160E+03 .1283E+00 .1093E+00 .3706E+00 .6981E+00 .9983E+00 .1000E+01 .1000E+01 .8680E+00 .2301E+00 .1020E+00
.3165E+03 .1508E+00 .1273E+00 .3731E+00 .7367E+00 .9984E+00 .1000E+01 .1000E+01 .8682E+00 .2693E+00 .1194E+00
.3170E+03 .1728E+00 .1446E+00 .3756E+00 .7368E+00 .9976E+00 .1000E+01 .1000E+01 .8684E+00 .3073E+00 .1362E+00
.3175E+03 .1861E+00 .1545E+00 .3781E+00 .7265E+00 .9975E+00 .1000E+01 .1000E+01 .8686E+00 .3298E+00 .1462E+00
.3180E+03 .1752E+00 .1443E+00 .3805E+00 .7526E+00 .9978E+00 .1000E+01 .1000E+01 .8688E+00 .3093E+00 .1371E+00
.3185E+03 .1767E+00 .1450E+00 .3830E+00 .8023E+00 .9981E+00 .1000E+01 .1000E+01 .8690E+00 .3115E+00 .1381E+00
.3190E+03 .1904E+00 .1565E+00 .3855E+00 .8273E+00 .9983E+00 .1000E+01 .1000E+01 .8691E+00 .3359E+00 .1490E+00
.3195E+03 .1897E+00 .1528E+00 .3879E+00 .7883E+00 .9982E+00 .1000E+01 .1000E+01 .8693E+00 .3315E+00 .1469E+00
.3200E+03 .2003E+00 .1601E+00 .3904E+00 .7824E+00 .9981E+00 .1000E+01 .1000E+01 .8695E+00 .3487E+00 .1546E+00
.3205E+03 .2286E+00 .1838E+00 .3928E+00 .8323E+00 .9981E+00 .1000E+01 .1000E+01 .8697E+00 .3991E+00 .1771E+00
.3210E+03 .2243E+00 .1817E+00 .3953E+00 .8762E+00 .9973E+00 .1000E+01 .1000E+01 .8699E+00 .3929E+00 .1746E+00
.3215E+03 .2133E+00 .1718E+00 .3977E+00 .8811E+00 .9977E+00 .1000E+01 .1000E+01 .8701E+00 .3727E+00 .1656E+00
.3220E+03 .2080E+00 .1636E+00 .4001E+00 .8350E+00 .9980E+00 .1000E+01 .1000E+01 .8703E+00 .3595E+00 .1595E+00
.3225E+03 .2032E+00 .1587E+00 .4025E+00 .8372E+00 .9981E+00 .1000E+01 .1000E+01 .8704E+00 .3500E+00 .1553E+00
.3230E+03 .1932E+00 .1515E+00 .4050E+00 .8676E+00 .9981E+00 .1000E+01 .1000E+01 .8706E+00 .3334E+00 .1481E+00
.3235E+03 .2160E+00 .1779E+00 .4074E+00 .9183E+00 .9982E+00 .1000E+01 .1000E+01 .8708E+00 .3813E+00 .1702E+00
.3240E+03 .2382E+00 .1953E+00 .4098E+00 .9260E+00 .9981E+00 .1000E+01 .1000E+01 .8710E+00 .4196E+00 .1873E+00
.3245E+03 .2500E+00 .2019E+00 .4122E+00 .9077E+00 .9980E+00 .1000E+01 .1000E+01 .8712E+00 .4373E+00 .1951E+00
.3250E+03 .2547E+00 .1941E+00 .4146E+00 .8743E+00 .9973E+00 .1000E+01 .1000E+01 .8714E+00 .4340E+00 .1928E+00
.3255E+03 .2900E+00 .2213E+00 .4170E+00 .8981E+00 .9972E+00 .1000E+01 .9999E+00 .8715E+00 .4945E+00 .2198E+00
.3260E+03 .3307E+00 .2636E+00 .4193E+00 .9314E+00 .9977E+00 .1000E+01 .9999E+00 .8717E+00 .5750E+00 .2567E+00
.3265E+03 .3466E+00 .2767E+00 .4217E+00 .9528E+00 .9979E+00 .1000E+01 .9999E+00 .8719E+00 .6031E+00 .2694E+00
.3270E+03 .3420E+00 .2702E+00 .4241E+00 .9457E+00 .9981E+00 .1000E+01 .9999E+00 .8721E+00 .5923E+00 .2646E+00
.3275E+03 .3343E+00 .2611E+00 .4265E+00 .9358E+00 .9980E+00 .1000E+01 .9999E+00 .8723E+00 .5760E+00 .2572E+00
.3280E+03 .3150E+00 .2412E+00 .4288E+00 .9043E+00 .9980E+00 .1000E+01 .9999E+00 .8724E+00 .5379E+00 .2399E+00
.3285E+03 .3219E+00 .2484E+00 .4312E+00 .9413E+00 .9979E+00 .1000E+01 .9999E+00 .8726E+00 .5515E+00 .2463E+00
.3290E+03 .3574E+00 .2767E+00 .4335E+00 .9667E+00 .9974E+00 .1000E+01 .9999E+00 .8728E+00 .6133E+00 .2742E+00
.3295E+03 .3948E+00 .3045E+00 .4358E+00 .9740E+00 .9971E+00 .1000E+01 .9999E+00 .8730E+00 .6763E+00 .3024E+00
.3300E+03 .4000E+00 .3055E+00 .4382E+00 .9687E+00 .9974E+00 .1000E+01 .9999E+00 .8731E+00 .6822E+00 .3050E+00
.3305E+03 .3707E+00 .2788E+00 .4405E+00 .9497E+00 .9977E+00 .1000E+01 .9999E+00 .8733E+00 .6279E+00 .2805E+00
.3310E+03 .3515E+00 .2618E+00 .4428E+00 .9426E+00 .9979E+00 .1000E+01 .9998E+00 .8735E+00 .5929E+00 .2648E+00
.3315E+03 .3600E+00 .2679E+00 .4451E+00 .9573E+00 .9979E+00 .1000E+01 .9998E+00 .8737E+00 .6070E+00 .2713E+00
.3320E+03 .3689E+00 .2750E+00 .4474E+00 .9766E+00 .9980E+00 .1000E+01 .9998E+00 .8738E+00 .6224E+00 .2783E+00
.3325E+03 .3689E+00 .2742E+00 .4497E+00 .9845E+00 .9978E+00 .1000E+01 .9998E+00 .8740E+00 .6216E+00 .2781E+00
.3330E+03 .3631E+00 .2673E+00 .4520E+00 .9802E+00 .9974E+00 .1000E+01 .9998E+00 .8742E+00 .6092E+00 .2725E+00
.3335E+03 .3498E+00 .2540E+00 .4543E+00 .9669E+00 .9969E+00 .1000E+01 .9998E+00 .8744E+00 .5834E+00 .2609E+00
.3340E+03 .3576E+00 .2577E+00 .4566E+00 .9642E+00 .9972E+00 .1000E+01 .9998E+00 .8745E+00 .5945E+00 .2658E+00
.3345E+03 .3780E+00 .2725E+00 .4588E+00 .9796E+00 .9975E+00 .1000E+01 .9997E+00 .8747E+00 .6285E+00 .2812E+00
.3350E+03 .3912E+00 .2812E+00 .4611E+00 .9877E+00 .9974E+00 .1000E+01 .9997E+00 .8749E+00 .6496E+00 .2907E+00
.3355E+03 .3810E+00 .2945E+00 .4634E+00 .9914E+00 .9977E+00 .1000E+01 .9997E+00 .8750E+00 .6534E+00 .2943E+00
.3360E+03 .3496E+00 .2686E+00 .4656E+00 .9913E+00 .9977E+00 .1000E+01 .9997E+00 .8752E+00 .5979E+00 .2694E+00
.3365E+03 .3249E+00 .2284E+00 .4678E+00 .9840E+00 .9977E+00 .1000E+01 .9997E+00 .8754E+00 .5344E+00 .2392E+00
.3370E+03 .3203E+00 .2230E+00 .4701E+00 .9781E+00 .9977E+00 .1000E+01 .9996E+00 .8756E+00 .5246E+00 .2347E+00
.3375E+03 .3444E+00 .2379E+00 .4723E+00 .9757E+00 .9979E+00 .1000E+01 .9996E+00 .8757E+00 .5623E+00 .2515E+00
.3380E+03 .3693E+00 .2548E+00 .4745E+00 .9872E+00 .9978E+00 .1000E+01 .9996E+00 .8759E+00 .6026E+00 .2697E+00
.3385E+03 .3858E+00 .2821E+00 .4767E+00 .9929E+00 .9963E+00 .1000E+01 .9996E+00 .8761E+00 .6454E+00 .2905E+00
.3390E+03 .3927E+00 .2818E+00 .4789E+00 .9944E+00 .9966E+00 .1000E+01 .9995E+00 .8762E+00 .6516E+00 .2930E+00
.3395E+03 .4026E+00 .2898E+00 .4811E+00 .9933E+00 .9972E+00 .1000E+01 .9995E+00 .8764E+00 .6690E+00 .3011E+00
.3400E+03 .4290E+00 .2883E+00 .4833E+00 .9878E+00 .9975E+00 .1000E+01 .9994E+00 .8766E+00 .6923E+00 .3100E+00
.3405E+03 .4281E+00 .2859E+00 .4855E+00 .9888E+00 .9975E+00 .1000E+01 .9992E+00 .8767E+00 .6890E+00 .3086E+00
.3410E+03 .4011E+00 .2810E+00 .4877E+00 .9941E+00 .9973E+00 .1000E+01 .9991E+00 .8769E+00 .6588E+00 .2963E+00
.3415E+03 .3989E+00 .2719E+00 .4899E+00 .9966E+00 .9972E+00 .1000E+01 .9989E+00 .8771E+00 .6475E+00 .2908E+00
.3420E+03 .4163E+00 .2806E+00 .4920E+00 .9971E+00 .9974E+00 .1000E+01 .9987E+00 .8772E+00 .6726E+00 .3020E+00
.3425E+03 .4319E+00 .2879E+00 .4942E+00 .9977E+00 .9976E+00 .1000E+01 .9985E+00 .8774E+00 .6947E+00 .3118E+00
.3430E+03 .4391E+00 .2941E+00 .4963E+00 .9963E+00 .9976E+00 .1000E+01 .9984E+00 .8776E+00 .7077E+00 .3179E+00
.3435E+03 .4156E+00 .2788E+00 .4985E+00 .9953E+00 .9971E+00 .1000E+01 .9984E+00 .8777E+00 .6702E+00 .3013E+00
.3440E+03 .3605E+00 .2528E+00 .5006E+00 .9895E+00 .9969E+00 .1000E+01 .9985E+00 .8779E+00 .5924E+00 .2675E+00
.3445E+03 .3461E+00 .2335E+00 .5027E+00 .9932E+00 .9971E+00 .1000E+01 .9987E+00 .8780E+00 .5595E+00 .2519E+00
.3450E+03 .3930E+00 .2567E+00 .5048E+00 .9963E+00 .9972E+00 .1000E+01 .9990E+00 .8782E+00 .6268E+00 .2817E+00
.3455E+03 .4188E+00 .2696E+00 .5069E+00 .9973E+00 .9974E+00 .1000E+01 .9993E+00 .8784E+00 .6639E+00 .2982E+00
.3460E+03 .4089E+00 .2602E+00 .5090E+00 .9980E+00 .9973E+00 .1000E+01 .9995E+00 .8785E+00 .6454E+00 .2898E+00
.3465E+03 .4167E+00 .2626E+00 .5111E+00 .9984E+00 .9972E+00 .1000E+01 .9996E+00 .8787E+00 .6550E+00 .2940E+00
.3470E+03 .4240E+00 .2677E+00 .5132E+00 .9974E+00 .9972E+00 .1000E+01 .9997E+00 .8789E+00 .6671E+00 .2997E+00
.3475E+03 .4098E+00 .2580E+00 .5153E+00 .9970E+00 .9973E+00 .1000E+01 .9997E+00 .8790E+00 .6439E+00 .2894E+00
.3480E+03 .4081E+00 .2526E+00 .5174E+00 .9983E+00 .9969E+00 .1000E+01 .9998E+00 .8792E+00 .6370E+00 .2861E+00
.3485E+03 .4154E+00 .2541E+00 .5194E+00 .9990E+00 .9962E+00 .1000E+01 .9998E+00 .8793E+00 .6452E+00 .2897E+00
.3490E+03 .4003E+00 .2429E+00 .5215E+00 .9992E+00 .9966E+00 .1000E+01 .9998E+00 .8795E+00 .6199E+00 .2783E+00
.3495E+03 .4114E+00 .2485E+00 .5235E+00 .9991E+00 .9971E+00 .1000E+01 .9997E+00 .8796E+00 .6359E+00 .2856E+00
.3500E+03 .4547E+00 .2728E+00 .5256E+00 .9992E+00 .9973E+00 .1000E+01 .9997E+00 .8798E+00 .7011E+00 .3148E+00
.3505E+03 .4893E+00 .2917E+00 .5276E+00 .9992E+00 .9972E+00 .1000E+01 .9997E+00 .8800E+00 .7525E+00 .3379E+00
.3510E+03 .4766E+00 .2836E+00 .5296E+00 .9986E+00 .9970E+00 .1000E+01 .9997E+00 .8801E+00 .7325E+00 .3291E+00
.3515E+03 .4594E+00 .2753E+00 .5316E+00 .9970E+00 .9971E+00 .1000E+01 .9996E+00 .8803E+00 .7080E+00 .3184E+00
.3520E+03 .4485E+00 .2649E+00 .5337E+00 .9981E+00 .9972E+00 .1000E+01 .9996E+00 .8804E+00 .6872E+00 .3089E+00
.3525E+03 .4240E+00 .2475E+00 .5357E+00 .9988E+00 .9972E+00 .1000E+01 .9995E+00 .8806E+00 .6469E+00 .2907E+00
.3530E+03 .4509E+00 .2608E+00 .5377E+00 .9992E+00 .9975E+00 .1000E+01 .9995E+00 .8807E+00 .6854E+00 .3080E+00
.3535E+03 .4965E+00 .2849E+00 .5396E+00 .9995E+00 .9973E+00 .1000E+01 .9994E+00 .8809E+00 .7525E+00 .3381E+00
.3540E+03 .5257E+00 .2993E+00 .5416E+00 .9996E+00 .9968E+00 .1000E+01 .9993E+00 .8811E+00 .7944E+00 .3569E+00
.3545E+03 .5318E+00 .3008E+00 .5436E+00 .9997E+00 .9962E+00 .1000E+01 .9992E+00 .8812E+00 .8016E+00 .3602E+00
.3550E+03 .5320E+00 .2995E+00 .5456E+00 .9995E+00 .9962E+00 .1000E+01 .9991E+00 .8814E+00 .8006E+00 .3598E+00
.3555E+03 .5136E+00 .2873E+00 .5475E+00 .9996E+00 .9969E+00 .1000E+01 .9988E+00 .8815E+00 .7710E+00 .3466E+00
.3560E+03 .4820E+00 .2678E+00 .5495E+00 .9997E+00 .9971E+00 .1000E+01 .9986E+00 .8817E+00 .7218E+00 .3245E+00
.3565E+03 .4525E+00 .2499E+00 .5514E+00 .9997E+00 .9969E+00 .1000E+01 .9983E+00 .8818E+00 .6760E+00 .3039E+00
.3570E+03 .3983E+00 .2187E+00 .5533E+00 .9997E+00 .9965E+00 .1000E+01 .9979E+00 .8820E+00 .5938E+00 .2670E+00
.3575E+03 .4035E+00 .2200E+00 .5553E+00 .9997E+00 .9965E+00 .1000E+01 .9973E+00 .8821E+00 .6000E+00 .2698E+00
.3580E+03 .3758E+00 .2036E+00 .5572E+00 .9998E+00 .9967E+00 .1000E+01 .9968E+00 .8823E+00 .5575E+00 .2507E+00
.3585E+03 .3492E+00 .1880E+00 .5591E+00 .9998E+00 .9969E+00 .1000E+01 .9961E+00 .8824E+00 .5169E+00 .2324E+00
.3590E+03 .4111E+00 .2202E+00 .5610E+00 .9998E+00 .9971E+00 .1000E+01 .9955E+00 .8826E+00 .6074E+00 .2732E+00
.3595E+03 .4959E+00 .2646E+00 .5629E+00 .9995E+00 .9970E+00 .1000E+01 .9950E+00 .8827E+00 .7316E+00 .3291E+00
.3600E+03 .5249E+00 .2782E+00 .5648E+00 .9996E+00 .9970E+00 .1000E+01 .9947E+00 .8829E+00 .7726E+00 .3476E+00
.3605E+03 .4964E+00 .2613E+00 .5666E+00 .9997E+00 .9967E+00 .1000E+01 .9947E+00 .8830E+00 .7288E+00 .3279E+00
.3610E+03 .4570E+00 .2391E+00 .5685E+00 .9998E+00 .9965E+00 .1000E+01 .9950E+00 .8832E+00 .6695E+00 .3013E+00
.3615E+03 .4476E+00 .2329E+00 .5704E+00 .9999E+00 .9967E+00 .1000E+01 .9959E+00 .8833E+00 .6545E+00 .2946E+00
.3620E+03 .4693E+00 .2429E+00 .5722E+00 .9999E+00 .9967E+00 .1000E+01 .9969E+00 .8835E+00 .6849E+00 .3083E+00
.3625E+03 .5141E+00 .2647E+00 .5741E+00 .9999E+00 .9967E+00 .1000E+01 .9978E+00 .8836E+00 .7489E+00 .3372E+00
.3630E+03 .5290E+00 .2710E+00 .5759E+00 .9999E+00 .9967E+00 .1000E+01 .9985E+00 .8838E+00 .7693E+00 .3464E+00
.3635E+03 .5148E+00 .2624E+00 .5778E+00 .9999E+00 .9968E+00 .1000E+01 .9990E+00 .8839E+00 .7472E+00 .3366E+00
.3640E+03 .5334E+00 .2705E+00 .5796E+00 .9999E+00 .9969E+00 .1000E+01 .9993E+00 .8841E+00 .7728E+00 .3482E+00
.3645E+03 .5288E+00 .2667E+00 .5814E+00 .9999E+00 .9965E+00 .1000E+01 .9995E+00 .8842E+00 .7647E+00 .3445E+00
.3650E+03 .5494E+00 .2756E+00 .5832E+00 .9999E+00 .9962E+00 .1000E+01 .9997E+00 .8844E+00 .7931E+00 .3574E+00
.3655E+03 .6051E+00 .3018E+00 .5850E+00 .9999E+00 .9961E+00 .1000E+01 .9998E+00 .8845E+00 .8717E+00 .3929E+00
.3660E+03 .6486E+00 .3218E+00 .5868E+00 .9999E+00 .9964E+00 .1000E+01 .9998E+00 .8847E+00 .9327E+00 .4204E+00
.3665E+03 .6501E+00 .3209E+00 .5886E+00 .9999E+00 .9968E+00 .1000E+01 .9999E+00 .8848E+00 .9332E+00 .4208E+00
.3670E+03 .6386E+00 .3134E+00 .5904E+00 .1000E+01 .9966E+00 .1000E+01 .9999E+00 .8849E+00 .9148E+00 .4126E+00
.3675E+03 .6272E+00 .3062E+00 .5922E+00 .1000E+01 .9963E+00 .1000E+01 .9999E+00 .8851E+00 .8968E+00 .4045E+00
.3680E+03 .5910E+00 .2870E+00 .5939E+00 .1000E+01 .9964E+00 .1000E+01 .9999E+00 .8852E+00 .8436E+00 .3806E+00
.3685E+03 .5872E+00 .2837E+00 .5957E+00 .9999E+00 .9965E+00 .1000E+01 .9999E+00 .8854E+00 .8368E+00 .3776E+00
.3690E+03 .6140E+00 .2951E+00 .5974E+00 .9999E+00 .9965E+00 .1000E+01 .9999E+00 .8855E+00 .8734E+00 .3942E+00
.3695E+03 .6597E+00 .3154E+00 .5992E+00 .9999E+00 .9965E+00 .1000E+01 .9999E+00 .8857E+00 .9367E+00 .4228E+00
.3700E+03 .6690E+00 .3181E+00 .6009E+00 .1000E+01 .9965E+00 .1000E+01 .9999E+00 .8858E+00 .9482E+00 .4281E+00
.3705E+03 .6050E+00 .2862E+00 .6027E+00 .1000E+01 .9967E+00 .1000E+01 .9999E+00 .8859E+00 .8560E+00 .3865E+00
.3710E+03 .6148E+00 .2893E+00 .6044E+00 .1000E+01 .9968E+00 .1000E+01 .9999E+00 .8861E+00 .8683E+00 .3922E+00
.3715E+03 .6393E+00 .2992E+00 .6061E+00 .1000E+01 .9964E+00 .1000E+01 .9999E+00 .8862E+00 .9012E+00 .4071E+00
.3720E+03 .5988E+00 .2787E+00 .6078E+00 .1000E+01 .9960E+00 .1000E+01 .9999E+00 .8864E+00 .8426E+00 .3807E+00
.3725E+03 .5707E+00 .2643E+00 .6095E+00 .1000E+01 .9960E+00 .1000E+01 .9999E+00 .8865E+00 .8018E+00 .3623E+00
.3730E+03 .5499E+00 .2534E+00 .6112E+00 .1000E+01 .9963E+00 .1000E+01 .9999E+00 .8867E+00 .7713E+00 .3486E+00
.3735E+03 .4959E+00 .2274E+00 .6129E+00 .1000E+01 .9966E+00 .1000E+01 .9999E+00 .8868E+00 .6944E+00 .3139E+00
.3740E+03 .4948E+00 .2257E+00 .6146E+00 .1000E+01 .9965E+00 .1000E+01 .9999E+00 .8869E+00 .6918E+00 .3128E+00
.3745E+03 .4914E+00 .2231E+00 .6162E+00 .1000E+01 .9967E+00 .1000E+01 .9998E+00 .8871E+00 .6858E+00 .3102E+00
.3750E+03 .5246E+00 .2369E+00 .6179E+00 .1000E+01 .9965E+00 .1000E+01 .9998E+00 .8872E+00 .7310E+00 .3307E+00
.3755E+03 .5805E+00 .2607E+00 .6195E+00 .1000E+01 .9961E+00 .1000E+01 .9997E+00 .8873E+00 .8074E+00 .3653E+00
.3760E+03 .6016E+00 .2687E+00 .6212E+00 .1000E+01 .9959E+00 .1000E+01 .9995E+00 .8875E+00 .8353E+00 .3780E+00
.3765E+03 .5922E+00 .2632E+00 .6228E+00 .1000E+01 .9957E+00 .1000E+01 .9993E+00 .8876E+00 .8209E+00 .3715E+00
.3770E+03 .6356E+00 .2811E+00 .6245E+00 .1000E+01 .9962E+00 .1000E+01 .9990E+00 .8878E+00 .8797E+00 .3982E+00
.3775E+03 .7095E+00 .3122E+00 .6261E+00 .1000E+01 .9967E+00 .1000E+01 .9986E+00 .8879E+00 .9803E+00 .4439E+00
.3780E+03 .7649E+00 .3348E+00 .6277E+00 .1000E+01 .9967E+00 .1000E+01 .9981E+00 .8880E+00 .1055E+01 .4778E+00
.3785E+03 .7461E+00 .3247E+00 .6293E+00 .1000E+01 .9967E+00 .1000E+01 .9977E+00 .8882E+00 .1027E+01 .4651E+00
.3790E+03 .6660E+00 .2882E+00 .6309E+00 .1000E+01 .9966E+00 .1000E+01 .9973E+00 .8883E+00 .9154E+00 .4142E+00
.3795E+03 .5976E+00 .2571E+00 .6325E+00 .1000E+01 .9961E+00 .1000E+01 .9970E+00 .8884E+00 .8199E+00 .3709E+00
.3800E+03 .6285E+00 .2688E+00 .6341E+00 .1000E+01 .9959E+00 .1000E+01 .9969E+00 .8886E+00 .8607E+00 .3892E+00
.3805E+03 .6736E+00 .2867E+00 .6357E+00 .1000E+01 .9960E+00 .1000E+01 .9971E+00 .8887E+00 .9211E+00 .4164E+00
.3810E+03 .6856E+00 .2903E+00 .6373E+00 .1000E+01 .9962E+00 .1000E+01 .9975E+00 .8889E+00 .9360E+00 .4230E+00
.3815E+03 .6181E+00 .2605E+00 .6389E+00 .1000E+01 .9963E+00 .1000E+01 .9980E+00 .8890E+00 .8426E+00 .3806E+00
.3820E+03 .5271E+00 .2210E+00 .6404E+00 .1000E+01 .9963E+00 .1000E+01 .9984E+00 .8891E+00 .7174E+00 .3240E+00
.3825E+03 .4562E+00 .1903E+00 .6420E+00 .1000E+01 .9966E+00 .1000E+01 .9989E+00 .8893E+00 .6199E+00 .2799E+00
.3830E+03 .4091E+00 .1698E+00 .6435E+00 .1000E+01 .9965E+00 .1000E+01 .9992E+00 .8894E+00 .5551E+00 .2505E+00
.3835E+03 .3962E+00 .1637E+00 .6451E+00 .1000E+01 .9964E+00 .1000E+01 .9995E+00 .8895E+00 .5368E+00 .2423E+00
.3840E+03 .4586E+00 .1885E+00 .6466E+00 .1000E+01 .9962E+00 .1000E+01 .9996E+00 .8897E+00 .6205E+00 .2801E+00
.3845E+03 .5523E+00 .2260E+00 .6481E+00 .1000E+01 .9961E+00 .1000E+01 .9997E+00 .8898E+00 .7461E+00 .3368E+00
.3850E+03 .6065E+00 .2469E+00 .6497E+00 .1000E+01 .9961E+00 .1000E+01 .9998E+00 .8899E+00 .8181E+00 .3694E+00
.3855E+03 .5796E+00 .2349E+00 .6512E+00 .1000E+01 .9962E+00 .1000E+01 .9999E+00 .8901E+00 .7808E+00 .3525E+00
.3860E+03 .5594E+00 .2256E+00 .6527E+00 .1000E+01 .9963E+00 .1000E+01 .9999E+00 .8902E+00 .7524E+00 .3397E+00
.3865E+03 .5818E+00 .2335E+00 .6542E+00 .1000E+01 .9967E+00 .1000E+01 .9999E+00 .8903E+00 .7814E+00 .3528E+00
.3870E+03 .5873E+00 .2345E+00 .6557E+00 .1000E+01 .9963E+00 .1000E+01 .9999E+00 .8904E+00 .7876E+00 .3555E+00
.3875E+03 .5791E+00 .2300E+00 .6572E+00 .1000E+01 .9962E+00 .1000E+01 .9999E+00 .8906E+00 .7754E+00 .3500E+00
.3880E+03 .5737E+00 .2268E+00 .6587E+00 .9999E+00 .9961E+00 .1000E+01 .9999E+00 .8907E+00 .7671E+00 .3461E+00
.3885E+03 .5698E+00 .2242E+00 .6601E+00 .9999E+00 .9963E+00 .1000E+01 .9999E+00 .8908E+00 .7609E+00 .3433E+00
.3890E+03 .6189E+00 .2423E+00 .6616E+00 .9999E+00 .9961E+00 .1000E+01 .1000E+01 .8910E+00 .8252E+00 .3723E+00
.3895E+03 .6863E+00 .2673E+00 .6631E+00 .9999E+00 .9961E+00 .1000E+01 .1000E+01 .8911E+00 .9137E+00 .4122E+00
.3900E+03 .7203E+00 .2792E+00 .6645E+00 .9999E+00 .9962E+00 .1000E+01 .1000E+01 .8912E+00 .9576E+00 .4319E+00
.3905E+03 .7266E+00 .2803E+00 .6660E+00 .9999E+00 .9962E+00 .1000E+01 .1000E+01 .8914E+00 .9647E+00 .4351E+00
.3910E+03 .7700E+00 .2956E+00 .6674E+00 .9999E+00 .9963E+00 .1000E+01 .1000E+01 .8915E+00 .1021E+01 .4604E+00
.3915E+03 .7814E+00 .2985E+00 .6688E+00 .9999E+00 .9960E+00 .1000E+01 .1000E+01 .8916E+00 .1034E+01 .4664E+00
.3920E+03 .7197E+00 .2735E+00 .6703E+00 .9999E+00 .9958E+00 .1000E+01 .1000E+01 .8917E+00 .9514E+00 .4289E+00
.3925E+03 .6001E+00 .2270E+00 .6717E+00 .9999E+00 .9961E+00 .1000E+01 .1000E+01 .8919E+00 .7921E+00 .3571E+00
.3930E+03 .4346E+00 .1637E+00 .6731E+00 .9999E+00 .9964E+00 .1000E+01 .1000E+01 .8920E+00 .5730E+00 .2583E+00
.3935E+03 .3457E+00 .1296E+00 .6745E+00 .9999E+00 .9966E+00 .1000E+01 .1000E+01 .8921E+00 .4552E+00 .2052E+00
.3940E+03 .4493E+00 .1677E+00 .6759E+00 .9999E+00 .9965E+00 .1000E+01 .9999E+00 .8923E+00 .5908E+00 .2664E+00
.3945E+03 .6201E+00 .2304E+00 .6773E+00 .9999E+00 .9967E+00 .1000E+01 .9999E+00 .8924E+00 .8144E+00 .3672E+00
.3950E+03 .7327E+00 .2709E+00 .6787E+00 .9999E+00 .9964E+00 .1000E+01 .1000E+01 .8925E+00 .9610E+00 .4334E+00
.3955E+03 .7809E+00 .2874E+00 .6801E+00 .9999E+00 .9959E+00 .1000E+01 .1000E+01 .8926E+00 .1023E+01 .4613E+00
.3960E+03 .6869E+00 .2516E+00 .6815E+00 .9999E+00 .9960E+00 .1000E+01 .1000E+01 .8928E+00 .8985E+00 .4052E+00
.3965E+03 .4996E+00 .1822E+00 .6828E+00 .9999E+00 .9965E+00 .1000E+01 .1000E+01 .8929E+00 .6527E+00 .2944E+00
.3970E+03 .3871E+00 .1405E+00 .6842E+00 .9999E+00 .9966E+00 .1000E+01 .1000E+01 .8930E+00 .5051E+00 .2278E+00
.3975E+03 .5720E+00 .2066E+00 .6856E+00 .9999E+00 .9965E+00 .1000E+01 .1000E+01 .8931E+00 .7453E+00 .3361E+00
.3980E+03 .7752E+00 .2786E+00 .6869E+00 .9999E+00 .9958E+00 .1000E+01 .1000E+01 .8933E+00 .1009E+01 .4548E+00
.3985E+03 .9159E+00 .3277E+00 .6883E+00 .9999E+00 .9956E+00 .1000E+01 .1000E+01 .8934E+00 .1190E+01 .5368E+00
.3990E+03 .9726E+00 .3466E+00 .6896E+00 .9999E+00 .9965E+00 .1000E+01 .1000E+01 .8935E+00 .1263E+01 .5695E+00
.3995E+03 .1003E+01 .3558E+00 .6909E+00 .9999E+00 .9964E+00 .1000E+01 .1000E+01 .8936E+00 .1300E+01 .5866E+00
.4000E+03 .1014E+01 .3581E+00 .6923E+00 .9999E+00 .9956E+00 .1000E+01 .1000E+01 .8937E+00 .1313E+01 .5925E+00
