 SMOOTHED RESULTS TO SIMULATE A  1.20 nm FWHM INSTRUMENT AND A WAVELENGTH STEP OF  1.0 nm,
 Shape selected: Gaussian    
   WVLGTH  ET_SPCTRUM  BEAM_NORMAL BEAM_NORM+  GLOB_HORIZ  GLOBL_TILT

    290.0  0.5454E+00  0.3972E-06  0.4001E-06  0.5439E-06  0.5942E-06
    291.0  0.6030E+00  0.1887E-05  0.1901E-05  0.2532E-05  0.2775E-05
    292.0  0.5667E+00  0.6832E-05  0.6880E-05  0.9055E-05  0.9944E-05
    293.0  0.5401E+00  0.2153E-04  0.2168E-04  0.2806E-04  0.3090E-04
    294.0  0.5338E+00  0.6151E-04  0.6193E-04  0.8213E-04  0.9008E-04
    295.0  0.5361E+00  0.1654E-03  0.1666E-03  0.2175E-03  0.2392E-03
    296.0  0.5485E+00  0.4042E-03  0.4069E-03  0.5381E-03  0.5905E-03
    297.0  0.5094E+00  0.7993E-03  0.8046E-03  0.1099E-02  0.1200E-02
    298.0  0.5075E+00  0.1562E-02  0.1572E-02  0.2218E-02  0.2409E-02
    299.0  0.4805E+00  0.2656E-02  0.2674E-02  0.3903E-02  0.4218E-02
    300.0  0.4636E+00  0.4349E-02  0.4377E-02  0.6613E-02  0.7110E-02
    301.0  0.4586E+00  0.6974E-02  0.7018E-02  0.1084E-01  0.1162E-01
    302.0  0.4812E+00  0.1080E-01  0.1087E-01  0.1665E-01  0.1786E-01
    303.0  0.5856E+00  0.1915E-01  0.1927E-01  0.2928E-01  0.3145E-01
    304.0  0.6283E+00  0.2655E-01  0.2671E-01  0.4048E-01  0.4350E-01
    305.0  0.6247E+00  0.3572E-01  0.3594E-01  0.5454E-01  0.5861E-01
    306.0  0.5859E+00  0.4148E-01  0.4172E-01  0.6333E-01  0.6805E-01
    307.0  0.6042E+00  0.5367E-01  0.5399E-01  0.8381E-01  0.8977E-01
    308.0  0.6334E+00  0.6701E-01  0.6739E-01  0.1077E+00  0.1149E+00
    309.0  0.5770E+00  0.7014E-01  0.7054E-01  0.1112E+00  0.1189E+00
    310.0  0.5712E+00  0.8315E-01  0.8362E-01  0.1295E+00  0.1388E+00
    311.0  0.7129E+00  0.1147E+00  0.1153E+00  0.1767E+00  0.1896E+00
    312.0  0.7103E+00  0.1290E+00  0.1297E+00  0.1965E+00  0.2112E+00
    313.0  0.6991E+00  0.1404E+00  0.1412E+00  0.2119E+00  0.2280E+00
    314.0  0.7049E+00  0.1534E+00  0.1542E+00  0.2296E+00  0.2474E+00
    315.0  0.6661E+00  0.1586E+00  0.1594E+00  0.2357E+00  0.2542E+00
    316.0  0.6287E+00  0.1590E+00  0.1598E+00  0.2346E+00  0.2533E+00
    317.0  0.7220E+00  0.1942E+00  0.1952E+00  0.2846E+00  0.3077E+00
    318.0  0.7315E+00  0.2067E+00  0.2077E+00  0.3012E+00  0.3259E+00
    319.0  0.7123E+00  0.2160E+00  0.2171E+00  0.3131E+00  0.3391E+00
    320.0  0.7719E+00  0.2372E+00  0.2384E+00  0.3415E+00  0.3702E+00
    321.0  0.7672E+00  0.2542E+00  0.2555E+00  0.3648E+00  0.3956E+00
    322.0  0.7225E+00  0.2405E+00  0.2417E+00  0.3427E+00  0.3720E+00
    323.0  0.6832E+00  0.2365E+00  0.2376E+00  0.3379E+00  0.3667E+00
    324.0  0.7383E+00  0.2702E+00  0.2715E+00  0.3899E+00  0.4224E+00
    325.0  0.8445E+00  0.3062E+00  0.3077E+00  0.4353E+00  0.4727E+00
    326.0  0.9718E+00  0.3691E+00  0.3708E+00  0.5275E+00  0.5724E+00
    327.0  0.9993E+00  0.3898E+00  0.3916E+00  0.5554E+00  0.6029E+00
    328.0  0.9651E+00  0.3746E+00  0.3764E+00  0.5292E+00  0.5753E+00
    329.0  0.1013E+01  0.4111E+00  0.4130E+00  0.5800E+00  0.6306E+00
    330.0  0.1076E+01  0.4429E+00  0.4449E+00  0.6215E+00  0.6763E+00
    331.0  0.1012E+01  0.4155E+00  0.4174E+00  0.5782E+00  0.6299E+00
    332.0  0.9882E+00  0.4189E+00  0.4207E+00  0.5815E+00  0.6338E+00
    333.0  0.9628E+00  0.4140E+00  0.4159E+00  0.5718E+00  0.6238E+00
    334.0  0.9629E+00  0.4155E+00  0.4173E+00  0.5698E+00  0.6222E+00
    335.0  0.9848E+00  0.4354E+00  0.4373E+00  0.6000E+00  0.6547E+00
    336.0  0.8988E+00  0.4024E+00  0.4042E+00  0.5570E+00  0.6074E+00
    337.0  0.8468E+00  0.3795E+00  0.3811E+00  0.5134E+00  0.5619E+00
    338.0  0.9178E+00  0.4171E+00  0.4189E+00  0.5641E+00  0.6174E+00
    339.0  0.9733E+00  0.4489E+00  0.4508E+00  0.6103E+00  0.6673E+00
    340.0  0.1026E+01  0.4762E+00  0.4782E+00  0.6429E+00  0.7038E+00
    341.0  0.9929E+00  0.4661E+00  0.4680E+00  0.6279E+00  0.6876E+00
    342.0  0.9960E+00  0.4732E+00  0.4751E+00  0.6284E+00  0.6898E+00
    343.0  0.1009E+01  0.4830E+00  0.4849E+00  0.6395E+00  0.7023E+00
    344.0  0.8911E+00  0.4284E+00  0.4301E+00  0.5695E+00  0.6250E+00
    345.0  0.9027E+00  0.4392E+00  0.4409E+00  0.5762E+00  0.6338E+00
    346.0  0.9518E+00  0.4678E+00  0.4697E+00  0.6075E+00  0.6693E+00
    347.0  0.9532E+00  0.4722E+00  0.4740E+00  0.6102E+00  0.6728E+00
    348.0  0.9310E+00  0.4648E+00  0.4666E+00  0.5971E+00  0.6590E+00
    349.0  0.9223E+00  0.4643E+00  0.4661E+00  0.5923E+00  0.6545E+00
    350.0  0.1003E+01  0.5089E+00  0.5109E+00  0.6461E+00  0.7145E+00
    351.0  0.1044E+01  0.5328E+00  0.5348E+00  0.6745E+00  0.7463E+00
    352.0  0.9816E+00  0.5046E+00  0.5065E+00  0.6364E+00  0.7046E+00
    353.0  0.1000E+01  0.5182E+00  0.5202E+00  0.6490E+00  0.7194E+00
    354.0  0.1113E+01  0.5800E+00  0.5822E+00  0.7225E+00  0.8016E+00
    355.0  0.1122E+01  0.5890E+00  0.5911E+00  0.7305E+00  0.8111E+00
    356.0  0.1022E+01  0.5404E+00  0.5424E+00  0.6675E+00  0.7417E+00
    357.0  0.8805E+00  0.4683E+00  0.4700E+00  0.5760E+00  0.6405E+00
    358.0  0.7990E+00  0.4275E+00  0.4291E+00  0.5236E+00  0.5826E+00
    359.0  0.8795E+00  0.4736E+00  0.4753E+00  0.5775E+00  0.6431E+00
    360.0  0.1036E+01  0.5607E+00  0.5627E+00  0.6812E+00  0.7592E+00
    361.0  0.9667E+00  0.5267E+00  0.5285E+00  0.6373E+00  0.7107E+00
    362.0  0.9757E+00  0.5358E+00  0.5377E+00  0.6457E+00  0.7206E+00
    363.0  0.1049E+01  0.5804E+00  0.5825E+00  0.6971E+00  0.7784E+00
    364.0  0.1062E+01  0.5915E+00  0.5935E+00  0.7078E+00  0.7909E+00
    365.0  0.1124E+01  0.6293E+00  0.6314E+00  0.7502E+00  0.8389E+00
    366.0  0.1252E+01  0.7052E+00  0.7076E+00  0.8378E+00  0.9375E+00
    367.0  0.1253E+01  0.7096E+00  0.7120E+00  0.8401E+00  0.9406E+00
    368.0  0.1182E+01  0.6727E+00  0.6750E+00  0.7936E+00  0.8891E+00
    369.0  0.1207E+01  0.6913E+00  0.6936E+00  0.8127E+00  0.9111E+00
    370.0  0.1246E+01  0.7180E+00  0.7204E+00  0.8414E+00  0.9438E+00
    371.0  0.1192E+01  0.6911E+00  0.6934E+00  0.8072E+00  0.9060E+00
    372.0  0.1146E+01  0.6673E+00  0.6695E+00  0.7768E+00  0.8724E+00
    373.0  0.1029E+01  0.6027E+00  0.6047E+00  0.6994E+00  0.7860E+00
    374.0  0.9441E+00  0.5560E+00  0.5578E+00  0.6432E+00  0.7232E+00
    375.0  0.1001E+01  0.5924E+00  0.5944E+00  0.6831E+00  0.7686E+00
    376.0  0.1106E+01  0.6574E+00  0.6595E+00  0.7556E+00  0.8507E+00
    377.0  0.1205E+01  0.7203E+00  0.7226E+00  0.8253E+00  0.9297E+00
    378.0  0.1354E+01  0.8127E+00  0.8153E+00  0.9284E+00  0.1046E+01
    379.0  0.1238E+01  0.7463E+00  0.7487E+00  0.8501E+00  0.9587E+00
    380.0  0.1169E+01  0.7074E+00  0.7096E+00  0.8032E+00  0.9064E+00
    381.0  0.1189E+01  0.7230E+00  0.7252E+00  0.8187E+00  0.9243E+00
    382.0  0.9678E+00  0.5917E+00  0.5935E+00  0.6682E+00  0.7548E+00
    383.0  0.7718E+00  0.4744E+00  0.4759E+00  0.5342E+00  0.6038E+00
    384.0  0.8454E+00  0.5223E+00  0.5239E+00  0.5864E+00  0.6631E+00
    385.0  0.1023E+01  0.6349E+00  0.6368E+00  0.7109E+00  0.8044E+00
    386.0  0.1017E+01  0.6342E+00  0.6361E+00  0.7083E+00  0.8018E+00
    387.0  0.1025E+01  0.6422E+00  0.6441E+00  0.7153E+00  0.8101E+00
    388.0  0.1014E+01  0.6382E+00  0.6401E+00  0.7089E+00  0.8033E+00
    389.0  0.1095E+01  0.6918E+00  0.6939E+00  0.7665E+00  0.8690E+00
    390.0  0.1234E+01  0.7833E+00  0.7856E+00  0.8657E+00  0.9819E+00
    391.0  0.1307E+01  0.8326E+00  0.8351E+00  0.9179E+00  0.1042E+01
    392.0  0.1190E+01  0.7608E+00  0.7631E+00  0.8368E+00  0.9500E+00
    393.0  0.8114E+00  0.5212E+00  0.5227E+00  0.5719E+00  0.6496E+00
    394.0  0.8246E+00  0.5323E+00  0.5339E+00  0.5824E+00  0.6619E+00
    395.0  0.1181E+01  0.7649E+00  0.7671E+00  0.8350E+00  0.9494E+00
    396.0  0.1098E+01  0.7138E+00  0.7159E+00  0.7777E+00  0.8846E+00
    397.0  0.8476E+00  0.5534E+00  0.5550E+00  0.6013E+00  0.6843E+00
    398.0  0.1256E+01  0.8232E+00  0.8256E+00  0.8922E+00  0.1016E+01
    399.0  0.1598E+01  0.1051E+01  0.1054E+01  0.1137E+01  0.1295E+01
    400.0  0.1687E+01  0.1113E+01  0.1116E+01  0.1201E+01  0.1369E+01
