Wvlgth Global_tilted_irradiance Beam_normal_+circumsolar Difuse_horiz-circumsolar
.2800E+03 .2270E-19 .2448E-25 .2514E-19
.2805E+03 .6381E-18 .1138E-23 .7069E-18
.2810E+03 .3262E-17 .7060E-23 .3614E-17
.2815E+03 .2047E-18 .3147E-21 .2264E-18
.2820E+03 .9113E-18 .3117E-20 .1006E-17
.2825E+03 .2608E-17 .1385E-19 .2874E-17
.2830E+03 .8772E-17 .7178E-19 .9640E-17
.2835E+03 .1457E-16 .1466E-18 .1599E-16
.2840E+03 .2329E-15 .5384E-17 .2521E-15
.2845E+03 .6646E-15 .2184E-16 .7125E-15
.2850E+03 .1362E-14 .6094E-16 .1442E-14
.2855E+03 .8687E-14 .5751E-15 .8999E-14
.2860E+03 .3778E-13 .2933E-14 .3867E-13
.2865E+03 .1892E-12 .1994E-13 .1880E-12
.2870E+03 .5802E-12 .7603E-13 .5603E-12
.2875E+03 .2399E-11 .4102E-12 .2212E-11
.2880E+03 .7686E-11 .2268E-11 .6056E-11
.2885E+03 .3137E-10 .1004E-10 .2387E-10
.2890E+03 .1086E-09 .3762E-10 .7955E-10
.2895E+03 .4218E-09 .1581E-09 .2960E-09
.2900E+03 .1421E-08 .5663E-09 .9605E-09
.2905E+03 .3396E-08 .1422E-08 .2220E-08
.2910E+03 .8723E-08 .3855E-08 .5484E-08
.2915E+03 .3103E-07 .1456E-07 .1859E-07
.2920E+03 .8455E-07 .4132E-07 .4887E-07
.2925E+03 .1340E-06 .6625E-07 .7661E-07
.2930E+03 .3341E-06 .1666E-06 .1896E-06
.2935E+03 .9953E-06 .4953E-06 .5656E-06
.2940E+03 .1814E-05 .8959E-06 .1038E-05
.2945E+03 .3420E-05 .1672E-05 .1977E-05
.2950E+03 .6637E-05 .3164E-05 .3922E-05
.2955E+03 .1856E-04 .8369E-05 .1149E-04
.2960E+03 .3057E-04 .1600E-04 .1651E-04
.2965E+03 .4201E-04 .2208E-04 .2259E-04
.2970E+03 .5600E-04 .2949E-04 .3005E-04
.2975E+03 .1464E-03 .7684E-04 .7886E-04
.2980E+03 .2256E-03 .1177E-03 .1222E-03
.2985E+03 .2229E-03 .1157E-03 .1215E-03
.2990E+03 .4827E-03 .2486E-03 .2650E-03
.2995E+03 .7734E-03 .3896E-03 .4342E-03
.3000E+03 .8349E-03 .4154E-03 .4742E-03
.3005E+03 .1185E-02 .5806E-03 .6824E-03
.3010E+03 .2068E-02 .9814E-03 .1226E-02
.3015E+03 .3190E-02 .1465E-02 .1943E-02
.3020E+03 .2686E-02 .1215E-02 .1656E-02
.3025E+03 .5083E-02 .2346E-02 .3084E-02
.3030E+03 .8729E-02 .4131E-02 .5186E-02
.3035E+03 .1067E-01 .5124E-02 .6257E-02
.3040E+03 .9819E-02 .4739E-02 .5732E-02
.3045E+03 .1386E-01 .6699E-02 .8077E-02
.3050E+03 .1943E-01 .9369E-02 .1135E-01
.3055E+03 .2119E-01 .1021E-01 .1238E-01
.3060E+03 .2014E-01 .9745E-02 .1173E-01
.3065E+03 .2433E-01 .1179E-01 .1415E-01
.3070E+03 .3371E-01 .1624E-01 .1971E-01
.3075E+03 .4200E-01 .2011E-01 .2469E-01
.3080E+03 .4395E-01 .2112E-01 .2575E-01
.3085E+03 .5030E-01 .2417E-01 .2948E-01
.3090E+03 .4811E-01 .2161E-01 .2983E-01
.3095E+03 .5286E-01 .2431E-01 .3215E-01
.3100E+03 .5213E-01 .2427E-01 .3139E-01
.3105E+03 .8372E-01 .3932E-01 .5003E-01
.3110E+03 .1035E+00 .4907E-01 .6132E-01
.3115E+03 .9927E-01 .4743E-01 .5845E-01
.3120E+03 .9578E-01 .4626E-01 .5585E-01
.3125E+03 .1138E+00 .5541E-01 .6593E-01
.3130E+03 .1220E+00 .5976E-01 .7027E-01
.3135E+03 .1201E+00 .5911E-01 .6879E-01
.3140E+03 .1458E+00 .7221E-01 .8304E-01
.3145E+03 .1243E+00 .6180E-01 .7053E-01
.3150E+03 .1624E+00 .8114E-01 .9170E-01
.3155E+03 .1387E+00 .6977E-01 .7781E-01
.3160E+03 .1174E+00 .5921E-01 .6568E-01
.3165E+03 .1640E+00 .8286E-01 .9160E-01
.3170E+03 .2038E+00 .1035E+00 .1133E+00
.3175E+03 .2141E+00 .1094E+00 .1182E+00
.3180E+03 .1640E+00 .8399E-01 .9036E-01
.3185E+03 .1963E+00 .1004E+00 .1084E+00
.3190E+03 .2289E+00 .1171E+00 .1263E+00
.3195E+03 .1926E+00 .9961E-01 .1050E+00
.3200E+03 .2340E+00 .1217E+00 .1268E+00
.3205E+03 .2820E+00 .1462E+00 .1534E+00
.3210E+03 .2428E+00 .1253E+00 .1326E+00
.3215E+03 .2322E+00 .1203E+00 .1264E+00
.3220E+03 .2572E+00 .1352E+00 .1378E+00
.3225E+03 .2236E+00 .1180E+00 .1193E+00
.3230E+03 .2175E+00 .1146E+00 .1162E+00
.3235E+03 .2608E+00 .1342E+00 .1427E+00
.3240E+03 .3034E+00 .1567E+00 .1656E+00
.3245E+03 .3115E+00 .1622E+00 .1685E+00
.3250E+03 .2736E+00 .1466E+00 .1435E+00
.3255E+03 .3453E+00 .1847E+00 .1813E+00
.3260E+03 .4187E+00 .2199E+00 .2243E+00
.3265E+03 .4142E+00 .2173E+00 .2221E+00
.3270E+03 .4153E+00 .2193E+00 .2212E+00
.3275E+03 .4041E+00 .2148E+00 .2136E+00
.3280E+03 .3666E+00 .1969E+00 .1915E+00
.3285E+03 .3776E+00 .2022E+00 .1980E+00
.3290E+03 .4449E+00 .2375E+00 .2340E+00
.3295E+03 .5027E+00 .2688E+00 .2639E+00
.3300E+03 .5097E+00 .2743E+00 .2658E+00
.3305E+03 .4138E+00 .2248E+00 .2133E+00
.3310E+03 .4238E+00 .2316E+00 .2171E+00
.3315E+03 .4271E+00 .2334E+00 .2187E+00
.3320E+03 .4555E+00 .2483E+00 .2338E+00
.3325E+03 .4482E+00 .2446E+00 .2298E+00
.3330E+03 .4490E+00 .2464E+00 .2287E+00
.3335E+03 .4111E+00 .2275E+00 .2072E+00
.3340E+03 .4222E+00 .2348E+00 .2116E+00
.3345E+03 .4819E+00 .2676E+00 .2419E+00
.3350E+03 .4502E+00 .2501E+00 .2259E+00
.3355E+03 .5247E+00 .2848E+00 .2704E+00
.3360E+03 .3634E+00 .1979E+00 .1865E+00
.3365E+03 .4287E+00 .2412E+00 .2117E+00
.3370E+03 .3538E+00 .2003E+00 .1734E+00
.3375E+03 .4413E+00 .2509E+00 .2150E+00
.3380E+03 .4270E+00 .2426E+00 .2083E+00
.3385E+03 .4918E+00 .2745E+00 .2450E+00
.3390E+03 .4872E+00 .2744E+00 .2401E+00
.3395E+03 .4690E+00 .2641E+00 .2312E+00
.3400E+03 .5533E+00 .3187E+00 .2650E+00
.3405E+03 .4988E+00 .2882E+00 .2379E+00
.3410E+03 .4861E+00 .2773E+00 .2357E+00
.3415E+03 .4469E+00 .2579E+00 .2134E+00
.3420E+03 .5344E+00 .3100E+00 .2534E+00
.3425E+03 .5007E+00 .2919E+00 .2358E+00
.3430E+03 .5512E+00 .3211E+00 .2599E+00
.3435E+03 .5195E+00 .3026E+00 .2449E+00
.3440E+03 .3847E+00 .2275E+00 .1777E+00
.3445E+03 .3883E+00 .2259E+00 .1833E+00
.3450E+03 .5147E+00 .3036E+00 .2385E+00
.3455E+03 .5261E+00 .3123E+00 .2415E+00
.3460E+03 .4475E+00 .2670E+00 .2040E+00
.3465E+03 .5072E+00 .3039E+00 .2298E+00
.3470E+03 .5450E+00 .3265E+00 .2468E+00
.3475E+03 .4410E+00 .2646E+00 .1992E+00
.3480E+03 .5033E+00 .3042E+00 .2251E+00
.3485E+03 .5036E+00 .3058E+00 .2236E+00
.3490E+03 .4676E+00 .2850E+00 .2064E+00
.3495E+03 .4633E+00 .2831E+00 .2037E+00
.3500E+03 .5735E+00 .3515E+00 .2510E+00
.3505E+03 .6054E+00 .3721E+00 .2637E+00
.3510E+03 .5412E+00 .3331E+00 .2352E+00
.3515E+03 .5264E+00 .3233E+00 .2295E+00
.3520E+03 .5660E+00 .3497E+00 .2444E+00
.3525E+03 .4420E+00 .2744E+00 .1894E+00
.3530E+03 .5571E+00 .3472E+00 .2373E+00
.3535E+03 .5957E+00 .3726E+00 .2523E+00
.3540E+03 .6185E+00 .3881E+00 .2606E+00
.3545E+03 .6282E+00 .3952E+00 .2635E+00
.3550E+03 .6270E+00 .3953E+00 .2621E+00
.3555E+03 .5672E+00 .3586E+00 .2359E+00
.3560E+03 .5942E+00 .3768E+00 .2460E+00
.3565E+03 .5079E+00 .3229E+00 .2093E+00
.3570E+03 .4201E+00 .2677E+00 .1723E+00
.3575E+03 .5148E+00 .3290E+00 .2102E+00
.3580E+03 .4083E+00 .2616E+00 .1660E+00
.3585E+03 .3493E+00 .2244E+00 .1413E+00
.3590E+03 .4890E+00 .3149E+00 .1970E+00
.3595E+03 .6238E+00 .4024E+00 .2505E+00
.3600E+03 .6619E+00 .4281E+00 .2645E+00
.3605E+03 .5295E+00 .3434E+00 .2106E+00
.3610E+03 .4831E+00 .3141E+00 .1912E+00
.3615E+03 .5566E+00 .3628E+00 .2193E+00
.3620E+03 .4816E+00 .3146E+00 .1890E+00
.3625E+03 .6670E+00 .4367E+00 .2606E+00
.3630E+03 .5994E+00 .3933E+00 .2332E+00
.3635E+03 .5525E+00 .3633E+00 .2141E+00
.3640E+03 .6762E+00 .4456E+00 .2609E+00
.3645E+03 .5784E+00 .3821E+00 .2222E+00
.3650E+03 .5896E+00 .3903E+00 .2255E+00
.3655E+03 .7405E+00 .4913E+00 .2821E+00
.3660E+03 .7851E+00 .5220E+00 .2978E+00
.3665E+03 .7381E+00 .4918E+00 .2788E+00
.3670E+03 .7192E+00 .4802E+00 .2705E+00
.3675E+03 .7466E+00 .4996E+00 .2796E+00
.3680E+03 .6536E+00 .4383E+00 .2437E+00
.3685E+03 .6602E+00 .4436E+00 .2452E+00
.3690E+03 .7138E+00 .4806E+00 .2640E+00
.3695E+03 .7617E+00 .5139E+00 .2805E+00
.3700E+03 .8130E+00 .5497E+00 .2981E+00
.3705E+03 .6316E+00 .4278E+00 .2306E+00
.3710E+03 .6755E+00 .4585E+00 .2457E+00
.3715E+03 .8458E+00 .5753E+00 .3063E+00
.3720E+03 .5619E+00 .3829E+00 .2026E+00
.3725E+03 .6743E+00 .4604E+00 .2421E+00
.3730E+03 .6864E+00 .4696E+00 .2455E+00
.3735E+03 .4470E+00 .3063E+00 .1592E+00
.3740E+03 .6500E+00 .4463E+00 .2306E+00
.3745E+03 .5387E+00 .3706E+00 .1903E+00
.3750E+03 .5241E+00 .3612E+00 .1844E+00
.3755E+03 .7831E+00 .5408E+00 .2744E+00
.3760E+03 .6497E+00 .4495E+00 .2267E+00
.3765E+03 .6739E+00 .4671E+00 .2342E+00
.3770E+03 .7140E+00 .4958E+00 .2471E+00
.3775E+03 .8359E+00 .5815E+00 .2881E+00
.3780E+03 .9069E+00 .6320E+00 .3113E+00
.3785E+03 .8579E+00 .5990E+00 .2932E+00
.3790E+03 .7085E+00 .4957E+00 .2411E+00
.3795E+03 .6478E+00 .4540E+00 .2195E+00
.3800E+03 .6740E+00 .4733E+00 .2274E+00
.3805E+03 .8169E+00 .5747E+00 .2744E+00
.3810E+03 .8191E+00 .5774E+00 .2741E+00
.3815E+03 .6497E+00 .4588E+00 .2165E+00
.3820E+03 .5773E+00 .4084E+00 .1916E+00
.3825E+03 .4924E+00 .3489E+00 .1627E+00
.3830E+03 .4561E+00 .3238E+00 .1501E+00
.3835E+03 .4396E+00 .3126E+00 .1441E+00
.3840E+03 .4853E+00 .3456E+00 .1584E+00
.3845E+03 .7143E+00 .5096E+00 .2323E+00
.3850E+03 .7089E+00 .5066E+00 .2296E+00
.3855E+03 .6608E+00 .4729E+00 .2132E+00
.3860E+03 .5664E+00 .4060E+00 .1820E+00
.3865E+03 .7446E+00 .5346E+00 .2383E+00
.3870E+03 .6193E+00 .4454E+00 .1974E+00
.3875E+03 .6961E+00 .5014E+00 .2210E+00
.3880E+03 .6432E+00 .4641E+00 .2033E+00
.3885E+03 .6363E+00 .4598E+00 .2004E+00
.3890E+03 .6874E+00 .4975E+00 .2156E+00
.3895E+03 .8331E+00 .6039E+00 .2603E+00
.3900E+03 .8367E+00 .6075E+00 .2603E+00
.3905E+03 .7706E+00 .5603E+00 .2388E+00
.3910E+03 .9077E+00 .6610E+00 .2802E+00
.3915E+03 .9265E+00 .6758E+00 .2848E+00
.3920E+03 .7809E+00 .5705E+00 .2391E+00
.3925E+03 .6996E+00 .5118E+00 .2134E+00
.3930E+03 .3895E+00 .2854E+00 .1183E+00
.3935E+03 .2833E+00 .2079E+00 .8575E-01
.3940E+03 .5769E+00 .4239E+00 .1739E+00
.3945E+03 .7340E+00 .5400E+00 .2205E+00
.3950E+03 .8963E+00 .6603E+00 .2682E+00
.3955E+03 .9112E+00 .6722E+00 .2716E+00
.3960E+03 .7905E+00 .5841E+00 .2347E+00
.3965E+03 .4624E+00 .3421E+00 .1367E+00
.3970E+03 .3472E+00 .2573E+00 .1023E+00
.3975E+03 .7066E+00 .5243E+00 .2074E+00
.3980E+03 .9903E+00 .7358E+00 .2895E+00
.3985E+03 .1024E+01 .7620E+00 .2983E+00
.3990E+03 .1110E+01 .8266E+00 .3220E+00
.3995E+03 .1107E+01 .8255E+00 .3199E+00
.4000E+03 .1150E+01 .8590E+00 .3312E+00
.4010E+03 .1149E+01 .8854E+00 .3009E+00
.4020E+03 .1213E+01 .9375E+00 .3154E+00
.4030E+03 .1154E+01 .8938E+00 .2977E+00
.4040E+03 .1138E+01 .8832E+00 .2913E+00
.4050E+03 .1139E+01 .8862E+00 .2895E+00
.4060E+03 .1122E+01 .8748E+00 .2830E+00
.4070E+03 .1105E+01 .8636E+00 .2766E+00
.4080E+03 .1150E+01 .9005E+00 .2856E+00
.4090E+03 .1233E+01 .9671E+00 .3040E+00
.4100E+03 .1078E+01 .8475E+00 .2641E+00
.4110E+03 .1170E+01 .9209E+00 .2843E+00
.4120E+03 .1257E+01 .9919E+00 .3035E+00
.4130E+03 .1228E+01 .9706E+00 .2942E+00
.4140E+03 .1244E+01 .9856E+00 .2961E+00
.4150E+03 .1249E+01 .9909E+00 .2950E+00
.4160E+03 .1272E+01 .1011E+01 .2983E+00
.4170E+03 .1242E+01 .9896E+00 .2892E+00
.4180E+03 .1221E+01 .9744E+00 .2822E+00
.4190E+03 .1238E+01 .9900E+00 .2841E+00
.4200E+03 .1234E+01 .9887E+00 .2811E+00
.4210E+03 .1293E+01 .1037E+01 .2923E+00
.4220E+03 .1230E+01 .9888E+00 .2761E+00
.4230E+03 .1203E+01 .9687E+00 .2680E+00
.4240E+03 .1274E+01 .1028E+01 .2818E+00
.4250E+03 .1273E+01 .1029E+01 .2796E+00
.4260E+03 .1240E+01 .1004E+01 .2707E+00
.4270E+03 .1218E+01 .9880E+00 .2641E+00
.4280E+03 .1188E+01 .9652E+00 .2559E+00
.4290E+03 .1127E+01 .9163E+00 .2410E+00
.4300E+03 .9867E+00 .8038E+00 .2097E+00
.4310E+03 .9794E+00 .7991E+00 .2066E+00
.4320E+03 .1265E+01 .1034E+01 .2652E+00
.4330E+03 .1274E+01 .1042E+01 .2650E+00
.4340E+03 .1184E+01 .9706E+00 .2447E+00
.4350E+03 .1238E+01 .1016E+01 .2541E+00
.4360E+03 .1396E+01 .1148E+01 .2849E+00
.4370E+03 .1378E+01 .1134E+01 .2795E+00
.4380E+03 .1256E+01 .1035E+01 .2531E+00
.4390E+03 .1301E+01 .1074E+01 .2605E+00
.4400E+03 .1343E+01 .1110E+01 .2672E+00
.4410E+03 .1393E+01 .1153E+01 .2753E+00
.4420E+03 .1495E+01 .1239E+01 .2935E+00
.4430E+03 .1458E+01 .1210E+01 .2844E+00
.4440E+03 .1491E+01 .1239E+01 .2890E+00
.4450E+03 .1460E+01 .1215E+01 .2812E+00
.4460E+03 .1394E+01 .1161E+01 .2669E+00
.4470E+03 .1508E+01 .1258E+01 .2869E+00
.4480E+03 .1534E+01 .1281E+01 .2898E+00
.4490E+03 .1540E+01 .1288E+01 .2892E+00
.4500E+03 .1584E+01 .1327E+01 .2956E+00
.4510E+03 .1645E+01 .1379E+01 .3048E+00
.4520E+03 .1586E+01 .1331E+01 .2921E+00
.4530E+03 .1493E+01 .1254E+01 .2733E+00
.4540E+03 .1559E+01 .1311E+01 .2838E+00
.4550E+03 .1570E+01 .1322E+01 .2840E+00
.4560E+03 .1608E+01 .1356E+01 .2891E+00
.4570E+03 .1636E+01 .1382E+01 .2922E+00
.4580E+03 .1583E+01 .1338E+01 .2808E+00
.4590E+03 .1575E+01 .1333E+01 .2777E+00
.4600E+03 .1581E+01 .1340E+01 .2770E+00
.4610E+03 .1619E+01 .1373E+01 .2819E+00
.4620E+03 .1632E+01 .1386E+01 .2826E+00
.4630E+03 .1623E+01 .1379E+01 .2794E+00
.4640E+03 .1596E+01 .1357E+01 .2735E+00
.4650E+03 .1577E+01 .1342E+01 .2687E+00
.4660E+03 .1593E+01 .1357E+01 .2699E+00
.4670E+03 .1565E+01 .1335E+01 .2635E+00
.4680E+03 .1585E+01 .1353E+01 .2651E+00
.4690E+03 .1594E+01 .1363E+01 .2649E+00
.4700E+03 .1544E+01 .1322E+01 .2552E+00
.4710E+03 .1543E+01 .1322E+01 .2537E+00
.4720E+03 .1627E+01 .1395E+01 .2661E+00
.4730E+03 .1608E+01 .1380E+01 .2613E+00
.4740E+03 .1612E+01 .1385E+01 .2603E+00
.4750E+03 .1627E+01 .1399E+01 .2612E+00
.4760E+03 .1580E+01 .1360E+01 .2520E+00
.4770E+03 .1587E+01 .1367E+01 .2514E+00
.4780E+03 .1631E+01 .1407E+01 .2569E+00
.4790E+03 .1622E+01 .1401E+01 .2539E+00
.4800E+03 .1626E+01 .1405E+01 .2531E+00
.4810E+03 .1657E+01 .1433E+01 .2563E+00
.4820E+03 .1666E+01 .1442E+01 .2563E+00
.4830E+03 .1646E+01 .1426E+01 .2519E+00
.4840E+03 .1613E+01 .1399E+01 .2456E+00
.4850E+03 .1538E+01 .1334E+01 .2329E+00
.4860E+03 .1345E+01 .1167E+01 .2026E+00
.4870E+03 .1410E+01 .1225E+01 .2113E+00
.4880E+03 .1548E+01 .1346E+01 .2307E+00
.4890E+03 .1555E+01 .1352E+01 .2303E+00
.4900E+03 .1637E+01 .1424E+01 .2411E+00
.4910E+03 .1610E+01 .1401E+01 .2358E+00
.4920E+03 .1521E+01 .1325E+01 .2216E+00
.4930E+03 .1572E+01 .1371E+01 .2278E+00
.4940E+03 .1589E+01 .1386E+01 .2289E+00
.4950E+03 .1604E+01 .1400E+01 .2298E+00
.4960E+03 .1614E+01 .1410E+01 .2301E+00
.4970E+03 .1641E+01 .1434E+01 .2326E+00
.4980E+03 .1565E+01 .1369E+01 .2206E+00
.4990E+03 .1587E+01 .1388E+01 .2223E+00
.5000E+03 .1542E+01 .1350E+01 .2147E+00
.5010E+03 .1515E+01 .1328E+01 .2097E+00
.5020E+03 .1496E+01 .1312E+01 .2056E+00
.5030E+03 .1559E+01 .1368E+01 .2129E+00
.5040E+03 .1523E+01 .1337E+01 .2064E+00
.5050E+03 .1577E+01 .1385E+01 .2128E+00
.5060E+03 .1629E+01 .1431E+01 .2188E+00
.5070E+03 .1551E+01 .1364E+01 .2072E+00
.5080E+03 .1503E+01 .1322E+01 .1999E+00
.5090E+03 .1545E+01 .1360E+01 .2046E+00
.5100E+03 .1537E+01 .1353E+01 .2027E+00
.5110E+03 .1579E+01 .1390E+01 .2072E+00
.5120E+03 .1597E+01 .1407E+01 .2085E+00
.5130E+03 .1513E+01 .1333E+01 .1965E+00
.5140E+03 .1503E+01 .1325E+01 .1943E+00
.5150E+03 .1489E+01 .1313E+01 .1915E+00
.5160E+03 .1486E+01 .1312E+01 .1902E+00
.5170E+03 .1321E+01 .1167E+01 .1683E+00
.5180E+03 .1390E+01 .1228E+01 .1762E+00
.5190E+03 .1459E+01 .1290E+01 .1840E+00
.5200E+03 .1513E+01 .1338E+01 .1897E+00
.5210E+03 .1528E+01 .1352E+01 .1906E+00
.5220E+03 .1530E+01 .1354E+01 .1899E+00
.5230E+03 .1504E+01 .1332E+01 .1858E+00
.5240E+03 .1560E+01 .1382E+01 .1916E+00
.5250E+03 .1580E+01 .1400E+01 .1931E+00
.5260E+03 .1511E+01 .1339E+01 .1837E+00
.5270E+03 .1424E+01 .1264E+01 .1722E+00
.5280E+03 .1507E+01 .1338E+01 .1812E+00
.5290E+03 .1590E+01 .1411E+01 .1901E+00
.5300E+03 .1568E+01 .1393E+01 .1866E+00
.5310E+03 .1593E+01 .1415E+01 .1887E+00
.5320E+03 .1540E+01 .1368E+01 .1815E+00
.5330E+03 .1496E+01 .1330E+01 .1755E+00
.5340E+03 .1540E+01 .1370E+01 .1800E+00
.5350E+03 .1574E+01 .1400E+01 .1831E+00
.5360E+03 .1589E+01 .1414E+01 .1840E+00
.5370E+03 .1527E+01 .1359E+01 .1760E+00
.5380E+03 .1555E+01 .1384E+01 .1784E+00
.5390E+03 .1543E+01 .1375E+01 .1764E+00
.5400E+03 .1480E+01 .1319E+01 .1685E+00
.5410E+03 .1492E+01 .1330E+01 .1690E+00
.5420E+03 .1540E+01 .1374E+01 .1735E+00
.5430E+03 .1525E+01 .1360E+01 .1711E+00
.5440E+03 .1553E+01 .1385E+01 .1735E+00
.5450E+03 .1549E+01 .1382E+01 .1723E+00
.5460E+03 .1556E+01 .1389E+01 .1722E+00
.5470E+03 .1554E+01 .1388E+01 .1713E+00
.5480E+03 .1536E+01 .1372E+01 .1685E+00
.5490E+03 .1542E+01 .1377E+01 .1685E+00
.5500E+03 .1562E+01 .1396E+01 .1700E+00
.5510E+03 .1544E+01 .1380E+01 .1673E+00
.5520E+03 .1555E+01 .1391E+01 .1677E+00
.5530E+03 .1528E+01 .1367E+01 .1640E+00
.5540E+03 .1565E+01 .1401E+01 .1672E+00
.5550E+03 .1569E+01 .1404E+01 .1668E+00
.5560E+03 .1549E+01 .1387E+01 .1639E+00
.5570E+03 .1502E+01 .1345E+01 .1581E+00
.5580E+03 .1491E+01 .1336E+01 .1561E+00
.5590E+03 .1464E+01 .1313E+01 .1525E+00
.5600E+03 .1484E+01 .1331E+01 .1538E+00
.5610E+03 .1505E+01 .1350E+01 .1552E+00
.5620E+03 .1495E+01 .1342E+01 .1534E+00
.5630E+03 .1538E+01 .1381E+01 .1570E+00
.5640E+03 .1497E+01 .1345E+01 .1521E+00
.5650E+03 .1485E+01 .1335E+01 .1502E+00
.5660E+03 .1465E+01 .1317E+01 .1473E+00
.5670E+03 .1493E+01 .1343E+01 .1495E+00
.5680E+03 .1482E+01 .1334E+01 .1475E+00
.5690E+03 .1450E+01 .1305E+01 .1434E+00
.5700E+03 .1450E+01 .1306E+01 .1428E+00
.5710E+03 .1442E+01 .1298E+01 .1414E+00
.5720E+03 .1479E+01 .1332E+01 .1442E+00
.5730E+03 .1495E+01 .1348E+01 .1452E+00
.5740E+03 .1492E+01 .1345E+01 .1442E+00
.5750E+03 .1465E+01 .1321E+01 .1410E+00
.5760E+03 .1452E+01 .1310E+01 .1392E+00
.5770E+03 .1468E+01 .1324E+01 .1402E+00
.5780E+03 .1446E+01 .1305E+01 .1376E+00
.5790E+03 .1451E+01 .1310E+01 .1378E+00
.5800E+03 .1478E+01 .1334E+01 .1399E+00
.5810E+03 .1485E+01 .1340E+01 .1402E+00
.5820E+03 .1513E+01 .1365E+01 .1424E+00
.5830E+03 .1517E+01 .1369E+01 .1424E+00
.5840E+03 .1530E+01 .1382E+01 .1432E+00
.5850E+03 .1493E+01 .1348E+01 .1393E+00
.5860E+03 .1462E+01 .1321E+01 .1358E+00
.5870E+03 .1494E+01 .1350E+01 .1380E+00
.5880E+03 .1460E+01 .1320E+01 .1339E+00
.5890E+03 .1297E+01 .1174E+01 .1177E+00
.5900E+03 .1357E+01 .1228E+01 .1228E+00
.5910E+03 .1434E+01 .1297E+01 .1297E+00
.5920E+03 .1419E+01 .1285E+01 .1276E+00
.5930E+03 .1439E+01 .1303E+01 .1291E+00
.5940E+03 .1432E+01 .1297E+01 .1278E+00
.5950E+03 .1400E+01 .1268E+01 .1242E+00
.5960E+03 .1450E+01 .1313E+01 .1287E+00
.5970E+03 .1437E+01 .1302E+01 .1269E+00
.5980E+03 .1433E+01 .1299E+01 .1262E+00
.5990E+03 .1436E+01 .1301E+01 .1260E+00
.6000E+03 .1438E+01 .1303E+01 .1259E+00
.6010E+03 .1425E+01 .1292E+01 .1244E+00
.6020E+03 .1415E+01 .1283E+01 .1231E+00
.6030E+03 .1438E+01 .1304E+01 .1246E+00
.6040E+03 .1461E+01 .1325E+01 .1261E+00
.6050E+03 .1454E+01 .1319E+01 .1251E+00
.6060E+03 .1450E+01 .1316E+01 .1245E+00
.6070E+03 .1467E+01 .1330E+01 .1256E+00
.6080E+03 .1452E+01 .1317E+01 .1239E+00
.6090E+03 .1455E+01 .1320E+01 .1238E+00
.6100E+03 .1444E+01 .1310E+01 .1225E+00
.6110E+03 .1452E+01 .1318E+01 .1228E+00
.6120E+03 .1448E+01 .1314E+01 .1221E+00
.6130E+03 .1429E+01 .1297E+01 .1201E+00
.6140E+03 .1410E+01 .1280E+01 .1181E+00
.6150E+03 .1441E+01 .1308E+01 .1204E+00
.6160E+03 .1394E+01 .1266E+01 .1162E+00
.6170E+03 .1391E+01 .1264E+01 .1156E+00
.6180E+03 .1445E+01 .1312E+01 .1197E+00
.6190E+03 .1430E+01 .1299E+01 .1181E+00
.6200E+03 .1438E+01 .1307E+01 .1183E+00
.6210E+03 .1438E+01 .1306E+01 .1178E+00
.6220E+03 .1410E+01 .1282E+01 .1149E+00
.6230E+03 .1379E+01 .1253E+01 .1117E+00
.6240E+03 .1360E+01 .1237E+01 .1099E+00
.6250E+03 .1367E+01 .1243E+01 .1103E+00
.6260E+03 .1390E+01 .1264E+01 .1119E+00
.6270E+03 .1408E+01 .1281E+01 .1129E+00
.6280E+03 .1330E+01 .1211E+01 .1049E+00
.6290E+03 .1382E+01 .1258E+01 .1096E+00
.6300E+03 .1352E+01 .1231E+01 .1069E+00
.6310E+03 .1381E+01 .1257E+01 .1093E+00
.6320E+03 .1367E+01 .1243E+01 .1079E+00
.6330E+03 .1410E+01 .1283E+01 .1113E+00
.6340E+03 .1397E+01 .1270E+01 .1101E+00
.6350E+03 .1418E+01 .1290E+01 .1115E+00
.6360E+03 .1398E+01 .1272E+01 .1097E+00
.6370E+03 .1420E+01 .1292E+01 .1111E+00
.6380E+03 .1433E+01 .1304E+01 .1119E+00
.6390E+03 .1418E+01 .1290E+01 .1105E+00
.6400E+03 .1405E+01 .1279E+01 .1092E+00
.6410E+03 .1405E+01 .1278E+01 .1089E+00
.6420E+03 .1399E+01 .1273E+01 .1082E+00
.6430E+03 .1418E+01 .1290E+01 .1094E+00
.6440E+03 .1414E+01 .1286E+01 .1088E+00
.6450E+03 .1417E+01 .1290E+01 .1087E+00
.6460E+03 .1387E+01 .1262E+01 .1058E+00
.6470E+03 .1374E+01 .1251E+01 .1042E+00
.6480E+03 .1377E+01 .1254E+01 .1039E+00
.6490E+03 .1351E+01 .1231E+01 .1017E+00
.6500E+03 .1353E+01 .1232E+01 .1021E+00
.6510E+03 .1412E+01 .1285E+01 .1063E+00
.6520E+03 .1358E+01 .1238E+01 .1013E+00
.6530E+03 .1394E+01 .1269E+01 .1043E+00
.6540E+03 .1378E+01 .1255E+01 .1028E+00
.6550E+03 .1329E+01 .1211E+01 .9858E-01
.6560E+03 .1176E+01 .1071E+01 .8713E-01
.6570E+03 .1207E+01 .1099E+01 .8919E-01
.6580E+03 .1350E+01 .1230E+01 .9966E-01
.6590E+03 .1356E+01 .1235E+01 .9983E-01
.6600E+03 .1354E+01 .1233E+01 .9926E-01
.6610E+03 .1350E+01 .1230E+01 .9845E-01
.6620E+03 .1343E+01 .1225E+01 .9743E-01
.6630E+03 .1324E+01 .1207E+01 .9591E-01
.6640E+03 .1351E+01 .1231E+01 .9792E-01
.6650E+03 .1358E+01 .1237E+01 .9836E-01
.6660E+03 .1365E+01 .1244E+01 .9879E-01
.6670E+03 .1368E+01 .1246E+01 .9886E-01
.6680E+03 .1371E+01 .1249E+01 .9886E-01
.6690E+03 .1393E+01 .1269E+01 .1002E+00
.6700E+03 .1388E+01 .1264E+01 .9958E-01
.6710E+03 .1388E+01 .1264E+01 .9934E-01
.6720E+03 .1377E+01 .1254E+01 .9834E-01
.6730E+03 .1398E+01 .1273E+01 .9969E-01
.6740E+03 .1393E+01 .1269E+01 .9907E-01
.6750E+03 .1381E+01 .1258E+01 .9791E-01
.6760E+03 .1391E+01 .1267E+01 .9833E-01
.6770E+03 .1377E+01 .1254E+01 .9714E-01
.6780E+03 .1381E+01 .1258E+01 .9717E-01
.6790E+03 .1358E+01 .1238E+01 .9537E-01
.6800E+03 .1370E+01 .1248E+01 .9592E-01
.6810E+03 .1362E+01 .1241E+01 .9510E-01
.6820E+03 .1361E+01 .1240E+01 .9478E-01
.6830E+03 .1359E+01 .1238E+01 .9438E-01
.6840E+03 .1353E+01 .1233E+01 .9366E-01
.6850E+03 .1365E+01 .1244E+01 .9423E-01
.6860E+03 .1357E+01 .1237E+01 .9344E-01
.6870E+03 .9632E+00 .8841E+00 .6098E-01
.6880E+03 .1099E+01 .1006E+01 .7154E-01
.6890E+03 .1103E+01 .1009E+01 .7162E-01
.6900E+03 .1147E+01 .1049E+01 .7507E-01
.6910E+03 .1197E+01 .1093E+01 .7903E-01
.6920E+03 .1232E+01 .1125E+01 .8191E-01
.6930E+03 .1223E+01 .1117E+01 .8093E-01
.6940E+03 .1213E+01 .1108E+01 .7984E-01
.6950E+03 .1256E+01 .1147E+01 .8315E-01
.6960E+03 .1258E+01 .1149E+01 .8295E-01
.6970E+03 .1327E+01 .1210E+01 .8848E-01
.6980E+03 .1307E+01 .1192E+01 .8688E-01
.6990E+03 .1282E+01 .1170E+01 .8426E-01
.7000E+03 .1267E+01 .1156E+01 .8303E-01
.7010E+03 .1256E+01 .1147E+01 .8199E-01
.7020E+03 .1263E+01 .1153E+01 .8246E-01
.7030E+03 .1266E+01 .1155E+01 .8236E-01
.7040E+03 .1303E+01 .1189E+01 .8494E-01
.7050E+03 .1305E+01 .1191E+01 .8483E-01
.7060E+03 .1303E+01 .1189E+01 .8463E-01
.7070E+03 .1304E+01 .1190E+01 .8450E-01
.7080E+03 .1308E+01 .1193E+01 .8447E-01
.7090E+03 .1308E+01 .1193E+01 .8444E-01
.7100E+03 .1309E+01 .1195E+01 .8418E-01
.7110E+03 .1307E+01 .1193E+01 .8397E-01
.7120E+03 .1303E+01 .1188E+01 .8362E-01
.7130E+03 .1291E+01 .1178E+01 .8253E-01
.7140E+03 .1296E+01 .1182E+01 .8258E-01
.7150E+03 .1257E+01 .1148E+01 .7965E-01
.7160E+03 .1259E+01 .1149E+01 .7948E-01
.7170E+03 .1113E+01 .1020E+01 .6784E-01
.7180E+03 .1026E+01 .9409E+00 .6151E-01
.7190E+03 .9418E+00 .8648E+00 .5560E-01
.7200E+03 .9887E+00 .9076E+00 .5851E-01
.7210E+03 .1078E+01 .9882E+00 .6503E-01
.7220E+03 .1220E+01 .1116E+01 .7553E-01
.7230E+03 .1143E+01 .1047E+01 .6935E-01
.7240E+03 .1038E+01 .9527E+00 .6160E-01
.7250E+03 .1025E+01 .9408E+00 .6052E-01
.7260E+03 .1072E+01 .9833E+00 .6367E-01
.7270E+03 .1082E+01 .9926E+00 .6419E-01
.7280E+03 .1024E+01 .9403E+00 .6004E-01
.7290E+03 .1054E+01 .9677E+00 .6239E-01
.7300E+03 .1117E+01 .1024E+01 .6634E-01
.7310E+03 .1070E+01 .9826E+00 .6294E-01
.7320E+03 .1137E+01 .1043E+01 .6761E-01
.7330E+03 .1196E+01 .1096E+01 .7186E-01
.7340E+03 .1222E+01 .1120E+01 .7346E-01
.7350E+03 .1198E+01 .1098E+01 .7172E-01
.7360E+03 .1197E+01 .1097E+01 .7150E-01
.7370E+03 .1202E+01 .1102E+01 .7156E-01
.7380E+03 .1216E+01 .1114E+01 .7270E-01
.7390E+03 .1192E+01 .1093E+01 .7103E-01
.7400E+03 .1222E+01 .1120E+01 .7278E-01
.7410E+03 .1209E+01 .1108E+01 .7192E-01
.7420E+03 .1209E+01 .1108E+01 .7183E-01
.7430E+03 .1240E+01 .1137E+01 .7346E-01
.7440E+03 .1236E+01 .1133E+01 .7305E-01
.7450E+03 .1236E+01 .1133E+01 .7289E-01
.7460E+03 .1241E+01 .1139E+01 .7305E-01
.7470E+03 .1244E+01 .1142E+01 .7303E-01
.7480E+03 .1242E+01 .1140E+01 .7267E-01
.7490E+03 .1227E+01 .1127E+01 .7164E-01
.7500E+03 .1227E+01 .1126E+01 .7143E-01
.7510E+03 .1215E+01 .1115E+01 .7055E-01
.7520E+03 .1220E+01 .1120E+01 .7069E-01
.7530E+03 .1226E+01 .1126E+01 .7085E-01
.7540E+03 .1229E+01 .1129E+01 .7082E-01
.7550E+03 .1222E+01 .1123E+01 .7025E-01
.7560E+03 .1222E+01 .1123E+01 .7007E-01
.7570E+03 .1224E+01 .1125E+01 .7001E-01
.7580E+03 .1209E+01 .1111E+01 .6896E-01
.7590E+03 .1188E+01 .1092E+01 .6729E-01
.7600E+03 .2622E+00 .2453E+00 .1158E-01
.7610E+03 .1524E+00 .1429E+00 .6466E-02
.7620E+03 .6712E+00 .6233E+00 .3332E-01
.7630E+03 .3747E+00 .3500E+00 .1700E-01
.7640E+03 .5281E+00 .4920E+00 .2501E-01
.7650E+03 .6717E+00 .6241E+00 .3305E-01
.7660E+03 .7941E+00 .7359E+00 .4060E-01
.7670E+03 .9724E+00 .8988E+00 .5153E-01
.7680E+03 .1099E+01 .1014E+01 .5988E-01
.7690E+03 .1117E+01 .1030E+01 .6113E-01
.7700E+03 .1150E+01 .1060E+01 .6324E-01
.7710E+03 .1157E+01 .1066E+01 .6369E-01
.7720E+03 .1159E+01 .1068E+01 .6369E-01
.7730E+03 .1167E+01 .1075E+01 .6395E-01
.7740E+03 .1161E+01 .1070E+01 .6346E-01
.7750E+03 .1152E+01 .1062E+01 .6284E-01
.7760E+03 .1166E+01 .1075E+01 .6346E-01
.7770E+03 .1151E+01 .1061E+01 .6246E-01
.7780E+03 .1144E+01 .1055E+01 .6190E-01
.7790E+03 .1145E+01 .1056E+01 .6178E-01
.7800E+03 .1139E+01 .1051E+01 .6128E-01
.7810E+03 .1140E+01 .1052E+01 .6120E-01
.7820E+03 .1147E+01 .1059E+01 .6144E-01
.7830E+03 .1127E+01 .1041E+01 .6023E-01
.7840E+03 .1133E+01 .1046E+01 .6038E-01
.7850E+03 .1125E+01 .1039E+01 .5979E-01
.7860E+03 .1137E+01 .1050E+01 .6030E-01
.7870E+03 .1120E+01 .1035E+01 .5904E-01
.7880E+03 .1107E+01 .1023E+01 .5812E-01
.7890E+03 .1107E+01 .1023E+01 .5789E-01
.7900E+03 .1081E+01 .9999E+00 .5606E-01
.7910E+03 .1087E+01 .1005E+01 .5654E-01
.7920E+03 .1079E+01 .9978E+00 .5599E-01
.7930E+03 .1062E+01 .9823E+00 .5492E-01
.7940E+03 .1077E+01 .9957E+00 .5592E-01
.7950E+03 .1096E+01 .1014E+01 .5669E-01
.7960E+03 .1067E+01 .9876E+00 .5460E-01
.7970E+03 .1068E+01 .9892E+00 .5459E-01
.7980E+03 .1095E+01 .1014E+01 .5623E-01
.7990E+03 .1089E+01 .1008E+01 .5570E-01
.8000E+03 .1072E+01 .9923E+00 .5452E-01
.8010E+03 .1069E+01 .9905E+00 .5419E-01
.8020E+03 .1066E+01 .9878E+00 .5391E-01
.8030E+03 .1059E+01 .9810E+00 .5336E-01
.8040E+03 .1060E+01 .9821E+00 .5332E-01
.8050E+03 .1055E+01 .9779E+00 .5308E-01
.8060E+03 .1083E+01 .1003E+01 .5451E-01
.8070E+03 .1071E+01 .9920E+00 .5370E-01
.8080E+03 .1071E+01 .9929E+00 .5364E-01
.8090E+03 .1053E+01 .9762E+00 .5245E-01
.8100E+03 .1046E+01 .9696E+00 .5181E-01
.8110E+03 .1049E+01 .9734E+00 .5176E-01
.8120E+03 .1023E+01 .9490E+00 .4996E-01
.8130E+03 .1003E+01 .9316E+00 .4864E-01
.8140E+03 .8932E+00 .8309E+00 .4204E-01
.8150E+03 .8874E+00 .8257E+00 .4165E-01
.8160E+03 .8270E+00 .7703E+00 .3815E-01
.8170E+03 .8410E+00 .7832E+00 .3887E-01
.8180E+03 .8121E+00 .7566E+00 .3731E-01
.8190E+03 .8989E+00 .8362E+00 .4223E-01
.8200E+03 .8502E+00 .7916E+00 .3939E-01
.8210E+03 .9816E+00 .9120E+00 .4702E-01
.8220E+03 .9556E+00 .8883E+00 .4533E-01
.8230E+03 .6698E+00 .6258E+00 .2926E-01
.8240E+03 .9323E+00 .8674E+00 .4366E-01
.8250E+03 .9653E+00 .8976E+00 .4556E-01
.8260E+03 .9325E+00 .8678E+00 .4344E-01
.8270E+03 .9803E+00 .9116E+00 .4616E-01
.8280E+03 .8423E+00 .7852E+00 .3819E-01
.8290E+03 .9263E+00 .8622E+00 .4293E-01
.8300E+03 .9154E+00 .8523E+00 .4222E-01
.8310E+03 .9183E+00 .8551E+00 .4234E-01
.8320E+03 .8922E+00 .8312E+00 .4073E-01
.8330E+03 .9440E+00 .8783E+00 .4395E-01
.8340E+03 .9144E+00 .8513E+00 .4207E-01
.8350E+03 .9966E+00 .9269E+00 .4661E-01
.8360E+03 .9590E+00 .8927E+00 .4423E-01
.8370E+03 .9992E+00 .9295E+00 .4655E-01
.8380E+03 .9705E+00 .9031E+00 .4492E-01
.8390E+03 .9838E+00 .9153E+00 .4565E-01
.8400E+03 .1005E+01 .9350E+00 .4657E-01
.8410E+03 .9917E+00 .9229E+00 .4576E-01
.8420E+03 .9924E+00 .9235E+00 .4581E-01
.8430E+03 .9904E+00 .9216E+00 .4573E-01
.8440E+03 .9775E+00 .9098E+00 .4495E-01
.8450E+03 .1009E+01 .9395E+00 .4643E-01
.8460E+03 .1005E+01 .9354E+00 .4612E-01
.8470E+03 .9858E+00 .9176E+00 .4518E-01
.8480E+03 .9804E+00 .9128E+00 .4477E-01
.8490E+03 .9527E+00 .8871E+00 .4339E-01
.8500E+03 .9127E+00 .8500E+00 .4148E-01
.8510E+03 .9671E+00 .9008E+00 .4378E-01
.8520E+03 .9600E+00 .8943E+00 .4337E-01
.8530E+03 .9236E+00 .8604E+00 .4167E-01
.8540E+03 .7979E+00 .7436E+00 .3587E-01
.8550E+03 .8761E+00 .8164E+00 .3936E-01
.8560E+03 .9578E+00 .8926E+00 .4292E-01
.8570E+03 .9788E+00 .9122E+00 .4382E-01
.8580E+03 .9719E+00 .9058E+00 .4341E-01
.8590E+03 .9726E+00 .9065E+00 .4336E-01
.8600E+03 .9741E+00 .9081E+00 .4334E-01
.8610E+03 .9689E+00 .9034E+00 .4301E-01
.8620E+03 .9842E+00 .9176E+00 .4361E-01
.8630E+03 .1008E+01 .9394E+00 .4456E-01
.8640E+03 .9572E+00 .8926E+00 .4225E-01
.8650E+03 .9489E+00 .8849E+00 .4180E-01
.8660E+03 .8533E+00 .7958E+00 .3750E-01
.8670E+03 .8905E+00 .8306E+00 .3906E-01
.8680E+03 .9691E+00 .9040E+00 .4241E-01
.8690E+03 .9490E+00 .8854E+00 .4145E-01
.8700E+03 .9762E+00 .9107E+00 .4254E-01
.8710E+03 .9630E+00 .8985E+00 .4187E-01
.8720E+03 .9596E+00 .8955E+00 .4164E-01
.8730E+03 .9577E+00 .8938E+00 .4147E-01
.8740E+03 .9464E+00 .8833E+00 .4088E-01
.8750E+03 .9273E+00 .8656E+00 .3995E-01
.8760E+03 .9370E+00 .8748E+00 .4028E-01
.8770E+03 .9465E+00 .8838E+00 .4060E-01
.8780E+03 .9570E+00 .8936E+00 .4095E-01
.8790E+03 .9423E+00 .8800E+00 .4024E-01
.8800E+03 .9222E+00 .8613E+00 .3929E-01
.8810E+03 .9087E+00 .8488E+00 .3861E-01
.8820E+03 .9286E+00 .8674E+00 .3937E-01
.8830E+03 .9313E+00 .8700E+00 .3942E-01
.8840E+03 .9272E+00 .8663E+00 .3915E-01
.8850E+03 .9342E+00 .8730E+00 .3935E-01
.8860E+03 .8916E+00 .8333E+00 .3738E-01
.8870E+03 .9003E+00 .8414E+00 .3774E-01
.8880E+03 .9141E+00 .8545E+00 .3817E-01
.8890E+03 .9236E+00 .8633E+00 .3859E-01
.8900E+03 .9170E+00 .8574E+00 .3811E-01
.8910E+03 .9150E+00 .8555E+00 .3800E-01
.8920E+03 .8901E+00 .8325E+00 .3678E-01
.8930E+03 .8641E+00 .8085E+00 .3539E-01
.8940E+03 .8371E+00 .7838E+00 .3388E-01
.8950E+03 .7954E+00 .7453E+00 .3170E-01
.8960E+03 .7508E+00 .7042E+00 .2934E-01
.8970E+03 .6507E+00 .6113E+00 .2464E-01
.8980E+03 .7070E+00 .6636E+00 .2719E-01
.8990E+03 .5446E+00 .5126E+00 .1981E-01
.9000E+03 .7204E+00 .6759E+00 .2789E-01
.9010E+03 .5710E+00 .5371E+00 .2109E-01
.9020E+03 .6605E+00 .6203E+00 .2511E-01
.9030E+03 .6704E+00 .6298E+00 .2529E-01
.9040E+03 .8314E+00 .7790E+00 .3291E-01
.9050E+03 .8047E+00 .7544E+00 .3153E-01
.9060E+03 .7545E+00 .7078E+00 .2921E-01
.9070E+03 .6216E+00 .5846E+00 .2291E-01
.9080E+03 .6328E+00 .5949E+00 .2346E-01
.9090E+03 .6815E+00 .6400E+00 .2576E-01
.9100E+03 .6102E+00 .5740E+00 .2232E-01
.9110E+03 .6458E+00 .6071E+00 .2392E-01
.9120E+03 .6736E+00 .6330E+00 .2514E-01
.9130E+03 .6198E+00 .5831E+00 .2253E-01
.9140E+03 .6131E+00 .5768E+00 .2225E-01
.9150E+03 .6644E+00 .6247E+00 .2451E-01
.9160E+03 .5641E+00 .5312E+00 .2006E-01
.9170E+03 .7085E+00 .6655E+00 .2651E-01
.9180E+03 .5788E+00 .5450E+00 .2064E-01
.9190E+03 .7194E+00 .6758E+00 .2686E-01
.9200E+03 .7225E+00 .6787E+00 .2706E-01
.9210E+03 .7512E+00 .7051E+00 .2853E-01
.9220E+03 .6768E+00 .6361E+00 .2500E-01
.9230E+03 .7255E+00 .6810E+00 .2742E-01
.9240E+03 .6943E+00 .6525E+00 .2566E-01
.9250E+03 .6792E+00 .6385E+00 .2492E-01
.9260E+03 .6869E+00 .6456E+00 .2530E-01
.9270E+03 .7641E+00 .7174E+00 .2864E-01
.9280E+03 .5749E+00 .5417E+00 .2007E-01
.9290E+03 .5288E+00 .4986E+00 .1814E-01
.9300E+03 .4216E+00 .3983E+00 .1384E-01
.9310E+03 .3983E+00 .3765E+00 .1295E-01
.9320E+03 .2932E+00 .2776E+00 .9119E-02
.9330E+03 .2417E+00 .2291E+00 .7337E-02
.9340E+03 .1400E+00 .1329E+00 .4043E-02
.9350E+03 .2445E+00 .2317E+00 .7421E-02
.9360E+03 .1572E+00 .1493E+00 .4583E-02
.9370E+03 .1600E+00 .1519E+00 .4653E-02
.9380E+03 .1950E+00 .1850E+00 .5744E-02
.9390E+03 .3861E+00 .3652E+00 .1232E-01
.9400E+03 .4604E+00 .4349E+00 .1513E-01
.9410E+03 .3533E+00 .3343E+00 .1114E-01
.9420E+03 .4054E+00 .3833E+00 .1300E-01
.9430E+03 .2710E+00 .2569E+00 .8198E-02
.9440E+03 .2811E+00 .2664E+00 .8557E-02
.9450E+03 .3633E+00 .3438E+00 .1136E-01
.9460E+03 .1910E+00 .1814E+00 .5541E-02
.9470E+03 .3666E+00 .3470E+00 .1142E-01
.9480E+03 .2700E+00 .2560E+00 .8082E-02
.9490E+03 .4851E+00 .4583E+00 .1576E-01
.9500E+03 .1443E+00 .1372E+00 .4057E-02
.9510E+03 .4765E+00 .4503E+00 .1542E-01
.9520E+03 .2639E+00 .2503E+00 .7804E-02
.9530E+03 .3355E+00 .3179E+00 .1023E-01
.9540E+03 .4057E+00 .3838E+00 .1278E-01
.9550E+03 .3387E+00 .3208E+00 .1037E-01
.9560E+03 .3257E+00 .3086E+00 .9862E-02
.9570E+03 .2652E+00 .2516E+00 .7782E-02
.9580E+03 .4535E+00 .4289E+00 .1442E-01
.9590E+03 .3666E+00 .3473E+00 .1120E-01
.9600E+03 .4110E+00 .3890E+00 .1278E-01
.9610E+03 .4565E+00 .4317E+00 .1443E-01
.9620E+03 .4324E+00 .4092E+00 .1353E-01
.9630E+03 .4945E+00 .4674E+00 .1586E-01
.9640E+03 .4543E+00 .4297E+00 .1431E-01
.9650E+03 .4922E+00 .4653E+00 .1573E-01
.9660E+03 .4934E+00 .4664E+00 .1575E-01
.9670E+03 .4916E+00 .4649E+00 .1563E-01
.9680E+03 .6452E+00 .6084E+00 .2181E-01
.9690E+03 .6755E+00 .6367E+00 .2303E-01
.9700E+03 .6220E+00 .5868E+00 .2074E-01
.9710E+03 .7061E+00 .6652E+00 .2430E-01
.9720E+03 .6765E+00 .6377E+00 .2297E-01
.9730E+03 .5951E+00 .5619E+00 .1956E-01
.9740E+03 .5658E+00 .5344E+00 .1839E-01
.9750E+03 .5847E+00 .5522E+00 .1908E-01
.9760E+03 .5586E+00 .5278E+00 .1800E-01
.9770E+03 .6292E+00 .5938E+00 .2086E-01
.9780E+03 .6006E+00 .5671E+00 .1963E-01
.9790E+03 .6271E+00 .5919E+00 .2072E-01
.9800E+03 .5907E+00 .5579E+00 .1918E-01
.9810E+03 .7020E+00 .6619E+00 .2373E-01
.9820E+03 .6743E+00 .6361E+00 .2252E-01
.9830E+03 .6479E+00 .6114E+00 .2141E-01
.9840E+03 .7210E+00 .6796E+00 .2450E-01
.9850E+03 .6710E+00 .6331E+00 .2229E-01
.9860E+03 .7322E+00 .6901E+00 .2494E-01
.9870E+03 .7196E+00 .6784E+00 .2434E-01
.9880E+03 .7183E+00 .6772E+00 .2423E-01
.9890E+03 .7292E+00 .6872E+00 .2478E-01
.9900E+03 .7140E+00 .6732E+00 .2402E-01
.9910E+03 .7316E+00 .6896E+00 .2473E-01
.9920E+03 .7357E+00 .6935E+00 .2483E-01
.9930E+03 .7210E+00 .6799E+00 .2416E-01
.9940E+03 .7354E+00 .6933E+00 .2475E-01
.9950E+03 .7343E+00 .6923E+00 .2469E-01
.9960E+03 .7313E+00 .6895E+00 .2452E-01
.9970E+03 .7322E+00 .6905E+00 .2451E-01
.9980E+03 .7289E+00 .6874E+00 .2435E-01
.9990E+03 .7262E+00 .6849E+00 .2422E-01
.1000E+04 .7215E+00 .6806E+00 .2398E-01
.1001E+04 .7302E+00 .6887E+00 .2427E-01
.1002E+04 .7116E+00 .6714E+00 .2345E-01
.1003E+04 .7174E+00 .6768E+00 .2374E-01
.1004E+04 .7003E+00 .6607E+00 .2309E-01
.1005E+04 .6741E+00 .6360E+00 .2223E-01
.1006E+04 .7007E+00 .6612E+00 .2303E-01
.1007E+04 .7154E+00 .6751E+00 .2349E-01
.1008E+04 .7119E+00 .6719E+00 .2330E-01
.1009E+04 .7084E+00 .6687E+00 .2311E-01
.1010E+04 .7056E+00 .6661E+00 .2296E-01
.1011E+04 .7119E+00 .6720E+00 .2320E-01
.1012E+04 .7060E+00 .6665E+00 .2293E-01
.1013E+04 .7102E+00 .6704E+00 .2306E-01
.1014E+04 .7052E+00 .6658E+00 .2286E-01
.1015E+04 .7006E+00 .6615E+00 .2266E-01
.1016E+04 .6975E+00 .6586E+00 .2251E-01
.1017E+04 .6994E+00 .6604E+00 .2252E-01
.1018E+04 .6966E+00 .6578E+00 .2240E-01
.1019E+04 .6823E+00 .6445E+00 .2184E-01
.1020E+04 .6930E+00 .6546E+00 .2219E-01
.1021E+04 .6920E+00 .6536E+00 .2212E-01
.1022E+04 .6868E+00 .6489E+00 .2189E-01
.1023E+04 .6942E+00 .6558E+00 .2208E-01
.1024E+04 .6858E+00 .6480E+00 .2172E-01
.1025E+04 .6936E+00 .6553E+00 .2200E-01
.1026E+04 .6908E+00 .6527E+00 .2185E-01
.1027E+04 .6892E+00 .6513E+00 .2176E-01
.1028E+04 .6878E+00 .6500E+00 .2167E-01
.1029E+04 .6798E+00 .6425E+00 .2138E-01
.1030E+04 .6842E+00 .6467E+00 .2150E-01
.1031E+04 .6816E+00 .6443E+00 .2136E-01
.1032E+04 .6796E+00 .6424E+00 .2126E-01
.1033E+04 .6694E+00 .6328E+00 .2090E-01
.1034E+04 .6694E+00 .6329E+00 .2086E-01
.1035E+04 .6715E+00 .6349E+00 .2088E-01
.1036E+04 .6750E+00 .6383E+00 .2095E-01
.1037E+04 .6637E+00 .6277E+00 .2056E-01
.1038E+04 .6670E+00 .6308E+00 .2062E-01
.1039E+04 .6666E+00 .6305E+00 .2057E-01
.1040E+04 .6640E+00 .6280E+00 .2045E-01
.1041E+04 .6667E+00 .6307E+00 .2048E-01
.1042E+04 .6621E+00 .6264E+00 .2030E-01
.1043E+04 .6601E+00 .6245E+00 .2020E-01
.1044E+04 .6625E+00 .6268E+00 .2024E-01
.1045E+04 .6536E+00 .6184E+00 .1992E-01
.1046E+04 .6464E+00 .6117E+00 .1966E-01
.1047E+04 .6523E+00 .6173E+00 .1980E-01
.1048E+04 .6560E+00 .6208E+00 .1987E-01
.1049E+04 .6532E+00 .6182E+00 .1974E-01
.1050E+04 .6501E+00 .6153E+00 .1961E-01
.1051E+04 .6498E+00 .6150E+00 .1956E-01
.1052E+04 .6470E+00 .6125E+00 .1943E-01
.1053E+04 .6420E+00 .6078E+00 .1924E-01
.1054E+04 .6437E+00 .6094E+00 .1925E-01
.1055E+04 .6442E+00 .6100E+00 .1922E-01
.1056E+04 .6421E+00 .6080E+00 .1912E-01
.1057E+04 .6402E+00 .6063E+00 .1902E-01
.1058E+04 .6246E+00 .5916E+00 .1851E-01
.1059E+04 .6254E+00 .5924E+00 .1850E-01
.1060E+04 .6246E+00 .5915E+00 .1844E-01
.1061E+04 .6239E+00 .5910E+00 .1838E-01
.1062E+04 .6273E+00 .5942E+00 .1844E-01
.1063E+04 .6211E+00 .5884E+00 .1822E-01
.1064E+04 .6284E+00 .5954E+00 .1840E-01
.1065E+04 .6242E+00 .5915E+00 .1822E-01
.1066E+04 .6117E+00 .5796E+00 .1783E-01
.1067E+04 .6197E+00 .5872E+00 .1802E-01
.1068E+04 .6063E+00 .5746E+00 .1758E-01
.1069E+04 .5875E+00 .5568E+00 .1701E-01
.1070E+04 .6076E+00 .5760E+00 .1754E-01
.1071E+04 .6166E+00 .5844E+00 .1781E-01
.1072E+04 .6098E+00 .5782E+00 .1754E-01
.1073E+04 .6010E+00 .5698E+00 .1727E-01
.1074E+04 .6160E+00 .5840E+00 .1771E-01
.1075E+04 .5868E+00 .5565E+00 .1670E-01
.1076E+04 .6156E+00 .5837E+00 .1762E-01
.1077E+04 .6055E+00 .5743E+00 .1721E-01
.1078E+04 .5944E+00 .5638E+00 .1684E-01
.1079E+04 .6055E+00 .5742E+00 .1724E-01
.1080E+04 .5962E+00 .5656E+00 .1680E-01
.1081E+04 .5779E+00 .5483E+00 .1624E-01
.1082E+04 .5858E+00 .5557E+00 .1654E-01
.1083E+04 .5873E+00 .5571E+00 .1656E-01
.1084E+04 .5769E+00 .5476E+00 .1604E-01
.1085E+04 .5975E+00 .5669E+00 .1672E-01
.1086E+04 .5477E+00 .5201E+00 .1498E-01
.1087E+04 .5636E+00 .5349E+00 .1565E-01
.1088E+04 .5870E+00 .5571E+00 .1636E-01
.1089E+04 .5706E+00 .5417E+00 .1574E-01
.1090E+04 .5590E+00 .5309E+00 .1525E-01
.1091E+04 .5855E+00 .5559E+00 .1617E-01
.1092E+04 .5837E+00 .5542E+00 .1612E-01
.1093E+04 .4996E+00 .4749E+00 .1331E-01
.1094E+04 .5347E+00 .5077E+00 .1466E-01
.1095E+04 .5200E+00 .4941E+00 .1393E-01
.1096E+04 .4993E+00 .4747E+00 .1320E-01
.1097E+04 .5702E+00 .5415E+00 .1562E-01
.1098E+04 .4922E+00 .4681E+00 .1296E-01
.1099E+04 .5125E+00 .4873E+00 .1352E-01
.1100E+04 .4785E+00 .4553E+00 .1236E-01
.1101E+04 .4839E+00 .4604E+00 .1255E-01
.1102E+04 .4635E+00 .4411E+00 .1191E-01
.1103E+04 .4599E+00 .4378E+00 .1171E-01
.1104E+04 .4604E+00 .4383E+00 .1172E-01
.1105E+04 .5013E+00 .4768E+00 .1302E-01
.1106E+04 .3917E+00 .3734E+00 .9564E-02
.1107E+04 .4777E+00 .4547E+00 .1222E-01
.1108E+04 .4098E+00 .3906E+00 .1008E-01
.1109E+04 .4094E+00 .3902E+00 .1006E-01
.1110E+04 .4741E+00 .4514E+00 .1203E-01
.1111E+04 .3281E+00 .3132E+00 .7686E-02
.1112E+04 .4059E+00 .3869E+00 .9925E-02
.1113E+04 .2653E+00 .2536E+00 .5977E-02
.1114E+04 .2958E+00 .2826E+00 .6756E-02
.1115E+04 .2454E+00 .2346E+00 .5447E-02
.1116E+04 .2003E+00 .1917E+00 .4309E-02
.1117E+04 .7845E-01 .7524E-01 .1557E-02
.1118E+04 .2163E+00 .2070E+00 .4687E-02
.1119E+04 .1111E+00 .1065E+00 .2253E-02
.1120E+04 .1401E+00 .1343E+00 .2882E-02
.1121E+04 .1836E+00 .1758E+00 .3869E-02
.1122E+04 .8058E-01 .7730E-01 .1588E-02
.1123E+04 .1265E+00 .1212E+00 .2565E-02
.1124E+04 .1068E+00 .1024E+00 .2138E-02
.1125E+04 .1384E+00 .1326E+00 .2826E-02
.1126E+04 .5152E-01 .4946E-01 .9879E-03
.1127E+04 .1558E+00 .1493E+00 .3198E-02
.1128E+04 .9683E-01 .9289E-01 .1906E-02
.1129E+04 .1022E+00 .9804E-01 .2017E-02
.1130E+04 .6877E-01 .6601E-01 .1324E-02
.1131E+04 .2875E+00 .2749E+00 .6343E-02
.1132E+04 .2270E+00 .2173E+00 .4826E-02
.1133E+04 .1483E+00 .1422E+00 .2997E-02
.1134E+04 .4066E-01 .3906E-01 .7622E-03
.1135E+04 .1509E-01 .1450E-01 .2785E-03
.1136E+04 .1253E+00 .1202E+00 .2477E-02
.1137E+04 .2838E+00 .2715E+00 .6184E-02
.1138E+04 .2007E+00 .1923E+00 .4168E-02
.1139E+04 .2910E+00 .2783E+00 .6386E-02
.1140E+04 .2463E+00 .2358E+00 .5251E-02
.1141E+04 .1907E+00 .1827E+00 .3916E-02
.1142E+04 .2176E+00 .2085E+00 .4536E-02
.1143E+04 .3058E+00 .2925E+00 .6701E-02
.1144E+04 .1110E+00 .1065E+00 .2153E-02
.1145E+04 .1429E+00 .1371E+00 .2817E-02
.1146E+04 .1543E+00 .1480E+00 .3052E-02
.1147E+04 .5775E-01 .5548E-01 .1068E-02
.1148E+04 .2646E+00 .2534E+00 .5615E-02
.1149E+04 .2139E+00 .2049E+00 .4389E-02
.1150E+04 .1191E+00 .1143E+00 .2296E-02
.1151E+04 .1993E+00 .1910E+00 .4035E-02
.1152E+04 .2423E+00 .2321E+00 .5038E-02
.1153E+04 .2337E+00 .2239E+00 .4833E-02
.1154E+04 .1392E+00 .1336E+00 .2690E-02
.1155E+04 .3038E+00 .2908E+00 .6529E-02
.1156E+04 .2752E+00 .2635E+00 .5803E-02
.1157E+04 .3063E+00 .2931E+00 .6573E-02
.1158E+04 .3029E+00 .2899E+00 .6479E-02
.1159E+04 .3246E+00 .3105E+00 .7055E-02
.1160E+04 .2799E+00 .2680E+00 .5903E-02
.1161E+04 .3397E+00 .3249E+00 .7454E-02
.1162E+04 .3419E+00 .3270E+00 .7455E-02
.1163E+04 .4533E+00 .4328E+00 .1054E-01
.1164E+04 .3918E+00 .3745E+00 .8799E-02
.1165E+04 .3729E+00 .3566E+00 .8244E-02
.1166E+04 .3678E+00 .3518E+00 .8119E-02
.1167E+04 .3991E+00 .3815E+00 .8944E-02
.1168E+04 .4044E+00 .3865E+00 .9064E-02
.1169E+04 .4129E+00 .3946E+00 .9333E-02
.1170E+04 .4461E+00 .4261E+00 .1022E-01
.1171E+04 .4353E+00 .4159E+00 .9882E-02
.1172E+04 .4415E+00 .4218E+00 .1005E-01
.1173E+04 .4451E+00 .4253E+00 .1013E-01
.1174E+04 .3252E+00 .3114E+00 .6882E-02
.1175E+04 .4336E+00 .4143E+00 .9852E-02
.1176E+04 .4729E+00 .4517E+00 .1093E-01
.1177E+04 .4564E+00 .4361E+00 .1042E-01
.1178E+04 .3483E+00 .3335E+00 .7466E-02
.1179E+04 .4766E+00 .4553E+00 .1097E-01
.1180E+04 .4295E+00 .4106E+00 .9588E-02
.1181E+04 .4429E+00 .4234E+00 .9959E-02
.1182E+04 .3117E+00 .2986E+00 .6482E-02
.1183E+04 .4352E+00 .4160E+00 .9811E-02
.1184E+04 .4098E+00 .3921E+00 .9018E-02
.1185E+04 .3973E+00 .3802E+00 .8640E-02
.1186E+04 .4650E+00 .4444E+00 .1051E-01
.1187E+04 .4448E+00 .4254E+00 .9918E-02
.1188E+04 .3177E+00 .3045E+00 .6594E-02
.1189E+04 .4148E+00 .3968E+00 .9142E-02
.1190E+04 .4543E+00 .4344E+00 .1016E-01
.1191E+04 .4348E+00 .4160E+00 .9573E-02
.1192E+04 .4603E+00 .4402E+00 .1029E-01
.1193E+04 .4423E+00 .4231E+00 .9771E-02
.1194E+04 .4551E+00 .4352E+00 .1012E-01
.1195E+04 .4329E+00 .4141E+00 .9506E-02
.1196E+04 .4185E+00 .4004E+00 .9089E-02
.1197E+04 .4542E+00 .4342E+00 .1014E-01
.1198E+04 .4173E+00 .3991E+00 .9123E-02
.1199E+04 .3604E+00 .3451E+00 .7601E-02
.1200E+04 .4372E+00 .4181E+00 .9566E-02
.1201E+04 .4235E+00 .4052E+00 .9163E-02
.1202E+04 .4199E+00 .4017E+00 .9068E-02
.1203E+04 .4147E+00 .3967E+00 .9007E-02
.1204E+04 .3557E+00 .3407E+00 .7387E-02
.1205E+04 .4209E+00 .4026E+00 .9073E-02
.1206E+04 .4669E+00 .4462E+00 .1033E-01
.1207E+04 .4142E+00 .3963E+00 .8860E-02
.1208E+04 .4056E+00 .3880E+00 .8735E-02
.1209E+04 .4156E+00 .3975E+00 .8948E-02
.1210E+04 .4332E+00 .4143E+00 .9405E-02
.1211E+04 .4157E+00 .3976E+00 .8899E-02
.1212E+04 .4137E+00 .3958E+00 .8796E-02
.1213E+04 .4556E+00 .4355E+00 .9936E-02
.1214E+04 .4232E+00 .4048E+00 .9025E-02
.1215E+04 .4158E+00 .3979E+00 .8812E-02
.1216E+04 .4544E+00 .4344E+00 .9856E-02
.1217E+04 .4435E+00 .4241E+00 .9544E-02
.1218E+04 .4470E+00 .4275E+00 .9633E-02
.1219E+04 .4364E+00 .4174E+00 .9332E-02
.1220E+04 .4470E+00 .4275E+00 .9601E-02
.1221E+04 .4531E+00 .4333E+00 .9764E-02
.1222E+04 .4397E+00 .4206E+00 .9390E-02
.1223E+04 .4360E+00 .4171E+00 .9280E-02
.1224E+04 .4356E+00 .4168E+00 .9243E-02
.1225E+04 .4508E+00 .4311E+00 .9650E-02
.1226E+04 .4534E+00 .4337E+00 .9720E-02
.1227E+04 .4213E+00 .4032E+00 .8878E-02
.1228E+04 .4557E+00 .4358E+00 .9759E-02
.1229E+04 .4545E+00 .4347E+00 .9701E-02
.1230E+04 .4472E+00 .4278E+00 .9498E-02
.1231E+04 .4581E+00 .4382E+00 .9792E-02
.1232E+04 .4555E+00 .4357E+00 .9716E-02
.1233E+04 .4422E+00 .4231E+00 .9327E-02
.1234E+04 .4572E+00 .4374E+00 .9740E-02
.1235E+04 .4547E+00 .4350E+00 .9655E-02
.1236E+04 .4579E+00 .4381E+00 .9718E-02
.1237E+04 .4525E+00 .4329E+00 .9553E-02
.1238E+04 .4564E+00 .4366E+00 .9650E-02
.1239E+04 .4505E+00 .4311E+00 .9510E-02
.1240E+04 .4522E+00 .4327E+00 .9532E-02
.1241E+04 .4506E+00 .4312E+00 .9460E-02
.1242E+04 .4492E+00 .4298E+00 .9431E-02
.1243E+04 .4455E+00 .4263E+00 .9337E-02
.1244E+04 .4488E+00 .4296E+00 .9383E-02
.1245E+04 .4506E+00 .4313E+00 .9408E-02
.1246E+04 .4480E+00 .4288E+00 .9337E-02
.1247E+04 .4464E+00 .4274E+00 .9282E-02
.1248E+04 .4464E+00 .4274E+00 .9253E-02
.1249E+04 .4475E+00 .4285E+00 .9271E-02
.1250E+04 .4450E+00 .4261E+00 .9195E-02
.1251E+04 .4396E+00 .4210E+00 .9055E-02
.1252E+04 .4393E+00 .4206E+00 .9048E-02
.1253E+04 .4366E+00 .4181E+00 .8948E-02
.1254E+04 .4328E+00 .4146E+00 .8831E-02
.1255E+04 .4390E+00 .4205E+00 .8988E-02
.1256E+04 .4283E+00 .4102E+00 .8697E-02
.1257E+04 .4262E+00 .4083E+00 .8629E-02
.1258E+04 .4330E+00 .4148E+00 .8795E-02
.1259E+04 .4197E+00 .4021E+00 .8426E-02
.1260E+04 .4216E+00 .4039E+00 .8460E-02
.1261E+04 .4009E+00 .3843E+00 .7930E-02
.1262E+04 .3905E+00 .3744E+00 .7660E-02
.1263E+04 .3913E+00 .3752E+00 .7661E-02
.1264E+04 .3649E+00 .3500E+00 .7016E-02
.1265E+04 .3888E+00 .3728E+00 .7591E-02
.1266E+04 .3763E+00 .3609E+00 .7265E-02
.1267E+04 .3814E+00 .3657E+00 .7400E-02
.1268E+04 .3642E+00 .3493E+00 .6977E-02
.1269E+04 .2424E+00 .2330E+00 .4215E-02
.1270E+04 .3807E+00 .3651E+00 .7335E-02
.1271E+04 .3995E+00 .3829E+00 .7797E-02
.1272E+04 .4004E+00 .3838E+00 .7814E-02
.1273E+04 .3965E+00 .3801E+00 .7713E-02
.1274E+04 .3973E+00 .3809E+00 .7729E-02
.1275E+04 .4025E+00 .3859E+00 .7838E-02
.1276E+04 .4058E+00 .3890E+00 .7908E-02
.1277E+04 .4078E+00 .3909E+00 .7950E-02
.1278E+04 .4145E+00 .3972E+00 .8112E-02
.1279E+04 .4108E+00 .3938E+00 .8024E-02
.1280E+04 .4055E+00 .3887E+00 .7907E-02
.1281E+04 .3864E+00 .3704E+00 .7541E-02
.1282E+04 .3714E+00 .3560E+00 .7269E-02
.1283E+04 .4002E+00 .3836E+00 .7812E-02
.1284E+04 .4100E+00 .3930E+00 .7980E-02
.1285E+04 .4125E+00 .3955E+00 .8022E-02
.1286E+04 .4176E+00 .4003E+00 .8126E-02
.1287E+04 .4121E+00 .3951E+00 .7968E-02
.1288E+04 .4117E+00 .3947E+00 .7954E-02
.1289E+04 .4004E+00 .3840E+00 .7658E-02
.1290E+04 .4076E+00 .3909E+00 .7853E-02
.1291E+04 .4128E+00 .3959E+00 .7949E-02
.1292E+04 .3914E+00 .3755E+00 .7398E-02
.1293E+04 .4060E+00 .3894E+00 .7757E-02
.1294E+04 .4031E+00 .3867E+00 .7677E-02
.1295E+04 .4021E+00 .3857E+00 .7628E-02
.1296E+04 .3861E+00 .3705E+00 .7227E-02
.1297E+04 .3670E+00 .3523E+00 .6781E-02
.1298E+04 .3917E+00 .3758E+00 .7359E-02
.1299E+04 .4063E+00 .3898E+00 .7692E-02
.1300E+04 .3498E+00 .3359E+00 .6352E-02
.1301E+04 .3593E+00 .3450E+00 .6570E-02
.1302E+04 .3904E+00 .3746E+00 .7299E-02
.1303E+04 .3445E+00 .3309E+00 .6232E-02
.1304E+04 .2994E+00 .2878E+00 .5218E-02
.1305E+04 .3828E+00 .3674E+00 .7081E-02
.1306E+04 .3832E+00 .3678E+00 .7078E-02
.1307E+04 .3038E+00 .2920E+00 .5290E-02
.1308E+04 .3441E+00 .3306E+00 .6172E-02
.1309E+04 .3807E+00 .3655E+00 .6995E-02
.1310E+04 .2983E+00 .2868E+00 .5157E-02
.1311E+04 .3312E+00 .3182E+00 .5863E-02
.1312E+04 .3231E+00 .3105E+00 .5710E-02
.1313E+04 .3173E+00 .3050E+00 .5561E-02
.1314E+04 .2853E+00 .2744E+00 .4863E-02
.1315E+04 .2826E+00 .2718E+00 .4825E-02
.1316E+04 .3261E+00 .3134E+00 .5720E-02
.1317E+04 .3099E+00 .2980E+00 .5360E-02
.1318E+04 .3342E+00 .3213E+00 .5883E-02
.1319E+04 .2675E+00 .2575E+00 .4456E-02
.1320E+04 .2578E+00 .2482E+00 .4265E-02
.1321E+04 .2984E+00 .2870E+00 .5087E-02
.1322E+04 .3026E+00 .2911E+00 .5159E-02
.1323E+04 .2331E+00 .2245E+00 .3758E-02
.1324E+04 .2629E+00 .2531E+00 .4335E-02
.1325E+04 .3225E+00 .3102E+00 .5564E-02
.1326E+04 .2801E+00 .2696E+00 .4676E-02
.1327E+04 .2680E+00 .2580E+00 .4425E-02
.1328E+04 .2327E+00 .2242E+00 .3739E-02
.1329E+04 .1792E+00 .1728E+00 .2753E-02
.1330E+04 .2312E+00 .2227E+00 .3685E-02
.1331E+04 .1448E+00 .1398E+00 .2146E-02
.1332E+04 .1477E+00 .1425E+00 .2197E-02
.1333E+04 .2044E+00 .1970E+00 .3167E-02
.1334E+04 .1706E+00 .1646E+00 .2577E-02
.1335E+04 .2322E+00 .2238E+00 .3681E-02
.1336E+04 .1862E+00 .1796E+00 .2838E-02
.1337E+04 .1661E+00 .1603E+00 .2486E-02
.1338E+04 .1795E+00 .1732E+00 .2713E-02
.1339E+04 .1781E+00 .1718E+00 .2690E-02
.1340E+04 .1719E+00 .1659E+00 .2581E-02
.1341E+04 .1710E+00 .1651E+00 .2554E-02
.1342E+04 .1792E+00 .1730E+00 .2689E-02
.1343E+04 .1280E+00 .1237E+00 .1830E-02
.1344E+04 .7636E-01 .7383E-01 .1047E-02
.1345E+04 .1096E+00 .1059E+00 .1541E-02
.1346E+04 .5885E-01 .5693E-01 .7880E-03
.1347E+04 .6060E-01 .5862E-01 .8104E-03
.1348E+04 .4794E-02 .4642E-02 .6063E-04
.1349E+04 .1625E-01 .1573E-01 .2076E-03
.1350E+04 .1619E-01 .1568E-01 .2070E-03
.1351E+04 .4701E-02 .4553E-02 .5899E-04
.1352E+04 .1531E-02 .1483E-02 .1900E-04
.1353E+04 .9696E-04 .9396E-04 .1192E-05
.1354E+04 .2918E-03 .2827E-03 .3598E-05
.1355E+04 .3637E-05 .3525E-05 .4419E-07
.1356E+04 .4821E-04 .4672E-04 .5897E-06
.1357E+04 .7295E-04 .7071E-04 .8913E-06
.1358E+04 .4232E-05 .4103E-05 .5124E-07
.1359E+04 .7360E-06 .7137E-06 .8834E-08
.1360E+04 .2172E-05 .2106E-05 .2615E-07
.1361E+04 .4854E-08 .4708E-08 .5760E-10
.1362E+04 .1809E-10 .1755E-10 .2135E-12
.1363E+04 .3203E-05 .3106E-05 .3833E-07
.1364E+04 .1366E-05 .1325E-05 .1631E-07
.1365E+04 .9180E-11 .8907E-11 .1075E-12
.1366E+04 .1284E-04 .1245E-04 .1533E-06
.1367E+04 .5026E-05 .4875E-05 .5999E-07
.1368E+04 .1483E-12 .1437E-12 .1718E-14
.1369E+04 .5217E-06 .5061E-06 .6184E-08
.1370E+04 .2945E-06 .2858E-06 .3477E-08
.1371E+04 .1993E-07 .1934E-07 .2342E-09
.1372E+04 .2769E-05 .2687E-05 .3283E-07
.1373E+04 .4470E-04 .4337E-04 .5323E-06
.1374E+04 .1788E-03 .1735E-03 .2136E-05
.1375E+04 .3249E-03 .3152E-03 .3876E-05
.1376E+04 .2604E-03 .2527E-03 .3114E-05
.1377E+04 .1236E-03 .1200E-03 .1474E-05
.1378E+04 .1123E-02 .1090E-02 .1342E-04
.1379E+04 .5237E-04 .5084E-04 .6227E-06
.1380E+04 .8239E-04 .7998E-04 .9756E-06
.1381E+04 .2381E-05 .2311E-05 .2806E-07
.1382E+04 .2593E-05 .2518E-05 .3030E-07
.1383E+04 .4454E-07 .4326E-07 .5181E-09
.1384E+04 .6215E-06 .6036E-06 .7212E-08
.1385E+04 .2114E-05 .2053E-05 .2469E-07
.1386E+04 .2534E-05 .2462E-05 .2940E-07
.1387E+04 .2015E-03 .1957E-03 .2359E-05
.1388E+04 .4074E-05 .3959E-05 .4760E-07
.1389E+04 .5823E-03 .5658E-03 .6836E-05
.1390E+04 .5010E-03 .4868E-03 .5873E-05
.1391E+04 .3465E-03 .3367E-03 .4052E-05
.1392E+04 .2393E-04 .2326E-04 .2789E-06
.1393E+04 .1167E-03 .1134E-03 .1362E-05
.1394E+04 .7629E-04 .7416E-04 .8829E-06
.1395E+04 .6773E-06 .6586E-06 .7791E-08
.1396E+04 .6374E-08 .6200E-08 .7231E-10
.1397E+04 .4944E-04 .4807E-04 .5727E-06
.1398E+04 .1277E-02 .1242E-02 .1485E-04
.1399E+04 .8095E-03 .7871E-03 .9398E-05
.1400E+04 .3291E-08 .3202E-08 .3705E-10
.1401E+04 .1074E-07 .1045E-07 .1211E-09
.1402E+04 .1851E-02 .1800E-02 .2157E-04
.1403E+04 .2410E-02 .2345E-02 .2803E-04
.1404E+04 .7468E-03 .7265E-03 .8658E-05
.1405E+04 .3705E-06 .3606E-06 .4195E-08
.1406E+04 .2062E-02 .2006E-02 .2381E-04
.1407E+04 .1764E-03 .1717E-03 .2034E-05
.1408E+04 .1670E-02 .1626E-02 .1924E-04
.1409E+04 .6263E-03 .6096E-03 .7172E-05
.1410E+04 .4705E-03 .4580E-03 .5392E-05
.1411E+04 .2105E-02 .2049E-02 .2422E-04
.1412E+04 .2696E-02 .2625E-02 .3106E-04
.1413E+04 .2372E-01 .2308E-01 .2791E-03
.1414E+04 .3666E-03 .3570E-03 .4181E-05
.1415E+04 .1857E-03 .1808E-03 .2111E-05
.1416E+04 .3592E-01 .3496E-01 .4271E-03
.1417E+04 .1186E-01 .1155E-01 .1375E-03
.1418E+04 .1361E-01 .1325E-01 .1577E-03
.1419E+04 .2161E-02 .2105E-02 .2478E-04
.1420E+04 .8366E-02 .8149E-02 .9631E-04
.1421E+04 .9092E-02 .8856E-02 .1046E-03
.1422E+04 .4660E-01 .4537E-01 .5546E-03
.1423E+04 .9294E-02 .9054E-02 .1071E-03
.1424E+04 .1718E-01 .1674E-01 .1991E-03
.1425E+04 .2563E-01 .2497E-01 .2984E-03
.1426E+04 .2819E-01 .2746E-01 .3291E-03
.1427E+04 .4977E-01 .4847E-01 .5924E-03
.1428E+04 .4555E-02 .4439E-02 .5158E-04
.1429E+04 .3812E-01 .3714E-01 .4475E-03
.1430E+04 .6266E-01 .6103E-01 .7512E-03
.1431E+04 .5086E-01 .4955E-01 .6017E-03
.1432E+04 .2540E-02 .2477E-02 .2851E-04
.1433E+04 .3581E-01 .3490E-01 .4172E-03
.1434E+04 .2126E-01 .2073E-01 .2445E-03
.1435E+04 .2164E-01 .2110E-01 .2474E-03
.1436E+04 .3874E-01 .3776E-01 .4496E-03
.1437E+04 .3011E-01 .2935E-01 .3467E-03
.1438E+04 .1343E-01 .1309E-01 .1521E-03
.1439E+04 .5077E-01 .4949E-01 .5932E-03
.1440E+04 .3975E-01 .3875E-01 .4605E-03
.1441E+04 .3233E-01 .3152E-01 .3707E-03
.1442E+04 .3657E-01 .3566E-01 .4206E-03
.1443E+04 .4558E-01 .4444E-01 .5288E-03
.1444E+04 .6201E-01 .6044E-01 .7287E-03
.1445E+04 .5056E-01 .4929E-01 .5862E-03
.1446E+04 .2313E-01 .2256E-01 .2619E-03
.1447E+04 .3671E-01 .3580E-01 .4196E-03
.1448E+04 .1167E+00 .1137E+00 .1430E-02
.1449E+04 .1029E+00 .1003E+00 .1244E-02
.1450E+04 .2748E-01 .2680E-01 .3107E-03
.1451E+04 .1132E-01 .1105E-01 .1260E-03
.1452E+04 .6330E-01 .6172E-01 .7373E-03
.1453E+04 .8257E-01 .8049E-01 .9764E-03
.1454E+04 .1382E+00 .1346E+00 .1715E-02
.1455E+04 .6650E-01 .6484E-01 .7756E-03
.1456E+04 .8999E-01 .8773E-01 .1067E-02
.1457E+04 .1186E+00 .1156E+00 .1440E-02
.1458E+04 .1378E+00 .1343E+00 .1701E-02
.1459E+04 .1634E+00 .1591E+00 .2053E-02
.1460E+04 .8609E-01 .8393E-01 .1015E-02
.1461E+04 .9084E-01 .8856E-01 .1072E-02
.1462E+04 .1315E+00 .1281E+00 .1606E-02
.1463E+04 .4362E-01 .4255E-01 .4933E-03
.1464E+04 .1542E+00 .1502E+00 .1916E-02
.1465E+04 .9319E-01 .9085E-01 .1101E-02
.1466E+04 .6652E-01 .6487E-01 .7629E-03
.1467E+04 .3598E-01 .3511E-01 .4008E-03
.1468E+04 .7788E-01 .7595E-01 .9005E-03
.1469E+04 .9519E-01 .9281E-01 .1116E-02
.1470E+04 .4934E-01 .4814E-01 .5541E-03
.1471E+04 .1806E-01 .1762E-01 .1971E-03
.1472E+04 .4686E-01 .4572E-01 .5237E-03
.1473E+04 .6961E-01 .6789E-01 .7950E-03
.1474E+04 .9911E-01 .9662E-01 .1163E-02
.1475E+04 .1845E+00 .1796E+00 .2326E-02
.1476E+04 .6898E-01 .6727E-01 .7850E-03
.1477E+04 .6987E-01 .6814E-01 .7941E-03
.1478E+04 .6366E-01 .6209E-01 .7206E-03
.1479E+04 .1210E+00 .1179E+00 .1437E-02
.1480E+04 .6042E-01 .5893E-01 .6785E-03
.1481E+04 .1162E+00 .1132E+00 .1370E-02
.1482E+04 .5827E-01 .5683E-01 .6527E-03
.1483E+04 .1499E+00 .1461E+00 .1819E-02
.1484E+04 .1390E+00 .1354E+00 .1669E-02
.1485E+04 .1249E+00 .1217E+00 .1477E-02
.1486E+04 .1234E+00 .1203E+00 .1458E-02
.1487E+04 .5849E-01 .5703E-01 .6513E-03
.1488E+04 .9906E-01 .9653E-01 .1151E-02
.1489E+04 .1906E+00 .1855E+00 .2382E-02
.1490E+04 .1755E+00 .1709E+00 .2164E-02
.1491E+04 .1972E+00 .1920E+00 .2478E-02
.1492E+04 .1661E+00 .1617E+00 .2023E-02
.1493E+04 .1818E+00 .1770E+00 .2242E-02
.1494E+04 .2027E+00 .1973E+00 .2544E-02
.1495E+04 .1807E+00 .1759E+00 .2228E-02
.1496E+04 .1697E+00 .1652E+00 .2075E-02
.1497E+04 .2274E+00 .2212E+00 .2919E-02
.1498E+04 .1882E+00 .1832E+00 .2331E-02
.1499E+04 .2190E+00 .2131E+00 .2781E-02
.1500E+04 .2491E+00 .2422E+00 .3240E-02
.1501E+04 .2621E+00 .2548E+00 .3444E-02
.1502E+04 .2216E+00 .2155E+00 .2840E-02
.1503E+04 .1910E+00 .1858E+00 .2381E-02
.1504E+04 .1552E+00 .1511E+00 .1872E-02
.1505E+04 .1846E+00 .1796E+00 .2288E-02
.1506E+04 .2602E+00 .2530E+00 .3420E-02
.1507E+04 .2519E+00 .2449E+00 .3271E-02
.1508E+04 .2399E+00 .2333E+00 .3091E-02
.1509E+04 .1878E+00 .1828E+00 .2299E-02
.1510E+04 .2699E+00 .2624E+00 .3539E-02
.1511E+04 .2622E+00 .2549E+00 .3414E-02
.1512E+04 .2588E+00 .2516E+00 .3372E-02
.1513E+04 .2403E+00 .2337E+00 .3076E-02
.1514E+04 .2260E+00 .2198E+00 .2851E-02
.1515E+04 .2653E+00 .2579E+00 .3460E-02
.1516E+04 .2547E+00 .2476E+00 .3293E-02
.1517E+04 .2503E+00 .2434E+00 .3215E-02
.1518E+04 .2494E+00 .2425E+00 .3196E-02
.1519E+04 .2448E+00 .2381E+00 .3122E-02
.1520E+04 .2613E+00 .2541E+00 .3381E-02
.1521E+04 .2752E+00 .2675E+00 .3613E-02
.1522E+04 .2639E+00 .2566E+00 .3425E-02
.1523E+04 .2790E+00 .2713E+00 .3659E-02
.1524E+04 .2721E+00 .2645E+00 .3546E-02
.1525E+04 .2616E+00 .2544E+00 .3371E-02
.1526E+04 .2652E+00 .2579E+00 .3418E-02
.1527E+04 .2629E+00 .2557E+00 .3379E-02
.1528E+04 .2777E+00 .2700E+00 .3613E-02
.1529E+04 .2650E+00 .2577E+00 .3428E-02
.1530E+04 .2603E+00 .2532E+00 .3355E-02
.1531E+04 .2676E+00 .2603E+00 .3444E-02
.1532E+04 .2755E+00 .2679E+00 .3569E-02
.1533E+04 .2737E+00 .2662E+00 .3544E-02
.1534E+04 .2680E+00 .2606E+00 .3455E-02
.1535E+04 .2670E+00 .2597E+00 .3424E-02
.1536E+04 .2730E+00 .2655E+00 .3511E-02
.1537E+04 .2689E+00 .2616E+00 .3448E-02
.1538E+04 .2721E+00 .2647E+00 .3503E-02
.1539E+04 .2666E+00 .2593E+00 .3414E-02
.1540E+04 .2654E+00 .2582E+00 .3398E-02
.1541E+04 .2683E+00 .2610E+00 .3428E-02
.1542E+04 .2668E+00 .2596E+00 .3397E-02
.1543E+04 .2716E+00 .2642E+00 .3461E-02
.1544E+04 .2701E+00 .2628E+00 .3430E-02
.1545E+04 .2748E+00 .2674E+00 .3499E-02
.1546E+04 .2713E+00 .2640E+00 .3444E-02
.1547E+04 .2674E+00 .2601E+00 .3395E-02
.1548E+04 .2674E+00 .2601E+00 .3391E-02
.1549E+04 .2695E+00 .2622E+00 .3417E-02
.1550E+04 .2678E+00 .2605E+00 .3389E-02
.1551E+04 .2699E+00 .2626E+00 .3409E-02
.1552E+04 .2683E+00 .2611E+00 .3378E-02
.1553E+04 .2661E+00 .2589E+00 .3352E-02
.1554E+04 .2640E+00 .2568E+00 .3318E-02
.1555E+04 .2646E+00 .2574E+00 .3323E-02
.1556E+04 .2645E+00 .2573E+00 .3316E-02
.1557E+04 .2676E+00 .2603E+00 .3350E-02
.1558E+04 .2661E+00 .2589E+00 .3327E-02
.1559E+04 .2645E+00 .2573E+00 .3301E-02
.1560E+04 .2663E+00 .2591E+00 .3320E-02
.1561E+04 .2681E+00 .2609E+00 .3338E-02
.1562E+04 .2650E+00 .2579E+00 .3292E-02
.1563E+04 .2628E+00 .2557E+00 .3261E-02
.1564E+04 .2641E+00 .2569E+00 .3272E-02
.1565E+04 .2643E+00 .2571E+00 .3272E-02
.1566E+04 .2607E+00 .2537E+00 .3222E-02
.1567E+04 .2605E+00 .2534E+00 .3214E-02
.1568E+04 .2555E+00 .2486E+00 .3141E-02
.1569E+04 .2511E+00 .2443E+00 .3068E-02
.1570E+04 .2427E+00 .2362E+00 .2931E-02
.1571E+04 .2325E+00 .2263E+00 .2772E-02
.1572E+04 .2334E+00 .2271E+00 .2785E-02
.1573E+04 .2317E+00 .2254E+00 .2760E-02
.1574E+04 .2321E+00 .2258E+00 .2785E-02
.1575E+04 .2418E+00 .2352E+00 .2934E-02
.1576E+04 .2344E+00 .2280E+00 .2824E-02
.1577E+04 .2202E+00 .2142E+00 .2624E-02
.1578E+04 .2325E+00 .2262E+00 .2769E-02
.1579E+04 .2338E+00 .2274E+00 .2774E-02
.1580E+04 .2408E+00 .2343E+00 .2872E-02
.1581E+04 .2401E+00 .2336E+00 .2868E-02
.1582E+04 .2380E+00 .2315E+00 .2848E-02
.1583E+04 .2419E+00 .2353E+00 .2898E-02
.1584E+04 .2478E+00 .2410E+00 .2979E-02
.1585E+04 .2521E+00 .2451E+00 .3033E-02
.1586E+04 .2506E+00 .2437E+00 .3014E-02
.1587E+04 .2469E+00 .2401E+00 .2967E-02
.1588E+04 .2398E+00 .2332E+00 .2885E-02
.1589E+04 .2324E+00 .2259E+00 .2793E-02
.1590E+04 .2379E+00 .2313E+00 .2854E-02
.1591E+04 .2437E+00 .2370E+00 .2921E-02
.1592E+04 .2512E+00 .2443E+00 .3003E-02
.1593E+04 .2548E+00 .2478E+00 .3046E-02
.1594E+04 .2546E+00 .2476E+00 .3036E-02
.1595E+04 .2511E+00 .2442E+00 .2992E-02
.1596E+04 .2436E+00 .2369E+00 .2898E-02
.1597E+04 .2496E+00 .2427E+00 .2960E-02
.1598E+04 .2505E+00 .2436E+00 .2965E-02
.1599E+04 .2419E+00 .2352E+00 .2843E-02
.1600E+04 .2332E+00 .2269E+00 .2719E-02
.1601E+04 .2230E+00 .2169E+00 .2574E-02
.1602E+04 .2221E+00 .2161E+00 .2554E-02
.1603E+04 .2224E+00 .2163E+00 .2551E-02
.1604E+04 .2242E+00 .2181E+00 .2579E-02
.1605E+04 .2350E+00 .2286E+00 .2731E-02
.1606E+04 .2365E+00 .2300E+00 .2756E-02
.1607E+04 .2321E+00 .2258E+00 .2683E-02
.1608E+04 .2259E+00 .2198E+00 .2587E-02
.1609E+04 .2178E+00 .2119E+00 .2487E-02
.1610E+04 .2178E+00 .2119E+00 .2496E-02
.1611E+04 .2239E+00 .2179E+00 .2569E-02
.1612E+04 .2293E+00 .2231E+00 .2637E-02
.1613E+04 .2328E+00 .2264E+00 .2679E-02
.1614E+04 .2356E+00 .2292E+00 .2718E-02
.1615E+04 .2318E+00 .2254E+00 .2675E-02
.1616E+04 .2295E+00 .2232E+00 .2649E-02
.1617E+04 .2351E+00 .2286E+00 .2710E-02
.1618E+04 .2393E+00 .2328E+00 .2759E-02
.1619E+04 .2357E+00 .2293E+00 .2712E-02
.1620E+04 .2308E+00 .2244E+00 .2656E-02
.1621E+04 .2339E+00 .2275E+00 .2688E-02
.1622E+04 .2377E+00 .2312E+00 .2728E-02
.1623E+04 .2412E+00 .2346E+00 .2766E-02
.1624E+04 .2387E+00 .2322E+00 .2731E-02
.1625E+04 .2378E+00 .2313E+00 .2717E-02
.1626E+04 .2385E+00 .2320E+00 .2720E-02
.1627E+04 .2401E+00 .2336E+00 .2736E-02
.1628E+04 .2396E+00 .2331E+00 .2724E-02
.1629E+04 .2373E+00 .2308E+00 .2696E-02
.1630E+04 .2360E+00 .2296E+00 .2676E-02
.1631E+04 .2350E+00 .2287E+00 .2658E-02
.1632E+04 .2344E+00 .2281E+00 .2649E-02
.1633E+04 .2280E+00 .2219E+00 .2566E-02
.1634E+04 .2324E+00 .2261E+00 .2621E-02
.1635E+04 .2300E+00 .2238E+00 .2580E-02
.1636E+04 .2274E+00 .2212E+00 .2553E-02
.1637E+04 .2244E+00 .2183E+00 .2519E-02
.1638E+04 .2125E+00 .2068E+00 .2363E-02
.1639E+04 .2187E+00 .2128E+00 .2444E-02
.1640E+04 .2104E+00 .2047E+00 .2324E-02
.1641E+04 .2155E+00 .2097E+00 .2394E-02
.1642E+04 .2190E+00 .2131E+00 .2433E-02
.1643E+04 .2098E+00 .2042E+00 .2301E-02
.1644E+04 .2193E+00 .2135E+00 .2433E-02
.1645E+04 .2162E+00 .2104E+00 .2381E-02
.1646E+04 .2136E+00 .2079E+00 .2338E-02
.1647E+04 .2240E+00 .2180E+00 .2477E-02
.1648E+04 .2112E+00 .2056E+00 .2302E-02
.1649E+04 .2179E+00 .2120E+00 .2393E-02
.1650E+04 .2203E+00 .2144E+00 .2421E-02
.1651E+04 .2075E+00 .2020E+00 .2244E-02
.1652E+04 .2197E+00 .2139E+00 .2405E-02
.1653E+04 .2215E+00 .2156E+00 .2426E-02
.1654E+04 .2126E+00 .2070E+00 .2302E-02
.1655E+04 .2222E+00 .2163E+00 .2429E-02
.1656E+04 .2197E+00 .2139E+00 .2388E-02
.1657E+04 .2209E+00 .2151E+00 .2403E-02
.1658E+04 .2230E+00 .2171E+00 .2430E-02
.1659E+04 .2217E+00 .2159E+00 .2410E-02
.1660E+04 .2237E+00 .2178E+00 .2429E-02
.1661E+04 .2229E+00 .2170E+00 .2414E-02
.1662E+04 .2175E+00 .2118E+00 .2343E-02
.1663E+04 .2213E+00 .2155E+00 .2393E-02
.1664E+04 .2195E+00 .2138E+00 .2368E-02
.1665E+04 .2094E+00 .2039E+00 .2233E-02
.1666E+04 .1777E+00 .1732E+00 .1824E-02
.1667E+04 .2075E+00 .2022E+00 .2207E-02
.1668E+04 .2133E+00 .2078E+00 .2286E-02
.1669E+04 .2151E+00 .2096E+00 .2299E-02
.1670E+04 .2184E+00 .2127E+00 .2336E-02
.1671E+04 .2125E+00 .2070E+00 .2266E-02
.1672E+04 .2096E+00 .2042E+00 .2236E-02
.1673E+04 .2144E+00 .2089E+00 .2285E-02
.1674E+04 .2107E+00 .2053E+00 .2233E-02
.1675E+04 .2072E+00 .2019E+00 .2195E-02
.1676E+04 .2085E+00 .2031E+00 .2207E-02
.1677E+04 .2086E+00 .2033E+00 .2201E-02
.1678E+04 .2034E+00 .1983E+00 .2135E-02
.1679E+04 .2062E+00 .2009E+00 .2178E-02
.1680E+04 .1980E+00 .1930E+00 .2086E-02
.1681E+04 .1928E+00 .1879E+00 .2020E-02
.1682E+04 .2024E+00 .1973E+00 .2130E-02
.1683E+04 .2068E+00 .2016E+00 .2173E-02
.1684E+04 .1950E+00 .1901E+00 .2010E-02
.1685E+04 .2092E+00 .2040E+00 .2192E-02
.1686E+04 .2087E+00 .2034E+00 .2183E-02
.1687E+04 .2022E+00 .1972E+00 .2096E-02
.1688E+04 .2077E+00 .2025E+00 .2164E-02
.1689E+04 .2054E+00 .2003E+00 .2137E-02
.1690E+04 .2053E+00 .2002E+00 .2127E-02
.1691E+04 .1905E+00 .1858E+00 .1933E-02
.1692E+04 .2050E+00 .1999E+00 .2113E-02
.1693E+04 .2097E+00 .2045E+00 .2172E-02
.1694E+04 .2031E+00 .1981E+00 .2086E-02
.1695E+04 .2077E+00 .2025E+00 .2143E-02
.1696E+04 .2075E+00 .2024E+00 .2139E-02
.1697E+04 .1796E+00 .1752E+00 .1789E-02
.1698E+04 .2060E+00 .2009E+00 .2114E-02
.1699E+04 .2033E+00 .1983E+00 .2082E-02
.1700E+04 .1984E+00 .1935E+00 .2022E-02
.1702E+04 .2011E+00 .1962E+00 .2055E-02
.1705E+04 .1961E+00 .1913E+00 .1983E-02
.1710E+04 .1867E+00 .1821E+00 .1864E-02
.1715E+04 .1870E+00 .1825E+00 .1854E-02
.1720E+04 .1848E+00 .1804E+00 .1823E-02
.1725E+04 .1741E+00 .1700E+00 .1690E-02
.1730E+04 .1721E+00 .1680E+00 .1659E-02
.1735E+04 .1608E+00 .1570E+00 .1537E-02
.1740E+04 .1634E+00 .1595E+00 .1552E-02
.1745E+04 .1542E+00 .1506E+00 .1438E-02
.1750E+04 .1643E+00 .1604E+00 .1545E-02
.1755E+04 .1521E+00 .1486E+00 .1401E-02
.1760E+04 .1583E+00 .1546E+00 .1466E-02
.1765E+04 .1315E+00 .1284E+00 .1171E-02
.1770E+04 .1405E+00 .1372E+00 .1261E-02
.1775E+04 .1146E+00 .1120E+00 .9899E-03
.1780E+04 .9925E-01 .9701E-01 .8364E-03
.1785E+04 .7625E-01 .7455E-01 .6188E-03
.1790E+04 .8798E-01 .8600E-01 .7224E-03
.1795E+04 .4664E-01 .4562E-01 .3582E-03
.1800E+04 .3184E-01 .3115E-01 .2388E-03
.1805E+04 .1463E-01 .1432E-01 .1059E-03
.1810E+04 .9504E-02 .9302E-02 .6802E-04
.1815E+04 .3351E-02 .3280E-02 .2355E-04
.1820E+04 .9599E-03 .9397E-03 .6674E-05
.1825E+04 .1254E-02 .1227E-02 .8681E-05
.1830E+04 .5210E-05 .5100E-05 .3552E-07
.1835E+04 .6427E-05 .6293E-05 .4377E-07
.1840E+04 .6280E-07 .6150E-07 .4229E-09
.1845E+04 .6280E-05 .6151E-05 .4215E-07
.1850E+04 .3003E-05 .2941E-05 .2006E-07
.1855E+04 .2858E-06 .2801E-06 .1902E-08
.1860E+04 .1121E-04 .1099E-04 .7475E-07
.1865E+04 .1709E-04 .1677E-04 .1135E-06
.1870E+04 .2672E-09 .2623E-09 .1748E-11
.1875E+04 .4612E-09 .4532E-09 .3008E-11
.1880E+04 .7530E-04 .7403E-04 .4963E-06
.1885E+04 .4313E-04 .4243E-04 .2831E-06
.1890E+04 .2243E-03 .2207E-03 .1469E-05
.1895E+04 .1290E-03 .1271E-03 .8426E-06
.1900E+04 .8536E-06 .8415E-06 .5523E-08
.1905E+04 .5636E-06 .5555E-06 .3635E-08
.1910E+04 .2308E-04 .2278E-04 .1489E-06
.1915E+04 .1990E-04 .1965E-04 .1282E-06
.1920E+04 .4491E-03 .4434E-03 .2891E-05
.1925E+04 .9289E-03 .9169E-03 .5976E-05
.1930E+04 .5477E-03 .5406E-03 .3509E-05
.1935E+04 .3533E-02 .3486E-02 .2271E-04
.1940E+04 .3224E-02 .3181E-02 .2068E-04
.1945E+04 .1093E-01 .1078E-01 .7081E-04
.1950E+04 .1650E-01 .1627E-01 .1074E-03
.1955E+04 .9906E-02 .9767E-02 .6343E-04
.1960E+04 .2172E-01 .2141E-01 .1415E-03
.1965E+04 .2857E-01 .2814E-01 .1877E-03
.1970E+04 .4833E-01 .4758E-01 .3272E-03
.1975E+04 .6720E-01 .6614E-01 .4690E-03
.1980E+04 .7439E-01 .7319E-01 .5251E-03
.1985E+04 .8184E-01 .8049E-01 .5842E-03
.1990E+04 .8443E-01 .8303E-01 .6034E-03
.1995E+04 .8069E-01 .7935E-01 .5721E-03
.2000E+04 .3787E-01 .3724E-01 .2719E-03
.2005E+04 .1496E-01 .1472E-01 .1028E-03
.2010E+04 .3948E-01 .3884E-01 .2822E-03
.2015E+04 .2636E-01 .2595E-01 .1836E-03
.2020E+04 .4465E-01 .4395E-01 .3202E-03
.2025E+04 .7333E-01 .7216E-01 .5509E-03
.2030E+04 .8415E-01 .8283E-01 .6424E-03
.2035E+04 .9539E-01 .9390E-01 .7398E-03
.2040E+04 .8982E-01 .8845E-01 .6870E-03
.2045E+04 .9100E-01 .8963E-01 .6940E-03
.2050E+04 .6819E-01 .6721E-01 .4987E-03
.2055E+04 .5512E-01 .5434E-01 .3928E-03
.2060E+04 .6945E-01 .6846E-01 .5063E-03
.2065E+04 .6248E-01 .6160E-01 .4484E-03
.2070E+04 .6643E-01 .6551E-01 .4783E-03
.2075E+04 .7835E-01 .7726E-01 .5738E-03
.2080E+04 .8786E-01 .8663E-01 .6530E-03
.2085E+04 .8627E-01 .8506E-01 .6377E-03
.2090E+04 .9013E-01 .8886E-01 .6692E-03
.2095E+04 .9090E-01 .8962E-01 .6746E-03
.2100E+04 .8715E-01 .8593E-01 .6399E-03
.2105E+04 .9412E-01 .9279E-01 .6976E-03
.2110E+04 .9059E-01 .8931E-01 .6662E-03
.2115E+04 .9261E-01 .9130E-01 .6817E-03
.2120E+04 .8802E-01 .8677E-01 .6417E-03
.2125E+04 .8920E-01 .8792E-01 .6502E-03
.2130E+04 .9008E-01 .8879E-01 .6555E-03
.2135E+04 .9050E-01 .8919E-01 .6580E-03
.2140E+04 .9106E-01 .8974E-01 .6603E-03
.2145E+04 .9006E-01 .8876E-01 .6502E-03
.2150E+04 .8490E-01 .8369E-01 .6050E-03
.2155E+04 .8508E-01 .8386E-01 .6049E-03
.2160E+04 .8398E-01 .8279E-01 .5948E-03
.2165E+04 .7689E-01 .7580E-01 .5399E-03
.2170E+04 .8164E-01 .8048E-01 .5737E-03
.2175E+04 .8023E-01 .7910E-01 .5592E-03
.2180E+04 .8198E-01 .8083E-01 .5717E-03
.2185E+04 .7440E-01 .7336E-01 .5092E-03
.2190E+04 .7941E-01 .7830E-01 .5475E-03
.2195E+04 .7883E-01 .7773E-01 .5408E-03
.2200E+04 .7074E-01 .6977E-01 .4757E-03
.2205E+04 .7364E-01 .7263E-01 .4976E-03
.2210E+04 .7893E-01 .7784E-01 .5369E-03
.2215E+04 .7593E-01 .7490E-01 .5112E-03
.2220E+04 .7733E-01 .7629E-01 .5201E-03
.2225E+04 .7519E-01 .7419E-01 .5019E-03
.2230E+04 .7551E-01 .7452E-01 .5023E-03
.2235E+04 .7385E-01 .7290E-01 .4875E-03
.2240E+04 .7301E-01 .7208E-01 .4796E-03
.2245E+04 .7055E-01 .6968E-01 .4588E-03
.2250E+04 .7182E-01 .7097E-01 .4658E-03
.2255E+04 .6764E-01 .6686E-01 .4331E-03
.2260E+04 .6672E-01 .6598E-01 .4240E-03
.2265E+04 .6811E-01 .6738E-01 .4322E-03
.2270E+04 .6465E-01 .6397E-01 .4053E-03
.2275E+04 .6373E-01 .6307E-01 .3972E-03
.2280E+04 .6612E-01 .6543E-01 .4132E-03
.2285E+04 .6249E-01 .6184E-01 .3859E-03
.2290E+04 .6246E-01 .6182E-01 .3840E-03
.2295E+04 .6081E-01 .6019E-01 .3719E-03
.2300E+04 .5811E-01 .5752E-01 .3515E-03
.2305E+04 .5850E-01 .5792E-01 .3525E-03
.2310E+04 .6330E-01 .6266E-01 .3840E-03
.2315E+04 .5739E-01 .5682E-01 .3426E-03
.2320E+04 .5098E-01 .5048E-01 .2991E-03
.2325E+04 .5588E-01 .5533E-01 .3307E-03
.2330E+04 .5609E-01 .5554E-01 .3302E-03
.2335E+04 .5722E-01 .5666E-01 .3364E-03
.2340E+04 .4533E-01 .4490E-01 .2584E-03
.2345E+04 .5073E-01 .5023E-01 .2913E-03
.2350E+04 .4073E-01 .4034E-01 .2280E-03
.2355E+04 .4690E-01 .4645E-01 .2654E-03
.2360E+04 .4952E-01 .4904E-01 .2804E-03
.2365E+04 .4871E-01 .4825E-01 .2740E-03
.2370E+04 .3006E-01 .2978E-01 .1612E-03
.2375E+04 .4353E-01 .4312E-01 .2400E-03
.2380E+04 .4159E-01 .4120E-01 .2273E-03
.2385E+04 .3041E-01 .3013E-01 .1614E-03
.2390E+04 .3576E-01 .3543E-01 .1911E-03
.2395E+04 .3926E-01 .3890E-01 .2105E-03
.2400E+04 .4275E-01 .4236E-01 .2299E-03
.2405E+04 .3278E-01 .3250E-01 .1714E-03
.2410E+04 .3293E-01 .3265E-01 .1713E-03
.2415E+04 .2678E-01 .2656E-01 .1367E-03
.2420E+04 .2583E-01 .2562E-01 .1308E-03
.2425E+04 .3227E-01 .3202E-01 .1650E-03
.2430E+04 .4343E-01 .4310E-01 .2265E-03
.2435E+04 .1452E-01 .1441E-01 .7039E-04
.2440E+04 .4224E-01 .4195E-01 .2171E-03
.2445E+04 .2031E-01 .2018E-01 .9868E-04
.2450E+04 .1330E-01 .1322E-01 .6325E-04
.2455E+04 .2429E-01 .2415E-01 .1179E-03
.2460E+04 .3249E-01 .3230E-01 .1595E-03
.2465E+04 .2355E-01 .2343E-01 .1127E-03
.2470E+04 .1634E-01 .1625E-01 .7644E-04
.2475E+04 .1605E-01 .1597E-01 .7462E-04
.2480E+04 .7869E-02 .7834E-02 .3599E-04
.2485E+04 .5488E-02 .5466E-02 .2476E-04
.2490E+04 .3415E-02 .3402E-02 .1522E-04
.2495E+04 .2972E-02 .2961E-02 .1316E-04
.2500E+04 .6921E-02 .6894E-02 .3072E-04
.2505E+04 .1494E-02 .1488E-02 .6543E-05
.2510E+04 .2198E-02 .2190E-02 .9620E-05
.2515E+04 .5209E-03 .5188E-03 .2265E-05
.2520E+04 .3759E-03 .3744E-03 .1627E-05
.2525E+04 .4223E-04 .4205E-04 .1824E-06
.2530E+04 .6448E-06 .6420E-06 .2764E-08
.2535E+04 .1780E-06 .1772E-06 .7609E-09
.2540E+04 .3799E-06 .3782E-06 .1623E-08
.2545E+04 .5423E-10 .5397E-10 .2307E-12
.2550E+04 .2859E-12 .2845E-12 .1213E-14
.2555E+04 .1053E-08 .1048E-08 .4465E-11
.2560E+04 .3144E-10 .3128E-10 .1331E-12
.2565E+04 .1617E-13 .1607E-13 .6815E-16
.2570E+04 .1554E-17 .1544E-17 .6528E-20
.2575E+04 .1111E-26 .1104E-26 .4656E-29
.2580E+04 .3916E-21 .3889E-21 .1639E-23
.2585E+04 .1762E-33 .1750E-33 .7362E-36
.2590E+04 .5638E-30 .5598E-30 .2351E-32
.2595E+04 .2348E-32 .2332E-32 .9782E-35
.2600E+04 .4615E-27 .4581E-27 .1919E-29
.2605E+04 .5960E-34 .5916E-34 .2474E-36
.2610E+04 .6106E-33 .6061E-33 .2531E-35
.2615E+04 .1147E-36 .1138E-36 .4747E-39
.2620E+04 .5700E-28 .5658E-28 .2357E-30
.2625E+04 .3852E-27 .3823E-27 .1590E-29
.2630E+04 .2803E-44 .2803E-44 .0000E+00
.2635E+04 .3970E-15 .3941E-15 .1638E-17
.2640E+04 .1195E-15 .1186E-15 .4919E-18
.2645E+04 .9192E-18 .9126E-18 .3780E-20
.2650E+04 .1464E-18 .1454E-18 .6013E-21
.2655E+04 .1345E-26 .1336E-26 .5517E-29
.2660E+04 .2666E-24 .2648E-24 .1093E-26
.2665E+04 .1137E-36 .1129E-36 .4653E-39
.2670E+04 .0000E+00 .0000E+00 .0000E+00
.2675E+04 .0000E+00 .0000E+00 .0000E+00
.2680E+04 .0000E+00 .0000E+00 .0000E+00
.2685E+04 .0000E+00 .0000E+00 .0000E+00
.2690E+04 .1060E-28 .1056E-28 .4330E-31
.2695E+04 .7392E-32 .7368E-32 .3026E-34
.2700E+04 .0000E+00 .0000E+00 .0000E+00
.2705E+04 .3083E-41 .3079E-41 .1261E-43
.2710E+04 .1169E-34 .1169E-34 .4763E-37
.2715E+04 .3986E-25 .3987E-25 .1619E-27
.2720E+04 .5605E-44 .5605E-44 .0000E+00
.2725E+04 .7471E-21 .7492E-21 .3021E-23
.2730E+04 .6217E-18 .6240E-18 .2507E-20
.2735E+04 .5628E-20 .5655E-20 .2265E-22
.2740E+04 .2386E-26 .2400E-26 .9580E-29
.2745E+04 .1349E-22 .1357E-22 .5403E-25
.2750E+04 .1710E-27 .1723E-27 .6835E-30
.2755E+04 .6866E-43 .7006E-43 .0000E+00
.2760E+04 .0000E+00 .0000E+00 .0000E+00
.2765E+04 .2732E-26 .2757E-26 .1085E-28
.2770E+04 .8549E-23 .8629E-23 .3390E-25
.2775E+04 .4139E-37 .4179E-37 .1638E-39
.2780E+04 .4975E-33 .5026E-33 .1966E-35
.2785E+04 .4007E-26 .4049E-26 .1581E-28
.2790E+04 .1248E-15 .1262E-15 .4919E-18
.2795E+04 .3718E-15 .3760E-15 .1463E-17
.2800E+04 .1682E-11 .1702E-11 .6621E-14
.2805E+04 .6885E-13 .6965E-13 .2707E-15
.2810E+04 .4097E-09 .4146E-09 .1610E-11
.2815E+04 .2913E-09 .2948E-09 .1144E-11
.2820E+04 .2086E-10 .2112E-10 .8183E-13
.2825E+04 .1784E-06 .1806E-06 .7004E-09
.2830E+04 .3945E-05 .3995E-05 .1550E-07
.2835E+04 .2161E-09 .2188E-09 .8458E-12
.2840E+04 .1984E-06 .2010E-06 .7781E-09
.2845E+04 .4112E-04 .4165E-04 .1616E-06
.2850E+04 .1174E-05 .1189E-05 .4601E-08
.2855E+04 .4537E-06 .4596E-06 .1781E-08
.2860E+04 .2552E-04 .2585E-04 .1002E-06
.2865E+04 .1681E-03 .1703E-03 .6608E-06
.2870E+04 .6344E-05 .6427E-05 .2490E-07
.2875E+04 .3947E-03 .3999E-03 .1554E-05
.2880E+04 .2490E-03 .2523E-03 .9814E-06
.2885E+04 .4567E-03 .4627E-03 .1800E-05
.2890E+04 .1875E-03 .1900E-03 .7401E-06
.2895E+04 .2688E-02 .2724E-02 .1064E-04
.2900E+04 .8192E-03 .8300E-03 .3242E-05
.2905E+04 .1121E-03 .1135E-03 .4434E-06
.2910E+04 .2751E-02 .2787E-02 .1093E-04
.2915E+04 .1276E-02 .1292E-02 .5068E-05
.2920E+04 .2934E-02 .2973E-02 .1169E-04
.2925E+04 .1097E-02 .1112E-02 .4373E-05
.2930E+04 .5983E-02 .6062E-02 .2394E-04
.2935E+04 .6625E-02 .6712E-02 .2656E-04
.2940E+04 .1661E-02 .1683E-02 .6659E-05
.2945E+04 .1483E-02 .1502E-02 .5956E-05
.2950E+04 .5353E-02 .5423E-02 .2159E-04
.2955E+04 .2390E-02 .2421E-02 .9651E-05
.2960E+04 .4708E-02 .4769E-02 .1907E-04
.2965E+04 .7609E-02 .7708E-02 .3094E-04
.2970E+04 .3602E-03 .3649E-03 .1463E-05
.2975E+04 .8719E-03 .8833E-03 .3553E-05
.2980E+04 .1366E-02 .1384E-02 .5581E-05
.2985E+04 .7095E-02 .7187E-02 .2916E-04
.2990E+04 .1046E-01 .1059E-01 .4318E-04
.2995E+04 .4342E-02 .4398E-02 .1793E-04
.3000E+04 .7951E-02 .8054E-02 .3299E-04
.3005E+04 .2939E-02 .2977E-02 .1216E-04
.3010E+04 .6958E-02 .7047E-02 .2884E-04
.3015E+04 .5634E-02 .5706E-02 .2333E-04
.3020E+04 .6439E-03 .6521E-03 .2657E-05
.3025E+04 .7608E-02 .7705E-02 .3153E-04
.3030E+04 .6141E-02 .6219E-02 .2544E-04
.3035E+04 .2510E-02 .2541E-02 .1038E-04
.3040E+04 .2024E-02 .2050E-02 .8369E-05
.3045E+04 .4231E-02 .4285E-02 .1752E-04
.3050E+04 .1040E-02 .1054E-02 .4302E-05
.3055E+04 .2909E-03 .2946E-03 .1202E-05
.3060E+04 .6318E-02 .6397E-02 .2623E-04
.3065E+04 .2921E-02 .2957E-02 .1211E-04
.3070E+04 .1755E-02 .1776E-02 .7269E-05
.3075E+04 .6041E-02 .6115E-02 .2512E-04
.3080E+04 .3636E-02 .3680E-02 .1511E-04
.3085E+04 .1776E-02 .1797E-02 .7371E-05
.3090E+04 .2397E-02 .2426E-02 .9963E-05
.3095E+04 .6608E-03 .6687E-03 .2744E-05
.3100E+04 .4445E-02 .4498E-02 .1854E-04
.3105E+04 .9340E-03 .9451E-03 .3887E-05
.3110E+04 .8569E-03 .8670E-03 .3568E-05
.3115E+04 .2293E-02 .2319E-02 .9568E-05
.3120E+04 .9970E-02 .1009E-01 .4192E-04
.3125E+04 .3088E-02 .3124E-02 .1300E-04
.3130E+04 .5875E-02 .5942E-02 .2480E-04
.3135E+04 .1166E-01 .1179E-01 .4930E-04
.3140E+04 .3392E-02 .3430E-02 .1427E-04
.3145E+04 .3317E-02 .3355E-02 .1397E-04
.3150E+04 .6780E-02 .6856E-02 .2868E-04
.3155E+04 .5730E-02 .5794E-02 .2424E-04
.3160E+04 .9373E-02 .9477E-02 .3981E-04
.3165E+04 .1415E-01 .1430E-01 .6041E-04
.3170E+04 .1266E-01 .1279E-01 .5403E-04
.3175E+04 .9291E-02 .9391E-02 .3956E-04
.3180E+04 .1074E-01 .1086E-01 .4587E-04
.3185E+04 .8085E-02 .8171E-02 .3445E-04
.3190E+04 .4271E-02 .4317E-02 .1815E-04
.3195E+04 .2685E-02 .2713E-02 .1140E-04
.3200E+04 .4388E-03 .4434E-03 .1860E-05
.3205E+04 .3091E-03 .3124E-03 .1311E-05
.3210E+04 .1356E-03 .1370E-03 .5755E-06
.3215E+04 .4979E-03 .5030E-03 .2116E-05
.3220E+04 .1591E-02 .1607E-02 .6779E-05
.3225E+04 .1994E-03 .2014E-03 .8493E-06
.3230E+04 .3363E-03 .3396E-03 .1439E-05
.3235E+04 .7273E-02 .7345E-02 .3137E-04
.3240E+04 .3665E-02 .3701E-02 .1573E-04
.3245E+04 .7291E-03 .7363E-03 .3119E-05
.3250E+04 .2549E-02 .2573E-02 .1094E-04
.3255E+04 .9873E-02 .9968E-02 .4289E-04
.3260E+04 .1197E-02 .1209E-02 .5141E-05
.3265E+04 .2431E-02 .2455E-02 .1047E-04
.3270E+04 .1194E-02 .1205E-02 .5373E-05
.3275E+04 .5892E-02 .5945E-02 .2799E-04
.3280E+04 .2817E-02 .2842E-02 .1268E-04
.3285E+04 .1101E-01 .1111E-01 .4949E-04
.3290E+04 .8563E-02 .8640E-02 .3867E-04
.3295E+04 .1195E-02 .1206E-02 .5350E-05
.3300E+04 .1735E-02 .1751E-02 .7786E-05
.3305E+04 .3902E-02 .3937E-02 .1747E-04
.3310E+04 .3843E-02 .3878E-02 .1712E-04
.3315E+04 .1326E-04 .1338E-04 .5832E-07
.3320E+04 .5620E-04 .5670E-04 .2459E-06
.3325E+04 .3436E-02 .3467E-02 .1510E-04
.3330E+04 .4681E-02 .4723E-02 .2058E-04
.3335E+04 .9057E-02 .9139E-02 .4001E-04
.3340E+04 .3498E-02 .3530E-02 .1529E-04
.3345E+04 .3538E-02 .3571E-02 .1546E-04
.3350E+04 .8147E-02 .8225E-02 .3586E-04
.3355E+04 .3647E-02 .3683E-02 .1593E-04
.3360E+04 .5328E-02 .5380E-02 .2334E-04
.3365E+04 .7288E-02 .7361E-02 .3205E-04
.3370E+04 .3922E-02 .3962E-02 .1716E-04
.3375E+04 .8583E-02 .8671E-02 .3781E-04
.3380E+04 .5088E-02 .5141E-02 .2229E-04
.3385E+04 .7564E-02 .7644E-02 .3328E-04
.3390E+04 .9899E-02 .1000E-01 .4368E-04
.3395E+04 .9564E-02 .9667E-02 .4219E-04
.3400E+04 .1255E-01 .1269E-01 .5564E-04
.3405E+04 .4406E-02 .4454E-02 .1935E-04
.3410E+04 .7148E-02 .7227E-02 .3153E-04
.3415E+04 .7205E-02 .7285E-02 .3181E-04
.3420E+04 .1326E-01 .1341E-01 .5904E-04
.3425E+04 .9985E-02 .1010E-01 .4431E-04
.3430E+04 .8651E-02 .8747E-02 .3838E-04
.3435E+04 .1169E-01 .1181E-01 .5213E-04
.3440E+04 .8030E-02 .8117E-02 .3568E-04
.3445E+04 .1136E-01 .1149E-01 .5077E-04
.3450E+04 .1121E-01 .1133E-01 .5013E-04
.3455E+04 .8299E-02 .8388E-02 .3700E-04
.3460E+04 .1260E-01 .1274E-01 .5659E-04
.3465E+04 .9775E-02 .9878E-02 .4375E-04
.3470E+04 .1231E-01 .1244E-01 .5539E-04
.3475E+04 .1096E-01 .1107E-01 .4923E-04
.3480E+04 .1124E-01 .1136E-01 .5058E-04
.3485E+04 .1212E-01 .1224E-01 .5465E-04
.3490E+04 .1040E-01 .1051E-01 .4683E-04
.3495E+04 .1225E-01 .1238E-01 .5539E-04
.3500E+04 .1194E-01 .1206E-01 .5395E-04
.3505E+04 .1184E-01 .1196E-01 .5355E-04
.3510E+04 .1201E-01 .1213E-01 .5436E-04
.3515E+04 .1150E-01 .1161E-01 .5216E-04
.3520E+04 .1215E-01 .1226E-01 .5531E-04
.3525E+04 .1141E-01 .1152E-01 .5196E-04
.3530E+04 .1114E-01 .1123E-01 .5074E-04
.3535E+04 .9382E-02 .9461E-02 .4259E-04
.3540E+04 .8965E-02 .9039E-02 .4069E-04
.3545E+04 .9465E-02 .9542E-02 .4306E-04
.3550E+04 .1050E-01 .1058E-01 .4794E-04
.3555E+04 .9022E-02 .9092E-02 .4106E-04
.3560E+04 .1076E-01 .1085E-01 .4929E-04
.3565E+04 .1078E-01 .1086E-01 .4947E-04
.3570E+04 .8318E-02 .8380E-02 .3823E-04
.3575E+04 .8606E-02 .8668E-02 .3981E-04
.3580E+04 .1015E-01 .1023E-01 .4705E-04
.3585E+04 .9108E-02 .9173E-02 .4180E-04
.3590E+04 .9432E-02 .9499E-02 .4355E-04
.3595E+04 .9629E-02 .9697E-02 .4436E-04
.3600E+04 .1024E-01 .1031E-01 .4733E-04
.3605E+04 .1028E-01 .1035E-01 .4765E-04
.3610E+04 .9444E-02 .9508E-02 .4363E-04
.3615E+04 .9436E-02 .9500E-02 .4357E-04
.3620E+04 .1156E-01 .1164E-01 .5372E-04
.3625E+04 .1013E-01 .1020E-01 .4682E-04
.3630E+04 .9901E-02 .9967E-02 .4566E-04
.3635E+04 .1021E-01 .1028E-01 .4712E-04
.3640E+04 .1138E-01 .1146E-01 .5276E-04
.3645E+04 .1044E-01 .1051E-01 .4821E-04
.3650E+04 .9987E-02 .1005E-01 .4604E-04
.3655E+04 .1081E-01 .1088E-01 .5009E-04
.3660E+04 .1077E-01 .1084E-01 .4983E-04
.3665E+04 .1008E-01 .1015E-01 .4650E-04
.3670E+04 .7809E-02 .7859E-02 .3569E-04
.3675E+04 .4742E-02 .4772E-02 .2140E-04
.3680E+04 .8162E-02 .8213E-02 .3737E-04
.3685E+04 .9266E-02 .9323E-02 .4264E-04
.3690E+04 .9570E-02 .9628E-02 .4409E-04
.3695E+04 .9927E-02 .9986E-02 .4584E-04
.3700E+04 .1066E-01 .1072E-01 .4944E-04
.3705E+04 .1053E-01 .1059E-01 .4881E-04
.3710E+04 .9191E-02 .9244E-02 .4233E-04
.3715E+04 .9056E-02 .9107E-02 .4168E-04
.3720E+04 .1023E-01 .1029E-01 .4736E-04
.3725E+04 .1051E-01 .1057E-01 .4874E-04
.3730E+04 .9134E-02 .9184E-02 .4206E-04
.3735E+04 .8366E-02 .8412E-02 .3840E-04
.3740E+04 .8579E-02 .8625E-02 .3945E-04
.3745E+04 .9992E-02 .1004E-01 .4629E-04
.3750E+04 .9101E-02 .9149E-02 .4194E-04
.3755E+04 .8827E-02 .8873E-02 .4064E-04
.3760E+04 .8740E-02 .8785E-02 .4022E-04
.3765E+04 .8423E-02 .8466E-02 .3871E-04
.3770E+04 .9005E-02 .9050E-02 .4153E-04
.3775E+04 .8900E-02 .8943E-02 .4105E-04
.3780E+04 .9430E-02 .9475E-02 .4363E-04
.3785E+04 .8660E-02 .8701E-02 .3991E-04
.3790E+04 .7634E-02 .7670E-02 .3500E-04
.3795E+04 .8694E-02 .8734E-02 .4012E-04
.3800E+04 .9714E-02 .9758E-02 .4510E-04
.3805E+04 .9131E-02 .9172E-02 .4227E-04
.3810E+04 .8120E-02 .8155E-02 .3738E-04
.3815E+04 .7613E-02 .7646E-02 .3495E-04
.3820E+04 .9520E-02 .9561E-02 .4424E-04
.3825E+04 .9358E-02 .9397E-02 .4345E-04
.3830E+04 .9470E-02 .9509E-02 .4402E-04
.3835E+04 .7549E-02 .7580E-02 .3468E-04
.3840E+04 .8841E-02 .8876E-02 .4097E-04
.3845E+04 .8633E-02 .8666E-02 .3996E-04
.3850E+04 .8700E-02 .8734E-02 .4029E-04
.3855E+04 .8356E-02 .8388E-02 .3863E-04
.3860E+04 .7838E-02 .7867E-02 .3612E-04
.3865E+04 .7908E-02 .7938E-02 .3647E-04
.3870E+04 .7198E-02 .7224E-02 .3303E-04
.3875E+04 .6578E-02 .6602E-02 .3005E-04
.3880E+04 .6365E-02 .6388E-02 .2904E-04
.3885E+04 .6581E-02 .6605E-02 .3008E-04
.3890E+04 .6675E-02 .6699E-02 .3053E-04
.3895E+04 .7300E-02 .7325E-02 .3354E-04
.3900E+04 .7739E-02 .7765E-02 .3568E-04
.3905E+04 .7721E-02 .7747E-02 .3559E-04
.3910E+04 .6945E-02 .6969E-02 .3183E-04
.3915E+04 .6778E-02 .6801E-02 .3103E-04
.3920E+04 .6768E-02 .6791E-02 .3098E-04
.3925E+04 .6658E-02 .6680E-02 .3045E-04
.3930E+04 .6875E-02 .6898E-02 .3150E-04
.3935E+04 .7155E-02 .7178E-02 .3286E-04
.3940E+04 .7240E-02 .7264E-02 .3327E-04
.3945E+04 .7356E-02 .7380E-02 .3384E-04
.3950E+04 .7456E-02 .7479E-02 .3434E-04
.3955E+04 .7526E-02 .7549E-02 .3469E-04
.3960E+04 .7586E-02 .7609E-02 .3498E-04
.3965E+04 .7639E-02 .7662E-02 .3524E-04
.3970E+04 .7549E-02 .7571E-02 .3480E-04
.3975E+04 .7352E-02 .7373E-02 .3384E-04
.3980E+04 .7247E-02 .7268E-02 .3333E-04
.3985E+04 .7266E-02 .7287E-02 .3344E-04
.3990E+04 .7177E-02 .7197E-02 .3301E-04
.3995E+04 .7034E-02 .7054E-02 .3232E-04
.4000E+04 .6755E-02 .6773E-02 .3101E-04
