wvl_nm	xsec_220K	a(T)
280	5.28150E-20	0
280.5	5.27250E-20	0
281	5.54970E-20	0
281.5	5.87120E-20	0
282	5.56630E-20	0
282.5	5.30430E-20	0
283	5.65130E-20	0
283.5	6.17250E-20	0
284	6.64420E-20	0
284.5	6.76670E-20	0
285	7.05170E-20	0
285.5	7.30430E-20	0
286	7.60300E-20	0
286.5	7.54800E-20	0
287	7.32080E-20	0
287.5	7.44080E-20	0
288	7.50860E-20	0
288.5	7.69400E-20	0
289	8.01600E-20	0
289.5	8.38210E-20	0
290	8.88090E-20	0
290.5	8.83870E-20	0
291	9.29570E-20	0
291.5	9.91470E-20	0
292	1.00590E-19	0
292.5	1.04760E-19	0
293	9.98250E-20	0
293.5	9.55650E-20	0
294	9.61880E-20	0
294.5	1.04450E-19	0
295	1.07950E-19	0
295.5	1.00500E-19	0
296	1.03170E-19	0
296.5	1.16300E-19	0
297	1.28710E-19	0
297.5	1.39030E-19	0
298	1.29410E-19	0
298.5	1.23350E-19	0
299	1.25200E-19	0
299.5	1.29740E-19	0
300	1.27820E-19	0
300.5	1.23830E-19	0
301	1.25570E-19	0
301.5	1.30610E-19	0
302	1.42780E-19	0
302.5	1.47200E-19	0
303	1.54430E-19	0
303.5	1.58260E-19	0
304	1.54250E-19	0
304.5	1.56800E-19	0
305	1.61930E-19	9.32E-24
305.5	1.57750E-19	1.84E-23
306	1.52100E-19	4.67E-23
306.5	1.58830E-19	3.51E-23
307	1.70400E-19	8.63E-24
307.5	1.71250E-19	1.73E-23
308	1.61670E-19	5.68E-23
308.5	1.63850E-19	5.41E-23
309	1.85890E-19	1.15E-23
309.5	1.91600E-19	2.14E-23
310	1.82180E-19	5.41E-23
310.5	1.83450E-19	5.16E-23
311	1.90560E-19	5.60E-23
311.5	1.96700E-19	4.89E-23
312	1.95880E-19	7.23E-23
312.5	2.08560E-19	5.52E-23
313	2.03830E-19	8.25E-23
313.5	1.94660E-19	1.00E-22
314	1.92560E-19	1.23E-22
314.5	2.05060E-19	9.70E-23
315	2.22040E-19	6.86E-23
315.5	2.13230E-19	1.11E-22
316	2.04420E-19	1.43E-22
316.5	2.03180E-19	1.65E-22
317	2.20220E-19	1.14E-22
317.5	2.39740E-19	9.52E-23
318	2.44370E-19	9.99E-23
318.5	2.35990E-19	1.30E-22
319	2.26400E-19	1.72E-22
319.5	2.29710E-19	1.72E-22
320	2.49080E-19	1.35E-22
320.5	2.54330E-19	1.37E-22
321	2.41940E-19	1.64E-22
321.5	2.39470E-19	1.67E-22
322	2.47710E-19	1.76E-22
322.5	2.58680E-19	1.78E-22
323	2.64650E-19	1.65E-22
323.5	2.61110E-19	1.86E-22
324	2.55410E-19	2.02E-22
324.5	2.54760E-19	2.18E-22
325	2.77490E-19	1.65E-22
325.5	2.91340E-19	1.53E-22
326	2.82050E-19	2.25E-22
326.5	2.90360E-19	1.97E-22
327	2.80150E-19	2.42E-22
327.5	2.87600E-19	2.33E-22
328	2.94530E-19	2.43E-22
328.5	2.81390E-19	3.10E-22
329	2.87320E-19	2.94E-22
329.5	3.08560E-19	2.39E-22
330	3.12820E-19	2.31E-22
330.5	2.92490E-19	3.11E-22
331	2.98940E-19	2.76E-22
331.5	3.00340E-19	3.16E-22
332	2.97190E-19	3.63E-22
332.5	3.39850E-19	2.12E-22
333	3.83570E-19	8.25E-23
333.5	3.46280E-19	2.35E-22
334	3.03700E-19	4.15E-22
334.5	3.00440E-19	4.11E-22
335	3.51170E-19	2.30E-22
335.5	3.27280E-19	3.55E-22
336	3.29430E-19	3.47E-22
336.5	3.45820E-19	3.14E-22
337	3.38440E-19	3.78E-22
337.5	3.11220E-19	4.91E-22
338	3.18380E-19	4.39E-22
338.5	3.91670E-19	1.69E-22
339	4.07510E-19	1.92E-22
339.5	3.75700E-19	3.71E-22
340	3.63940E-19	4.25E-22
340.5	3.75340E-19	3.84E-22
341	4.10300E-19	2.48E-22
341.5	4.19410E-19	2.58E-22
342	3.88620E-19	3.22E-22
342.5	3.48320E-19	4.41E-22
343	3.30450E-19	5.12E-22
343.5	3.65630E-19	3.85E-22
344	3.79580E-19	3.65E-22
344.5	3.77940E-19	3.94E-22
345	3.93990E-19	3.44E-22
345.5	3.93400E-19	3.45E-22
346	4.20890E-19	2.49E-22
346.5	4.42520E-19	2.32E-22
347	4.30020E-19	3.49E-22
347.5	4.07100E-19	4.55E-22
348	4.53530E-19	3.28E-22
348.5	5.31450E-19	6.74E-23
349	4.61120E-19	2.88E-22
349.5	3.86520E-19	4.75E-22
350	3.83010E-19	4.90E-22
350.5	4.16790E-19	4.17E-22
351	4.49430E-19	3.22E-22
351.5	4.37950E-19	3.15E-22
352	4.25550E-19	3.04E-22
352.5	4.32980E-19	3.01E-22
353	3.76330E-19	5.51E-22
353.5	4.06950E-19	4.96E-22
354	4.93180E-19	2.67E-22
354.5	5.51460E-19	1.43E-22
355	5.12620E-19	2.42E-22
355.5	4.52140E-19	4.03E-22
356	4.37600E-19	3.99E-22
356.5	4.79850E-19	2.78E-22
357	5.51040E-19	1.29E-22
357.5	5.56680E-19	8.97E-23
358	5.09950E-19	2.57E-22
358.5	4.78550E-19	3.07E-22
359	4.48630E-19	3.31E-22
359.5	4.52120E-19	2.58E-22
360	4.55710E-19	2.16E-22
360.5	4.97930E-19	1.53E-22
361	5.35620E-19	9.23E-23
361.5	5.12630E-19	1.84E-22
362	5.02860E-19	1.60E-22
362.5	5.15880E-19	1.49E-22
363	5.13190E-19	2.14E-22
363.5	4.96910E-19	2.52E-22
364	4.92230E-19	2.42E-22
364.5	5.53160E-19	-8.08E-24
365	6.06400E-19	-1.38E-22
365.5	6.24870E-19	-9.27E-23
366	5.60900E-19	1.50E-22
366.5	4.95100E-19	3.30E-22
367	5.29170E-19	1.21E-22
367.5	5.73240E-19	-2.18E-23
368	5.63750E-19	-3.97E-24
368.5	5.45180E-19	1.27E-23
369	5.43400E-19	-5.21E-24
369.5	5.52290E-19	8.77E-24
370	5.45680E-19	1.07E-22
370.5	5.25230E-19	1.98E-22
371	5.08400E-19	2.11E-22
371.5	5.69320E-19	-1.45E-23
372	6.33330E-19	-1.94E-22
372.5	6.39130E-19	-2.60E-22
373	5.83830E-19	-6.82E-23
373.5	5.48790E-19	5.01E-23
374	5.61910E-19	4.30E-23
374.5	5.15330E-19	2.79E-22
375	5.45390E-19	9.90E-23
375.5	6.15230E-19	-1.18E-22
376	6.50610E-19	-1.86E-22
376.5	6.88300E-19	-2.75E-22
377	6.01300E-19	6.03E-23
377.5	5.23980E-19	3.32E-22
378	5.21620E-19	3.00E-22
378.5	5.18670E-19	3.27E-22
379	5.44770E-19	2.60E-22
379.5	6.25660E-19	2.48E-23
380	6.60690E-19	-1.47E-22
380.5	6.33440E-19	-6.30E-24
381	6.06890E-19	7.44E-23
381.5	5.90440E-19	1.12E-22
382	5.92640E-19	6.12E-23
382.5	5.48290E-19	1.85E-22
383	5.52040E-19	1.77E-22
383.5	5.72550E-19	1.44E-22
384	6.09410E-19	-2.27E-23
384.5	6.27860E-19	-9.64E-23
385	6.36630E-19	-1.69E-22
385.5	6.08530E-19	3.92E-23
386	5.94910E-19	2.08E-23
386.5	5.33440E-19	3.66E-22
387	5.86720E-19	7.21E-23
387.5	6.18290E-19	-1.16E-22
388	6.23170E-19	-1.58E-22
388.5	5.91060E-19	1.27E-23
389	6.24660E-19	-2.53E-23
389.5	6.21420E-19	-3.84E-24
390	6.10180E-19	6.33E-23
390.5	6.16310E-19	3.27E-23
391	6.00080E-19	8.47E-23
391.5	6.40330E-19	-9.77E-23
392	6.71980E-19	-1.28E-22
392.5	6.21850E-19	7.79E-23
393	5.77990E-19	1.99E-22
393.5	5.47230E-19	2.59E-22
394	5.59340E-19	2.02E-22
394.5	5.34910E-19	3.10E-22
395	5.83100E-19	1.14E-22
395.5	6.54270E-19	-8.16E-23
396	6.52360E-19	-8.66E-23
396.5	5.65090E-19	2.46E-22
397	5.47240E-19	2.83E-22
397.5	5.61290E-19	1.65E-22
398	6.75480E-19	-2.51E-22
398.5	7.05480E-19	-2.05E-22
399	5.63520E-19	4.24E-22
399.5	5.78880E-19	2.55E-22
400	6.98200E-19	-2.56E-22
401	6.65510E-19	-7.12E-24
402	5.86880E-19	1.85E-22
403	5.25530E-19	3.36E-22
404	5.87780E-19	2.33E-22
405	6.51590E-19	-8.59E-23
406	5.64690E-19	1.68E-22
407	4.78720E-19	3.86E-22
408	6.31170E-19	-4.79E-24
409	6.45130E-19	4.37E-23
410	6.34020E-19	5.79E-23
411	6.12610E-19	7.51E-23
412	5.18320E-19	3.08E-22
413	6.83590E-19	-1.19E-23
414	6.31530E-19	1.35E-22
415	5.71470E-19	2.21E-22
416	4.70270E-19	4.34E-22
417	5.19520E-19	1.75E-22
418	5.53700E-19	1.78E-22
419	5.56890E-19	2.62E-22
420	6.11500E-19	-5.62E-24
421	5.92660E-19	1.54E-22
422	6.06500E-19	1.51E-22
423	5.86780E-19	1.90E-22
424	6.43990E-19	-6.96E-23
425	5.83360E-19	1.25E-22
426	4.36980E-19	5.34E-22
427	5.09620E-19	2.38E-22
428	6.15570E-19	-1.30E-22
429	4.76170E-19	3.12E-22
430	4.64550E-19	2.76E-22
431	6.17120E-19	-1.50E-22
432	4.74310E-19	4.32E-22
433	4.61300E-19	4.58E-22
434	5.57660E-19	1.47E-22
435	7.01830E-19	-4.93E-22
436	5.77620E-19	3.08E-23
437	4.36290E-19	4.40E-22
438	3.64760E-19	5.77E-22
439	6.80800E-19	-4.41E-22
440	5.72700E-19	-7.51E-23
441	3.97650E-19	3.09E-22
442	3.50500E-19	3.79E-22
443	4.07870E-19	2.51E-22
444	4.78600E-19	1.37E-22
445	6.32330E-19	-2.65E-22
446	4.56090E-19	2.34E-22
447	4.13350E-19	3.79E-22
448	7.14500E-19	-5.51E-22
449	4.66250E-19	3.49E-22
450	3.88740E-19	4.67E-22
451	4.16400E-19	3.23E-22
452	4.44680E-19	6.74E-23
453	4.52350E-19	-2.64E-23
454	3.64740E-19	2.95E-22
455	4.15350E-19	3.35E-22
456	3.83510E-19	3.01E-22
457	3.68040E-19	1.61E-22
458	5.03180E-19	-2.57E-22
459	4.00290E-19	1.58E-22
460	4.56140E-19	-1.50E-22
461	4.31890E-19	7.34E-23
462	3.46560E-19	3.23E-22
463	5.31940E-19	-2.02E-22
464	4.51010E-19	-6.99E-24
465	3.47430E-19	2.04E-22
466	2.70390E-19	3.75E-22
467	4.26540E-19	-1.53E-22
468	3.84730E-19	3.03E-23
469	3.04450E-19	3.55E-22
470	2.93880E-19	3.52E-22
471	2.89010E-19	2.79E-22
472	3.26240E-19	7.66E-23
473	3.28050E-19	1.85E-22
474	4.90100E-19	-2.37E-22
475	4.54280E-19	-1.29E-22
476	3.31120E-19	2.40E-22
477	2.94090E-19	3.10E-22
478	2.87970E-19	3.24E-22
479	3.31020E-19	1.55E-22
480	3.83500E-19	-8.86E-23
481	3.40900E-19	1.59E-23
482	2.82710E-19	2.25E-22
483	2.18600E-19	3.02E-22
484	2.19840E-19	2.92E-22
485	2.53680E-19	1.16E-22
486	2.52890E-19	2.18E-22
487	2.21250E-19	3.42E-22
488	3.20830E-19	-1.51E-24
489	4.43770E-19	-3.96E-22
490	3.16250E-19	5.58E-23
491	2.09720E-19	3.69E-22
492	2.18220E-19	3.62E-22
493	2.41950E-19	2.66E-22
494	3.04160E-19	2.08E-23
495	3.17750E-19	-3.26E-23
496	3.12800E-19	-1.53E-23
497	2.54840E-19	2.18E-22
498	1.80610E-19	2.98E-22
499	1.43590E-19	3.58E-22
500	1.35520E-19	2.45E-22
501	1.60240E-19	2.23E-22
502	2.06680E-19	1.06E-22
503	2.59980E-19	-1.26E-22
504	2.37460E-19	2.44E-23
505	3.12100E-19	-1.47E-22
506	2.19300E-19	4.05E-23
507	1.91750E-19	1.21E-22
508	1.79660E-19	2.10E-22
509	2.32520E-19	6.05E-23
510	2.60410E-19	-2.58E-23
511	2.41650E-19	-5.81E-23
512	2.27980E-19	-2.30E-23
513	2.00720E-19	4.34E-23
514	1.57080E-19	1.84E-22
515	1.36460E-19	2.10E-22
516	1.32410E-19	1.87E-22
517	1.14740E-19	1.79E-22
518	1.51980E-19	6.27E-23
519	1.77470E-19	6.07E-23
520	1.75510E-19	2.90E-23
521	1.48680E-19	4.79E-24
522	1.31920E-19	8.26E-23
523	1.41580E-19	4.58E-23
524	1.36270E-19	1.67E-22
525	2.14610E-19	-2.19E-24
526	2.07790E-19	1.44E-23
527	1.72220E-19	7.51E-23
528	1.73680E-19	-3.55E-23
529	1.44810E-19	2.25E-23
530	1.44350E-19	2.51E-23
531	1.39220E-19	9.07E-23
532	1.44140E-19	1.44E-22
533	1.42190E-19	9.05E-23
534	1.12820E-19	1.20E-22
535	8.17690E-20	1.63E-22
536	7.71760E-20	1.21E-22
537	7.21470E-20	1.21E-22
538	1.02870E-19	2.63E-23
539	1.24860E-19	-3.08E-23
540	8.20440E-20	1.30E-22
541	7.31690E-20	1.79E-22
542	1.34180E-19	-1.05E-23
543	1.40710E-19	2.88E-23
544	1.21660E-19	4.49E-23
545	1.42370E-19	-8.22E-24
546	1.16210E-19	-1.99E-23
547	1.08090E-19	3.48E-23
548	1.25880E-19	3.97E-23
549	1.29060E-19	5.75E-24
550	9.94910E-20	9.83E-23
551	7.81210E-20	1.63E-22
552	8.64710E-20	8.99E-23
553	1.10730E-19	-3.04E-23
554	8.87350E-20	6.22E-23
555	6.32710E-20	1.40E-22
556	5.08670E-20	1.27E-22
557	5.62240E-20	8.99E-23
558	6.03880E-20	4.81E-23
559	4.77450E-20	5.64E-23
560	4.95480E-20	6.22E-23
561	5.81420E-20	6.17E-23
562	6.18880E-20	1.06E-22
563	8.39530E-20	7.46E-23
564	1.21460E-19	-9.16E-23
565	1.08450E-19	-5.00E-23
566	6.19560E-20	5.17E-23
567	5.42370E-20	7.47E-23
568	8.00590E-20	-6.75E-24
569	6.47590E-20	9.38E-23
570	7.42530E-20	6.34E-23
571	9.79190E-20	3.33E-23
572	9.49810E-20	-2.21E-23
573	6.58810E-20	5.86E-23
574	4.95090E-20	5.76E-23
575	4.00870E-20	7.55E-23
576	2.64450E-20	1.04E-22
577	2.41970E-20	1.09E-22
578	3.54060E-20	5.11E-23
579	5.59700E-20	9.14E-24
580	5.10940E-20	3.39E-23
581	3.44550E-20	7.89E-23
582	2.87680E-20	7.46E-23
583	2.97670E-20	7.28E-23
584	3.64430E-20	4.35E-23
585	5.92900E-20	-3.57E-23
586	5.52470E-20	-1.31E-23
587	4.88100E-20	-2.85E-24
588	3.59130E-20	4.91E-23
589	3.77470E-20	7.86E-23
590	5.40500E-20	2.91E-23
591	5.57030E-20	2.43E-23
592	7.34770E-20	-1.11E-23
593	7.02070E-20	-1.89E-23
594	4.28830E-20	2.92E-23
595	2.87240E-20	4.34E-23
596	2.38170E-20	6.36E-23
597	2.59170E-20	5.56E-23
598	2.78280E-20	6.02E-23
599	3.48760E-20	3.91E-23
600	4.35930E-20	2.51E-23
601	4.19210E-20	3.32E-23
602	3.69930E-20	8.95E-24
603	2.21930E-20	3.23E-23
604	1.26610E-20	5.05E-23
605	1.35340E-20	4.62E-23
606	1.43000E-20	3.63E-23
607	1.51820E-20	3.35E-23
608	1.79140E-20	2.33E-23
609	1.59570E-20	3.59E-23
610	1.55710E-20	4.55E-23
611	2.39540E-20	4.15E-23
612	4.57960E-20	-3.36E-23
613	4.56710E-20	-2.52E-23
614	3.14110E-20	2.31E-23
615	2.46680E-20	3.32E-23
616	3.29000E-20	1.32E-23
617	3.91930E-20	-5.29E-24
618	2.78250E-20	1.55E-23
619	1.88560E-20	4.06E-23
620	2.75740E-20	1.14E-23
621	2.79690E-20	2.16E-23
622	1.73630E-20	3.56E-23
623	1.99850E-20	2.57E-23
624	1.97000E-20	2.83E-23
625	1.80120E-20	3.87E-23
626	1.66700E-20	1.53E-23
627	1.41500E-20	2.21E-23
628	1.01880E-20	3.52E-23
629	1.07590E-20	2.91E-23
630	7.14190E-21	3.76E-23
631	9.89650E-21	2.93E-23
632	1.23260E-20	1.25E-23
633	1.10320E-20	1.01E-23
634	1.32150E-20	1.43E-23
635	1.12240E-20	1.82E-23
636	1.24150E-20	1.95E-23
637	1.35120E-20	9.68E-24
638	1.35270E-20	1.23E-23
639	1.26440E-20	5.99E-24
640	1.47000E-20	-2.49E-24
641	1.48440E-20	7.56E-24
642	1.80810E-20	1.51E-23
643	2.12720E-20	-1.07E-23
644	1.47960E-20	7.92E-24
645	1.39400E-20	1.85E-23
646	1.82080E-20	1.39E-23
647	2.47600E-20	1.03E-23
648	1.93160E-20	5.29E-24
649	1.05860E-20	7.86E-24
650	1.12100E-20	1.31E-23
651	1.12050E-20	2.85E-23
652	9.54370E-21	2.29E-23
653	8.42460E-21	1.77E-23
654	6.80500E-21	2.23E-23
655	8.09320E-21	1.60E-23
656	8.08630E-21	1.44E-23
657	6.29500E-21	1.06E-23
658	5.91370E-21	6.88E-24
659	6.37790E-21	4.84E-24
660	5.76780E-21	8.10E-24
661	4.06580E-21	1.17E-23
662	3.28790E-21	8.37E-24
663	2.87570E-21	1.08E-23
664	2.81830E-21	1.36E-23
665	4.39000E-21	1.26E-23
666	5.95250E-21	1.38E-23
667	6.51250E-21	1.61E-23
668	8.01360E-21	1.77E-23
669	8.14730E-21	1.33E-23
670	9.47560E-21	1.20E-23
671	6.65920E-21	1.76E-23
672	7.40290E-21	1.71E-23
673	9.70770E-21	7.36E-24
674	9.24740E-21	8.78E-24
675	7.90610E-21	1.82E-23
676	7.96080E-21	1.82E-23
677	8.41530E-21	1.08E-23
678	5.36080E-21	1.93E-23
679	4.69960E-21	2.46E-23
680	4.74470E-21	2.69E-23
681	3.98930E-21	2.43E-23
682	3.40730E-21	1.62E-23
683	3.89540E-21	1.50E-23
684	3.29290E-21	1.68E-23
685	3.91210E-21	1.47E-23
686	4.40010E-21	1.37E-23
687	3.00430E-21	1.48E-23
688	2.08550E-21	1.62E-23
689	2.09740E-21	1.53E-23
690	2.10070E-21	1.42E-23
691	2.12630E-21	1.22E-23
692	2.00940E-21	9.67E-24
693	1.75040E-21	1.08E-23
694	1.65410E-21	1.23E-23
695	1.96710E-21	1.02E-23
696	2.28730E-21	6.49E-24
697	2.01510E-21	6.21E-24
698	1.35140E-21	8.21E-24
699	1.36100E-21	8.66E-24
700	1.91150E-21	1.02E-23
701	1.77520E-21	1.06E-23
702	1.97680E-21	1.18E-23
703	2.26990E-21	1.27E-23
704	3.46430E-21	9.86E-24
705	4.64400E-21	7.50E-24
706	4.41800E-21	7.32E-24
707	5.66150E-21	3.92E-24
708	4.18190E-21	6.99E-24
709	2.65540E-21	1.29E-23
710	3.22380E-21	1.35E-23
711	4.05460E-21	1.30E-23
712	3.79810E-21	1.22E-23
713	3.50870E-21	1.07E-23
714	3.24660E-21	8.15E-24
715	2.39090E-21	7.87E-24
716	1.65980E-21	9.76E-24
717	1.46930E-21	8.64E-24
718	1.30770E-21	8.21E-24
719	1.12430E-21	8.22E-24
720	1.14400E-21	7.94E-24
721	1.40220E-21	7.38E-24
722	1.64170E-21	7.91E-24
723	1.74220E-21	7.59E-24
724	1.58030E-21	7.16E-24
725	1.14420E-21	6.26E-24
726	8.67130E-22	5.12E-24
727	7.86530E-22	5.02E-24
728	7.70330E-22	5.21E-24
729	6.92110E-22	5.13E-24
730	7.07680E-22	4.82E-24
731	7.25790E-22	4.46E-24
732	7.93890E-22	4.39E-24
733	7.45020E-22	4.86E-24
734	1.06070E-21	5.36E-24
735	1.35760E-21	3.89E-24
736	1.16970E-21	3.84E-24
737	1.15670E-21	4.10E-24
738	1.07120E-21	3.64E-24
739	1.35880E-21	3.55E-24
740	1.22150E-21	4.00E-24
741	1.05990E-21	4.77E-24
742	9.34860E-22	4.98E-24
743	1.30600E-21	6.35E-24
744	1.85030E-21	5.51E-24
745	2.79260E-21	4.00E-24
746	3.33570E-21	5.96E-25
747	1.86590E-21	5.66E-24
748	1.02620E-21	4.88E-24
749	9.70220E-22	4.07E-24
750	1.03890E-21	5.00E-24
751	1.11640E-21	6.68E-24
752	1.17270E-21	6.22E-24
753	1.12020E-21	6.38E-24
754	1.22640E-21	6.50E-24
755	1.18150E-21	5.05E-24
756	1.19090E-21	3.59E-24
757	1.00500E-21	3.12E-24
758	7.40490E-22	2.98E-24
759	6.40510E-22	2.31E-24
760	5.11890E-22	2.60E-24
761	4.52640E-22	2.72E-24
762	4.74890E-22	2.96E-24
763	5.37080E-22	3.52E-24
764	6.07490E-22	3.64E-24
765	6.78980E-22	3.69E-24
766	6.60450E-22	3.36E-24
767	6.48340E-22	1.86E-24
768	5.72300E-22	1.40E-24
769	4.94160E-22	1.20E-24
770	4.05510E-22	1.29E-24
771	3.76870E-22	1.42E-24
772	3.76880E-22	1.26E-24
773	3.84030E-22	1.37E-24
774	3.95370E-22	1.58E-24
775	4.00250E-22	1.69E-24
776	4.33990E-22	1.82E-24
777	4.80490E-22	2.45E-24
778	5.24630E-22	2.56E-24
779	5.45030E-22	2.21E-24
780	5.33930E-22	2.19E-24
781	5.30920E-22	1.94E-24
782	5.32120E-22	2.13E-24
783	6.04380E-22	1.69E-24
784	5.96270E-22	1.79E-24
785	7.64380E-22	1.02E-24
786	7.02270E-22	1.17E-24
787	6.01980E-22	2.32E-24
788	7.95170E-22	2.72E-24
789	9.62890E-22	3.10E-24
790	1.19010E-21	3.44E-24
791	1.17445E-21	0
792	8.11668E-22	0
793	7.28442E-22	0
794	6.42143E-22	0
795	5.33621E-22	0
796	5.29831E-22	0
797	5.42958E-22	0
798	5.74010E-22	0
799	6.06590E-22	0
800	6.22666E-22	0
801	6.37845E-22	0
802	6.66884E-22	0
803	6.43118E-22	0
804	5.87722E-22	0
805	4.84021E-22	0
806	4.57306E-22	0
807	4.60996E-22	0
808	4.58390E-22	0
809	4.90035E-22	0
810	4.79045E-22	0
811	4.84583E-22	0
812	5.03662E-22	0
813	5.16399E-22	0
814	5.38434E-22	0
815	5.20751E-22	0
816	4.97414E-22	0
817	4.53851E-22	0
818	4.40318E-22	0
819	4.38766E-22	0
820	4.19242E-22	0
821	4.36652E-22	0
822	4.28407E-22	0
823	4.34561E-22	0
824	4.48305E-22	0
825	4.66276E-22	0
826	4.70816E-22	0
827	4.71689E-22	0
828	4.65660E-22	0
829	4.52205E-22	0
830	4.51745E-22	0
831	4.52899E-22	0
832	4.60528E-22	0
833	4.73140E-22	0
834	5.18981E-22	0
835	5.30353E-22	0
836	6.08213E-22	0
837	4.12597E-22	0
838	4.34944E-22	0
839	4.44998E-22	0
840	4.76330E-22	0
841	4.59880E-22	0
842	4.34546E-22	0
843	4.54483E-22	0
844	4.41527E-22	0
845	4.29148E-22	0
846	3.63051E-22	0
847	3.15260E-22	0
848	2.97445E-22	0
849	2.99060E-22	0
850	2.87680E-22	0
851	2.83054E-22	0
852	2.76861E-22	0
853	2.89380E-22	0
854	2.86673E-22	0
855	3.01907E-22	0
856	2.78889E-22	0
857	2.29320E-22	0
858	2.13751E-22	0
859	2.11536E-22	0
860	1.95952E-22	0
861	1.92465E-22	0
862	1.89821E-22	0
863	1.86911E-22	0
864	1.80570E-22	0
865	1.80118E-22	0
866	1.74806E-22	0
867	1.70921E-22	0
868	1.67505E-22	0
869	1.63823E-22	0
870	1.59167E-22	0
871	1.47545E-22	0
872	1.42241E-22	0
873	1.38325E-22	0
874	1.34378E-22	0
875	1.32631E-22	0
876	1.26290E-22	0
877	1.23677E-22	0
878	1.23318E-22	0
879	1.25128E-22	0
880	1.20354E-22	0
881	1.16953E-22	0
882	1.12616E-22	0
883	1.06610E-22	0
884	1.04949E-22	0
885	1.05908E-22	0
886	1.06400E-22	0
887	1.09161E-22	0
888	1.09715E-22	0
889	1.13006E-22	0
890	1.28450E-22	0
891	1.34324E-22	0
892	1.68043E-22	0
893	9.09168E-23	0
894	8.33430E-23	0
895	8.15256E-23	0
896	8.53866E-23	0
897	8.83506E-23	0
898	8.95596E-23	0
899	9.43176E-23	0
900	1.01361E-22	0
901	1.02258E-22	0
902	9.01368E-23	0
903	7.99500E-23	0
904	7.18294E-23	0
905	6.30349E-23	0
906	6.14141E-23	0
907	6.18922E-23	0
908	6.11075E-23	0
909	6.16871E-23	0
910	6.04594E-23	0
911	5.98954E-23	0
912	5.99563E-23	0
913	5.82980E-23	0
914	6.32455E-23	0
915	6.02293E-23	0
916	5.33153E-23	0
917	5.18560E-23	0
918	5.02726E-23	0
919	4.98771E-23	0
920	5.00939E-23	0
921	4.88194E-23	0
922	4.86533E-23	0
923	4.87734E-23	0
924	4.74193E-23	0
925	4.67337E-23	0
926	4.59560E-23	0
