33016,33309,33304,33275,33232,33169,33478,33184,33339,33277,33247,33423,33315,33480,33410,33539,33388,33286,33474,33134,33124,33295,33125,33185,33395,33483,33272,33334,33628,33423,33216,33395,
33487,33403,33315,33394,33354,33307,33399,33366,33589,33327,33270,33733,33443,33434,33672,33297,33459,33123,33352,33400,33366,33263,33586,33560,33272,33426,33351,33613,33299,33257,33300,33315,
33427,33314,33674,33525,33364,33441,33761,33437,33605,33608,33610,33540,33544,33513,33594,33641,33604,33725,33476,33299,33402,33456,33335,33415,33342,33435,33386,33584,33462,33465,33578,33616,
33823,33534,33387,33344,33517,33522,33633,33675,33982,33491,33658,33838,33897,33977,33547,33541,33657,33567,33610,33547,33689,33984,33620,33613,33447,33842,33585,33675,33661,33657,33822,33513,
33011,33312,33315,33294,33257,33199,33505,33211,33365,33306,33287,33461,33352,33516,33445,33560,33404,33301,33484,33147,33139,33308,33139,33202,33405,33495,33298,33351,33640,33431,33220,33393,
33486,33415,33321,33403,33373,33327,33426,33382,33598,33340,33291,33756,33470,33462,33701,33321,33473,33127,33356,33410,33370,33271,33590,33559,33275,33427,33360,33612,33305,33262,33305,33313,
33429,33310,33682,33543,33394,33462,33795,33461,33612,33617,33626,33566,33573,33539,33619,33664,33619,33732,33486,33300,33416,33466,33345,33427,33348,33439,33396,33591,33472,33470,33583,33614,
33823,33537,33395,33366,33539,33540,33645,33689,33995,33503,33670,33849,33908,33990,33569,33551,33666,33569,33612,33549,33694,33995,33628,33608,33447,33836,33586,33670,33671,33659,33822,33512,
33025,33334,33337,33310,33267,33213,33516,33227,33378,33309,33276,33446,33347,33502,33428,33548,33402,33305,33488,33151,33141,33310,33139,33198,33418,33497,33295,33354,33650,33431,33222,33394,
33497,33432,33334,33415,33381,33338,33428,33396,33619,33350,33283,33742,33458,33440,33677,33310,33464,33129,33350,33409,33375,33275,33586,33563,33277,33433,33365,33615,33307,33261,33305,33309,
33449,33329,33694,33554,33399,33465,33795,33463,33630,33629,33622,33549,33548,33511,33594,33643,33612,33731,33482,33309,33414,33462,33351,33428,33352,33435,33404,33591,33476,33474,33583,33617,
33849,33553,33403,33367,33539,33549,33646,33693,34001,33504,33668,33837,33887,33961,33539,33538,33661,33569,33612,33551,33694,33994,33623,33618,33452,33841,33594,33676,33667,33657,33819,33515,
33036,33337,33331,33314,33269,33218,33513,33222,33371,33303,33274,33439,33332,33499,33423,33548,33406,33303,33490,33150,33143,33312,33139,33201,33418,33501,33301,33355,33650,33434,33224,33394,
33506,33430,33340,33406,33372,33328,33418,33381,33595,33335,33277,33740,33444,33434,33675,33307,33465,33128,33355,33413,33372,33276,33595,33563,33280,33432,33367,33617,33311,33270,33306,33317,
33455,33332,33698,33546,33379,33446,33773,33441,33606,33603,33604,33540,33543,33511,33594,33647,33611,33730,33488,33309,33411,33462,33351,33440,33352,33445,33405,33597,33472,33474,33583,33620,
33846,33556,33399,33355,33524,33523,33622,33665,33975,33485,33653,33833,33887,33967,33536,33537,33668,33574,33619,33554,33703,33991,33625,33612,33452,33843,33597,33683,33664,33663,33827,33515,
33942,33585,33723,33589,33578,33832,33559,33858,33675,33625,33461,33749,33592,33652,33194,33630,33485,33589,33491,33582,33395,33479,33336,33395,33736,33615,33587,33516,33666,33642,33550,33609,
33685,33790,33497,33577,33493,33508,33547,33688,33573,33548,33334,33506,33246,33620,33226,33184,33420,33259,33479,33395,33585,33579,33365,33464,33445,33391,33546,33549,33571,33328,33445,33432,
33134,33497,33355,33554,33573,33370,33329,33200,33207,33450,33561,33335,33282,33347,33671,33270,33543,33401,33128,33325,33560,33266,33411,33199,33279,33436,33255,33418,33317,33445,33403,33327,
33264,33351,33267,33238,33310,33391,33186,33257,33111,33330,33234,33264,33403,33326,33145,33231,32994,33279,33239,33216,33198,33184,33357,33169,33284,33150,33518,33409,33182,33105,33358,33145,
33931,33583,33738,33601,33581,33838,33567,33855,33678,33633,33464,33746,33594,33654,33198,33629,33488,33592,33490,33579,33390,33481,33337,33406,33744,33620,33589,33515,33665,33647,33558,33615,
33681,33801,33510,33589,33498,33511,33546,33692,33580,33552,33337,33505,33251,33625,33232,33190,33417,33263,33480,33398,33584,33578,33364,33465,33445,33403,33545,33547,33581,33327,33449,33435,
33134,33498,33366,33570,33575,33374,33324,33202,33205,33458,33568,33339,33283,33346,33672,33279,33541,33397,33134,33327,33564,33273,33409,33200,33275,33436,33256,33416,33320,33453,33403,33328,
33266,33353,33272,33251,33319,33399,33186,33261,33106,33333,33239,33262,33395,33322,33145,33235,32986,33282,33238,33218,33200,33190,33354,33174,33280,33150,33521,33409,33186,33106,33362,33141,
33931,33582,33741,33609,33598,33845,33569,33857,33681,33636,33465,33749,33595,33658,33197,33631,33491,33595,33486,33580,33391,33479,33340,33397,33742,33620,33585,33511,33669,33645,33565,33618,
33682,33800,33515,33598,33509,33523,33553,33687,33570,33553,33338,33507,33254,33622,33228,33195,33415,33260,33478,33394,33590,33573,33364,33464,33442,33399,33548,33553,33570,33325,33451,33433,
33141,33497,33367,33576,33592,33386,33328,33203,33205,33456,33566,33332,33284,33345,33673,33278,33540,33399,33130,33327,33565,33277,33413,33200,33277,33439,33257,33414,33320,33452,33402,33332,
33269,33354,33269,33256,33326,33404,33193,33263,33110,33332,33242,33265,33403,33323,33151,33232,32998,33287,33238,33221,33201,33189,33355,33173,33280,33149,33526,33411,33186,33109,33369,33150,
33931,33581,33739,33609,33595,33844,33577,33861,33679,33639,33472,33753,33607,33661,33205,33641,33493,33605,33496,33589,33402,33490,33347,33407,33739,33627,33594,33516,33670,33649,33555,33623,
33675,33791,33504,33596,33511,33524,33556,33690,33583,33555,33339,33506,33254,33626,33232,33192,33419,33268,33480,33400,33585,33581,33366,33468,33440,33397,33552,33552,33580,33316,33444,33434,
33127,33494,33367,33569,33585,33383,33328,33201,33203,33455,33566,33338,33288,33350,33674,33279,33548,33406,33141,33331,33570,33273,33412,33196,33276,33434,33253,33408,33317,33449,33402,33331,
33267,33346,33267,33246,33322,33404,33189,33252,33107,33331,33237,33259,33398,33325,33151,33229,32991,33283,33240,33221,33201,33190,33352,33174,33282,33146,33523,33405,33182,33105,33362,33144,
