33004,33312,33301,33268,33227,33170,33473,33173,33337,33274,33248,33420,33308,33476,33405,33533,33387,33289,33474,33134,33125,33294,33115,33183,33393,33485,33273,33329,33622,33420,33211,33397,
33483,33401,33313,33384,33349,33297,33401,33354,33583,33320,33262,33726,33434,33425,33664,33293,33455,33122,33345,33409,33371,33261,33586,33557,33271,33418,33353,33611,33298,33255,33302,33311,
33427,33304,33670,33519,33359,33433,33759,33428,33595,33594,33587,33529,33534,33496,33586,33628,33602,33723,33471,33294,33399,33453,33337,33418,33341,33432,33385,33582,33465,33464,33574,33618,
33823,33527,33378,33343,33511,33513,33616,33661,33965,33474,33644,33826,33872,33957,33525,33528,33653,33564,33607,33551,33691,33986,33618,33605,33443,33838,33586,33669,33665,33654,33822,33513,
33009,33309,33310,33282,33241,33184,33487,33195,33353,33286,33254,33431,33321,33486,33411,33544,33398,33299,33486,33149,33137,33311,33135,33197,33405,33496,33295,33353,33639,33433,33214,33396,
33478,33400,33312,33387,33349,33302,33403,33361,33587,33327,33267,33730,33439,33428,33665,33303,33458,33125,33353,33405,33371,33271,33588,33560,33276,33423,33359,33608,33303,33262,33305,33310,
33424,33306,33671,33526,33366,33435,33762,33430,33598,33603,33606,33529,33540,33505,33586,33642,33605,33732,33488,33305,33408,33461,33341,33426,33346,33435,33395,33590,33472,33468,33580,33609,
33824,33529,33381,33344,33510,33513,33612,33659,33968,33477,33647,33829,33884,33958,33534,33541,33654,33569,33611,33549,33689,33989,33619,33608,33449,33834,33586,33675,33663,33659,33822,33508,
33007,33315,33311,33289,33242,33186,33494,33196,33349,33290,33269,33436,33333,33499,33436,33561,33409,33316,33499,33156,33140,33309,33137,33199,33411,33503,33295,33348,33640,33430,33217,33395,
33481,33406,33312,33394,33352,33311,33403,33366,33587,33333,33282,33749,33454,33445,33687,33319,33479,33153,33366,33426,33375,33272,33587,33565,33274,33428,33359,33614,33307,33261,33307,33311,
33423,33303,33681,33527,33370,33442,33765,33437,33609,33611,33615,33550,33560,33532,33614,33664,33636,33761,33514,33329,33421,33466,33350,33424,33348,33445,33398,33588,33468,33473,33583,33615,
33821,33531,33374,33345,33510,33516,33616,33666,33983,33488,33665,33853,33905,33980,33556,33571,33694,33608,33647,33579,33712,34002,33620,33608,33451,33841,33583,33673,33662,33658,33823,33511,
33011,33315,33312,33290,33249,33188,33498,33212,33373,33312,33288,33460,33342,33502,33435,33575,33433,33337,33526,33179,33149,33316,33133,33203,33413,33500,33297,33355,33646,33435,33220,33394,
33482,33409,33319,33393,33356,33310,33407,33381,33612,33358,33299,33761,33463,33457,33695,33328,33485,33151,33385,33433,33385,33277,33590,33563,33276,33432,33365,33613,33308,33262,33310,33314,
33426,33313,33681,33531,33379,33447,33776,33452,33626,33637,33630,33573,33570,33543,33627,33666,33628,33749,33504,33330,33425,33466,33348,33426,33353,33435,33392,33589,33474,33476,33584,33617,
33828,33530,33387,33348,33516,33519,33631,33679,34002,33510,33677,33861,33916,33996,33567,33560,33678,33579,33628,33559,33702,33991,33622,33611,33453,33843,33588,33672,33669,33666,33825,33518,
33926,33570,33722,33591,33577,33832,33567,33882,33691,33654,33487,33779,33624,33680,33222,33666,33506,33602,33500,33588,33391,33471,33337,33401,33738,33611,33581,33507,33661,33632,33555,33609,
33683,33793,33501,33586,33501,33513,33567,33706,33593,33575,33365,33534,33283,33650,33258,33214,33443,33272,33489,33396,33585,33571,33366,33459,33438,33392,33544,33543,33574,33321,33443,33431,
33137,33502,33372,33575,33590,33391,33358,33231,33218,33474,33586,33362,33305,33373,33697,33298,33557,33407,33138,33331,33565,33274,33413,33192,33275,33431,33254,33416,33316,33445,33401,33326,
33273,33355,33270,33261,33326,33417,33218,33287,33127,33341,33262,33284,33424,33343,33166,33242,32996,33289,33244,33216,33198,33182,33352,33170,33278,33144,33521,33407,33179,33100,33359,33143,
33931,33584,33745,33605,33599,33854,33593,33884,33705,33649,33477,33764,33619,33682,33220,33649,33496,33599,33491,33581,33393,33472,33338,33399,33737,33623,33589,33512,33666,33645,33557,33614,
33684,33800,33508,33597,33519,33532,33578,33715,33606,33575,33347,33527,33263,33636,33249,33201,33424,33267,33477,33393,33586,33572,33364,33460,33436,33395,33544,33548,33572,33319,33446,33432,
33137,33497,33376,33573,33591,33386,33347,33226,33230,33482,33588,33351,33296,33356,33670,33277,33538,33401,33128,33321,33564,33272,33411,33195,33276,33434,33256,33413,33318,33448,33410,33329,
33266,33354,33268,33256,33334,33407,33203,33283,33138,33353,33257,33288,33407,33322,33149,33225,32985,33281,33241,33215,33197,33182,33351,33170,33278,33149,33519,33411,33182,33107,33367,33142,
33931,33583,33741,33606,33599,33848,33586,33880,33705,33666,33493,33769,33610,33668,33208,33646,33497,33596,33495,33580,33393,33479,33341,33404,33741,33615,33588,33517,33666,33647,33562,33615,
33683,33793,33513,33600,33516,33530,33566,33708,33601,33581,33369,33538,33271,33640,33236,33191,33417,33262,33479,33396,33586,33576,33368,33465,33442,33399,33546,33549,33570,33323,33450,33434,
33132,33502,33371,33572,33593,33388,33349,33217,33222,33481,33588,33362,33301,33354,33677,33279,33544,33401,33135,33322,33564,33270,33414,33200,33277,33436,33258,33421,33321,33449,33405,33326,
33268,33354,33273,33259,33332,33414,33202,33280,33127,33349,33268,33290,33407,33326,33145,33229,32990,33282,33238,33214,33194,33186,33352,33178,33286,33151,33517,33412,33180,33104,33359,33145,
33938,33580,33735,33603,33597,33849,33578,33874,33697,33659,33488,33778,33628,33686,33217,33648,33494,33601,33495,33587,33405,33482,33347,33402,33743,33622,33586,33510,33669,33644,33553,33622,
33684,33787,33502,33590,33514,33529,33567,33699,33590,33567,33351,33522,33282,33641,33240,33190,33420,33267,33477,33394,33588,33577,33366,33465,33444,33402,33550,33548,33572,33320,33444,33436,
33130,33494,33364,33567,33582,33381,33343,33218,33222,33471,33583,33350,33301,33367,33682,33282,33545,33401,33132,33324,33562,33277,33413,33205,33275,33435,33256,33418,33319,33444,33407,33331,
33266,33344,33268,33249,33325,33403,33193,33270,33112,33338,33250,33276,33408,33333,33153,33230,32987,33279,33239,33218,33200,33187,33352,33174,33281,33151,33516,33411,33181,33104,33360,33144,
