33010,33313,33302,33272,33225,33166,33470,33180,33341,33272,33246,33420,33311,33476,33407,33533,33382,33290,33469,33132,33121,33296,33126,33180,33397,33481,33279,33335,33631,33420,33215,33392,
33485,33399,33309,33390,33350,33301,33401,33359,33587,33318,33265,33726,33443,33429,33664,33295,33458,33122,33346,33403,33367,33269,33583,33553,33266,33431,33359,33610,33301,33255,33301,33315,
33428,33306,33668,33520,33365,33434,33758,33423,33593,33590,33595,33525,33529,33498,33579,33632,33602,33723,33475,33301,33402,33458,33338,33420,33339,33433,33391,33580,33465,33467,33576,33623,
33815,33527,33381,33343,33510,33514,33615,33655,33970,33473,33641,33828,33878,33956,33528,33532,33648,33562,33607,33546,33689,33985,33615,33609,33449,33837,33583,33670,33662,33657,33818,33513,
33008,33314,33310,33286,33238,33186,33488,33195,33353,33288,33259,33432,33320,33489,33420,33544,33399,33301,33487,33147,33143,33305,33135,33193,33407,33498,33289,33348,33647,33425,33218,33390,
33479,33405,33311,33392,33356,33305,33402,33365,33585,33329,33272,33734,33438,33434,33670,33303,33471,33130,33352,33407,33368,33270,33589,33564,33273,33431,33356,33614,33306,33261,33300,33313,
33428,33307,33674,33529,33368,33434,33763,33440,33599,33602,33602,33535,33536,33510,33594,33642,33607,33731,33481,33305,33414,33464,33343,33427,33352,33438,33397,33591,33466,33469,33580,33617,
33820,33529,33378,33347,33513,33512,33616,33659,33973,33483,33650,33832,33886,33964,33538,33534,33661,33572,33614,33549,33693,33987,33619,33605,33447,33839,33590,33678,33663,33655,33819,33515,
33006,33310,33312,33290,33243,33186,33490,33201,33357,33292,33263,33435,33324,33493,33423,33548,33399,33303,33487,33150,33144,33312,33144,33199,33416,33503,33300,33351,33645,33435,33226,33387,
33487,33404,33314,33388,33350,33303,33401,33365,33587,33331,33274,33739,33442,33435,33679,33308,33467,33128,33351,33411,33370,33274,33589,33565,33278,33432,33363,33616,33305,33261,33309,33309,
33425,33305,33678,33531,33371,33440,33768,33435,33608,33605,33607,33541,33544,33511,33593,33644,33611,33731,33484,33305,33417,33465,33348,33429,33354,33437,33396,33592,33474,33475,33579,33617,
33820,33530,33383,33349,33518,33521,33618,33663,33974,33481,33654,33833,33886,33964,33531,33534,33661,33567,33608,33549,33695,33990,33629,33610,33453,33847,33591,33677,33667,33661,33825,33520,
33006,33324,33316,33294,33246,33187,33491,33203,33358,33293,33264,33436,33332,33492,33425,33550,33402,33302,33489,33151,33147,33310,33138,33198,33412,33508,33303,33357,33647,33439,33228,33397,
33485,33413,33320,33393,33356,33311,33407,33365,33591,33331,33277,33737,33441,33435,33677,33304,33468,33130,33359,33415,33374,33271,33596,33566,33277,33431,33361,33615,33307,33262,33309,33319,
33437,33309,33679,33531,33372,33443,33767,33438,33604,33612,33606,33542,33544,33516,33595,33651,33621,33737,33492,33312,33418,33464,33350,33431,33356,33445,33399,33596,33475,33479,33587,33621,
33825,33538,33386,33347,33516,33521,33621,33663,33977,33482,33646,33829,33890,33968,33541,33545,33673,33583,33628,33560,33703,33997,33624,33609,33449,33845,33593,33674,33671,33668,33829,33519,
33920,33565,33726,33594,33579,33825,33562,33855,33675,33630,33464,33746,33596,33658,33205,33637,33498,33607,33505,33592,33398,33480,33343,33406,33741,33621,33588,33511,33665,33643,33555,33615,
33665,33777,33497,33580,33494,33510,33551,33686,33579,33552,33333,33508,33253,33625,33233,33195,33431,33277,33491,33409,33593,33590,33374,33467,33447,33396,33548,33543,33574,33324,33442,33440,
33118,33484,33352,33558,33571,33373,33331,33199,33209,33457,33565,33342,33288,33350,33675,33283,33549,33403,33139,33333,33573,33288,33427,33202,33276,33437,33259,33413,33315,33446,33404,33325,
33255,33334,33256,33234,33317,33386,33184,33262,33107,33329,33244,33271,33404,33331,33159,33245,32999,33293,33245,33232,33215,33206,33371,33183,33289,33150,33518,33406,33177,33101,33355,33142,
33913,33565,33726,33595,33581,33838,33561,33854,33673,33635,33472,33756,33601,33662,33209,33645,33505,33618,33518,33602,33426,33510,33369,33423,33739,33618,33587,33516,33666,33645,33558,33617,
33663,33786,33492,33581,33495,33513,33558,33687,33578,33555,33344,33513,33260,33637,33245,33208,33441,33288,33511,33414,33613,33604,33389,33483,33447,33395,33545,33546,33577,33324,33452,33436,
33126,33501,33365,33566,33580,33372,33326,33206,33211,33460,33575,33347,33295,33357,33694,33310,33573,33428,33159,33355,33596,33303,33430,33202,33276,33442,33258,33413,33322,33444,33406,33328,
33269,33355,33267,33251,33326,33404,33192,33263,33103,33335,33253,33279,33415,33339,33175,33266,33020,33313,33263,33246,33228,33213,33366,33174,33288,33148,33523,33405,33183,33103,33359,33145,
33933,33588,33742,33608,33601,33851,33578,33863,33692,33640,33489,33779,33629,33690,33234,33670,33518,33626,33527,33612,33424,33506,33365,33413,33742,33620,33585,33516,33665,33647,33562,33617,
33687,33798,33511,33595,33519,33532,33570,33699,33594,33584,33369,33538,33285,33647,33263,33222,33445,33286,33504,33423,33615,33603,33387,33470,33444,33400,33543,33545,33573,33320,33450,33436,
33136,33501,33374,33572,33588,33388,33340,33219,33228,33485,33594,33369,33317,33377,33702,33307,33570,33425,33156,33357,33586,33293,33421,33200,33278,33441,33258,33413,33318,33449,33408,33325,
33273,33363,33273,33252,33325,33407,33208,33281,33129,33348,33271,33295,33427,33354,33179,33259,33011,33308,33261,33240,33219,33195,33358,33180,33283,33152,33530,33411,33182,33106,33365,33149,
33938,33574,33737,33606,33598,33854,33580,33880,33696,33655,33500,33785,33629,33690,33230,33666,33513,33619,33512,33602,33403,33486,33346,33406,33739,33624,33593,33515,33672,33644,33555,33617,
33684,33793,33503,33593,33513,33531,33569,33708,33594,33576,33361,33539,33279,33653,33244,33198,33427,33271,33485,33397,33595,33580,33366,33465,33443,33398,33546,33549,33570,33315,33446,33439,
33137,33493,33368,33569,33585,33386,33342,33215,33226,33476,33584,33363,33312,33366,33677,33285,33549,33411,33137,33332,33572,33281,33417,33199,33277,33436,33255,33413,33321,33454,33406,33328,
33269,33351,33267,33247,33331,33406,33203,33272,33125,33352,33256,33283,33420,33335,33149,33234,32993,33287,33241,33219,33198,33187,33351,33178,33283,33146,33522,33403,33180,33107,33353,33153,
