Wvlgth Extraterrestrial_spectrm Direct_normal_irradiance Beam_normal_+circumsolar Global_horizn_irradiance Global_tilted_irradiance Zonal_ground_reflectance
.2800E+03 .8200E-01 .4702E-15 .4735E-15 .5462E-15 .5462E-15 .4031E-01
.2805E+03 .9900E-01 .4430E-14 .4461E-14 .5152E-14 .5152E-14 .4032E-01
.2810E+03 .1500E+00 .1514E-13 .1524E-13 .1756E-13 .1756E-13 .4029E-01
.2815E+03 .2120E+00 .1555E-12 .1566E-12 .1805E-12 .1805E-12 .4029E-01
.2820E+03 .2670E+00 .6847E-12 .6893E-12 .7931E-12 .7931E-12 .4027E-01
.2825E+03 .3030E+00 .1802E-11 .1814E-11 .2081E-11 .2081E-11 .4024E-01
.2830E+03 .3250E+00 .4865E-11 .4897E-11 .5604E-11 .5604E-11 .4020E-01
.2835E+03 .3230E+00 .7633E-11 .7684E-11 .8758E-11 .8758E-11 .4016E-01
.2840E+03 .2990E+00 .5507E-10 .5543E-10 .6659E-10 .6659E-10 .4072E-01
.2845E+03 .2502E+00 .1230E-09 .1238E-09 .1529E-09 .1529E-09 .4101E-01
.2850E+03 .1759E+00 .2437E-09 .2453E-09 .3160E-09 .3160E-09 .4143E-01
.2855E+03 .1550E+00 .7239E-09 .7285E-09 .1020E-08 .1020E-08 .4222E-01
.2860E+03 .2420E+00 .1878E-08 .1890E-08 .2768E-08 .2768E-08 .4262E-01
.2865E+03 .3330E+00 .7076E-08 .7120E-08 .1255E-07 .1255E-07 .4409E-01
.2870E+03 .3620E+00 .1632E-07 .1642E-07 .4098E-07 .4098E-07 .4622E-01
.2875E+03 .3390E+00 .4036E-07 .4061E-07 .5543E-07 .5543E-07 .4198E-01
.2880E+03 .3110E+00 .1266E-06 .1274E-06 .1789E-06 .1789E-06 .4224E-01
.2885E+03 .3250E+00 .2581E-06 .2596E-06 .3684E-06 .3684E-06 .4233E-01
.2890E+03 .3920E+00 .6118E-06 .6154E-06 .8838E-06 .8838E-06 .4243E-01
.2895E+03 .4790E+00 .1581E-05 .1590E-05 .2325E-05 .2325E-05 .4259E-01
.2900E+03 .5630E+00 .3407E-05 .3427E-05 .5076E-05 .5076E-05 .4270E-01
.2905E+03 .6060E+00 .6138E-05 .6174E-05 .9225E-05 .9225E-05 .4277E-01
.2910E+03 .6180E+00 .1157E-04 .1164E-04 .1679E-04 .1679E-04 .4246E-01
.2915E+03 .5980E+00 .2424E-04 .2438E-04 .3548E-04 .3548E-04 .4254E-01
.2920E+03 .5670E+00 .4328E-04 .4353E-04 .6353E-04 .6353E-04 .4256E-01
.2925E+03 .5290E+00 .5813E-04 .5846E-04 .8454E-04 .8454E-04 .4248E-01
.2930E+03 .5380E+00 .9332E-04 .9385E-04 .1350E-03 .1350E-03 .4242E-01
.2935E+03 .5490E+00 .1772E-03 .1782E-03 .2566E-03 .2566E-03 .4244E-01
.2940E+03 .5330E+00 .2642E-03 .2657E-03 .3792E-03 .3792E-03 .4235E-01
.2945E+03 .5200E+00 .3556E-03 .3576E-03 .5504E-03 .5504E-03 .4300E-01
.2950E+03 .5270E+00 .5371E-03 .5400E-03 .7347E-03 .7347E-03 .4191E-01
.2955E+03 .5590E+00 .9312E-03 .9363E-03 .1302E-02 .1302E-02 .4211E-01
.2960E+03 .5730E+00 .1347E-02 .1355E-02 .1914E-02 .1914E-02 .4225E-01
.2965E+03 .5210E+00 .1697E-02 .1706E-02 .2450E-02 .2450E-02 .4240E-01
.2970E+03 .4780E+00 .2011E-02 .2022E-02 .2944E-02 .2944E-02 .4252E-01
.2975E+03 .5290E+00 .3182E-02 .3199E-02 .4762E-02 .4762E-02 .4271E-01
.2980E+03 .5280E+00 .4248E-02 .4271E-02 .6482E-02 .6482E-02 .4287E-01
.2985E+03 .4680E+00 .4680E-02 .4704E-02 .7249E-02 .7249E-02 .4300E-01
.2990E+03 .4720E+00 .5774E-02 .5804E-02 .9079E-02 .9079E-02 .4312E-01
.2995E+03 .5010E+00 .8394E-02 .8437E-02 .1357E-01 .1357E-01 .4334E-01
.3000E+03 .4579E+00 .9304E-02 .9352E-02 .1530E-01 .1530E-01 .4348E-01
.3005E+03 .4330E+00 .1034E-01 .1039E-01 .1727E-01 .1727E-01 .4359E-01
.3010E+03 .4630E+00 .1398E-01 .1405E-01 .2388E-01 .2388E-01 .4376E-01
.3015E+03 .4776E+00 .1749E-01 .1758E-01 .2960E-01 .2960E-01 .4369E-01
.3020E+03 .4490E+00 .1811E-01 .1820E-01 .3045E-01 .3045E-01 .4364E-01
.3025E+03 .5080E+00 .2414E-01 .2426E-01 .4028E-01 .4028E-01 .4358E-01
.3030E+03 .6120E+00 .3552E-01 .3569E-01 .5920E-01 .5920E-01 .4357E-01
.3035E+03 .6460E+00 .4212E-01 .4232E-01 .7017E-01 .7017E-01 .4357E-01
.3040E+03 .6210E+00 .4296E-01 .4317E-01 .7143E-01 .7143E-01 .4355E-01
.3045E+03 .6260E+00 .4943E-01 .4967E-01 .8221E-01 .8221E-01 .4355E-01
.3050E+03 .6420E+00 .6014E-01 .6043E-01 .1002E+00 .1002E+00 .4357E-01
.3055E+03 .6110E+00 .6361E-01 .6392E-01 .1060E+00 .1060E+00 .4357E-01
.3060E+03 .5650E+00 .6153E-01 .6183E-01 .1023E+00 .1023E+00 .4355E-01
.3065E+03 .5750E+00 .6688E-01 .6720E-01 .1111E+00 .1111E+00 .4354E-01
.3070E+03 .6050E+00 .8004E-01 .8041E-01 .1331E+00 .1331E+00 .4355E-01
.3075E+03 .6310E+00 .9384E-01 .9427E-01 .1632E+00 .1632E+00 .4389E-01
.3080E+03 .6450E+00 .9853E-01 .9899E-01 .1706E+00 .1706E+00 .4385E-01
.3085E+03 .6405E+00 .1036E+00 .1041E+00 .1782E+00 .1782E+00 .4380E-01
.3090E+03 .5800E+00 .9820E-01 .9865E-01 .1679E+00 .1679E+00 .4376E-01
.3095E+03 .5000E+00 .9538E-01 .9581E-01 .1616E+00 .1616E+00 .4369E-01
.3100E+03 .5330E+00 .1076E+00 .1081E+00 .1813E+00 .1813E+00 .4364E-01
.3105E+03 .6520E+00 .1359E+00 .1365E+00 .2279E+00 .2279E+00 .4361E-01
.3110E+03 .7620E+00 .1661E+00 .1669E+00 .2774E+00 .2774E+00 .4357E-01
.3115E+03 .7440E+00 .1661E+00 .1669E+00 .2764E+00 .2764E+00 .4354E-01
.3120E+03 .7061E+00 .1718E+00 .1726E+00 .2841E+00 .2841E+00 .4350E-01
.3125E+03 .6760E+00 .1741E+00 .1749E+00 .2865E+00 .2865E+00 .4346E-01
.3130E+03 .6940E+00 .1847E+00 .1855E+00 .3028E+00 .3028E+00 .4343E-01
.3135E+03 .7240E+00 .1895E+00 .1903E+00 .3099E+00 .3099E+00 .4341E-01
.3140E+03 .7170E+00 .1997E+00 .2006E+00 .3251E+00 .3251E+00 .4337E-01
.3145E+03 .6760E+00 .2035E+00 .2044E+00 .3298E+00 .3298E+00 .4333E-01
.3150E+03 .6845E+00 .2101E+00 .2110E+00 .3395E+00 .3395E+00 .4331E-01
.3155E+03 .6320E+00 .1889E+00 .1897E+00 .3045E+00 .3045E+00 .4329E-01
.3160E+03 .5870E+00 .1865E+00 .1873E+00 .2994E+00 .2994E+00 .4326E-01
.3165E+03 .6490E+00 .2170E+00 .2179E+00 .3482E+00 .3482E+00 .4325E-01
.3170E+03 .7390E+00 .2483E+00 .2493E+00 .3971E+00 .3971E+00 .4323E-01
.3175E+03 .8019E+00 .2676E+00 .2688E+00 .4264E+00 .4264E+00 .4319E-01
.3180E+03 .7236E+00 .2502E+00 .2512E+00 .3986E+00 .3986E+00 .4319E-01
.3185E+03 .6800E+00 .2497E+00 .2507E+00 .3986E+00 .3986E+00 .4321E-01
.3190E+03 .7058E+00 .2675E+00 .2685E+00 .4269E+00 .4269E+00 .4321E-01
.3195E+03 .7332E+00 .2681E+00 .2692E+00 .4251E+00 .4251E+00 .4316E-01
.3200E+03 .7750E+00 .2829E+00 .2841E+00 .4471E+00 .4471E+00 .4313E-01
.3205E+03 .8260E+00 .3193E+00 .3206E+00 .5056E+00 .5056E+00 .4309E-01
.3210E+03 .7655E+00 .3104E+00 .3116E+00 .4922E+00 .4922E+00 .4306E-01
.3215E+03 .7190E+00 .2946E+00 .2957E+00 .4660E+00 .4660E+00 .4299E-01
.3220E+03 .7351E+00 .2893E+00 .2904E+00 .4544E+00 .4544E+00 .4288E-01
.3225E+03 .7115E+00 .2820E+00 .2831E+00 .4418E+00 .4418E+00 .4281E-01
.3230E+03 .6490E+00 .2663E+00 .2674E+00 .4174E+00 .4174E+00 .4277E-01
.3235E+03 .6814E+00 .2948E+00 .2960E+00 .4680E+00 .4680E+00 .4282E-01
.3240E+03 .7405E+00 .3243E+00 .3255E+00 .5138E+00 .5138E+00 .4276E-01
.3245E+03 .7880E+00 .3408E+00 .3422E+00 .5373E+00 .5373E+00 .4267E-01
.3250E+03 .8292E+00 .3488E+00 .3501E+00 .5410E+00 .5410E+00 .4249E-01
.3255E+03 .9138E+00 .3949E+00 .3964E+00 .6182E+00 .6182E+00 .4251E-01
.3260E+03 .9984E+00 .4471E+00 .4488E+00 .7011E+00 .7011E+00 .4248E-01
.3265E+03 .1017E+01 .4663E+00 .4681E+00 .7315E+00 .7315E+00 .4243E-01
.3270E+03 .1005E+01 .4602E+00 .4619E+00 .7193E+00 .7193E+00 .4236E-01
.3275E+03 .9868E+00 .4500E+00 .4516E+00 .7005E+00 .7005E+00 .4228E-01
.3280E+03 .9568E+00 .4256E+00 .4272E+00 .6582E+00 .6582E+00 .4217E-01
.3285E+03 .9340E+00 .4317E+00 .4333E+00 .6690E+00 .6690E+00 .4214E-01
.3290E+03 .1005E+01 .4767E+00 .4785E+00 .7394E+00 .7394E+00 .4210E-01
.3295E+03 .1096E+01 .5253E+00 .5273E+00 .8134E+00 .8134E+00 .4204E-01
.3300E+03 .1110E+01 .5320E+00 .5339E+00 .8210E+00 .8210E+00 .4196E-01
.3305E+03 .1043E+01 .4938E+00 .4956E+00 .7583E+00 .7583E+00 .4187E-01
.3310E+03 .9910E+00 .4682E+00 .4699E+00 .7166E+00 .7166E+00 .4180E-01
.3315E+03 .9940E+00 .4779E+00 .4796E+00 .7309E+00 .7309E+00 .4174E-01
.3320E+03 .9928E+00 .4876E+00 .4893E+00 .7459E+00 .7459E+00 .4170E-01
.3325E+03 .9800E+00 .4865E+00 .4883E+00 .7433E+00 .7433E+00 .4164E-01
.3330E+03 .9639E+00 .4786E+00 .4803E+00 .7288E+00 .7288E+00 .4156E-01
.3335E+03 .9370E+00 .4614E+00 .4630E+00 .6996E+00 .6996E+00 .4148E-01
.3340E+03 .9556E+00 .4713E+00 .4730E+00 .7127E+00 .7127E+00 .4141E-01
.3345E+03 .9886E+00 .4963E+00 .4981E+00 .7504E+00 .7504E+00 .4136E-01
.3350E+03 .1010E+01 .5125E+00 .5142E+00 .7738E+00 .7738E+00 .4130E-01
.3355E+03 .9745E+00 .4983E+00 .5000E+00 .7710E+00 .7710E+00 .4145E-01
.3360E+03 .8898E+00 .4567E+00 .4583E+00 .7050E+00 .7050E+00 .4139E-01
.3365E+03 .8290E+00 .4244E+00 .4258E+00 .6360E+00 .6360E+00 .4109E-01
.3370E+03 .8180E+00 .4182E+00 .4196E+00 .6248E+00 .6248E+00 .4102E-01
.3375E+03 .8773E+00 .4493E+00 .4508E+00 .6695E+00 .6695E+00 .4095E-01
.3380E+03 .9253E+00 .4803E+00 .4819E+00 .7151E+00 .7151E+00 .4090E-01
.3385E+03 .9578E+00 .5006E+00 .5023E+00 .7596E+00 .7596E+00 .4100E-01
.3390E+03 .9686E+00 .5087E+00 .5104E+00 .7671E+00 .7671E+00 .4091E-01
.3395E+03 .9890E+00 .5211E+00 .5229E+00 .7866E+00 .7866E+00 .4086E-01
.3400E+03 .1054E+01 .5552E+00 .5571E+00 .8193E+00 .8193E+00 .4063E-01
.3405E+03 .1046E+01 .5533E+00 .5552E+00 .8417E+00 .8417E+00 .4088E-01
.3410E+03 .9710E+00 .5176E+00 .5193E+00 .7740E+00 .7740E+00 .4074E-01
.3415E+03 .9590E+00 .5138E+00 .5155E+00 .7618E+00 .7618E+00 .4067E-01
.3420E+03 .9957E+00 .5354E+00 .5372E+00 .7910E+00 .7910E+00 .4064E-01
.3425E+03 .1028E+01 .5550E+00 .5568E+00 .8171E+00 .8171E+00 .4061E-01
.3430E+03 .1042E+01 .5639E+00 .5657E+00 .8313E+00 .8313E+00 .4062E-01
.3435E+03 .9830E+00 .5333E+00 .5350E+00 .7862E+00 .7862E+00 .4063E-01
.3440E+03 .8542E+00 .4626E+00 .4641E+00 .6909E+00 .6909E+00 .4073E-01
.3445E+03 .8130E+00 .4434E+00 .4448E+00 .6544E+00 .6544E+00 .4064E-01
.3450E+03 .9158E+00 .5026E+00 .5042E+00 .7346E+00 .7346E+00 .4055E-01
.3455E+03 .9702E+00 .5348E+00 .5365E+00 .7783E+00 .7783E+00 .4052E-01
.3460E+03 .9427E+00 .5217E+00 .5233E+00 .7564E+00 .7564E+00 .4049E-01
.3465E+03 .9559E+00 .5309E+00 .5326E+00 .7675E+00 .7675E+00 .4046E-01
.3470E+03 .9695E+00 .5398E+00 .5415E+00 .7806E+00 .7806E+00 .4047E-01
.3475E+03 .9332E+00 .5211E+00 .5228E+00 .7527E+00 .7527E+00 .4046E-01
.3480E+03 .9247E+00 .5185E+00 .5201E+00 .7451E+00 .7451E+00 .4041E-01
.3485E+03 .9372E+00 .5271E+00 .5287E+00 .7548E+00 .7548E+00 .4038E-01
.3490E+03 .8990E+00 .5074E+00 .5090E+00 .7249E+00 .7249E+00 .4036E-01
.3495E+03 .9197E+00 .5209E+00 .5225E+00 .7431E+00 .7431E+00 .4035E-01
.3500E+03 .1012E+01 .5751E+00 .5769E+00 .8187E+00 .8187E+00 .4033E-01
.3505E+03 .1085E+01 .6182E+00 .6201E+00 .8783E+00 .8783E+00 .4037E-01
.3510E+03 .1053E+01 .6017E+00 .6035E+00 .8541E+00 .8541E+00 .4041E-01
.3515E+03 .1013E+01 .5795E+00 .5812E+00 .8242E+00 .8242E+00 .4047E-01
.3520E+03 .9838E+00 .5651E+00 .5668E+00 .8004E+00 .8004E+00 .4048E-01
.3525E+03 .9260E+00 .5337E+00 .5353E+00 .7533E+00 .7533E+00 .4050E-01
.3530E+03 .9801E+00 .5668E+00 .5685E+00 .7979E+00 .7979E+00 .4053E-01
.3535E+03 .1075E+01 .6233E+00 .6252E+00 .8752E+00 .8752E+00 .4055E-01
.3540E+03 .1135E+01 .6591E+00 .6610E+00 .9232E+00 .9232E+00 .4058E-01
.3545E+03 .1144E+01 .6663E+00 .6683E+00 .9317E+00 .9317E+00 .4061E-01
.3550E+03 .1141E+01 .6662E+00 .6682E+00 .9303E+00 .9303E+00 .4065E-01
.3555E+03 .1096E+01 .6428E+00 .6447E+00 .8960E+00 .8960E+00 .4068E-01
.3560E+03 .1025E+01 .6029E+00 .6047E+00 .8388E+00 .8388E+00 .4071E-01
.3565E+03 .9591E+00 .5656E+00 .5672E+00 .7855E+00 .7855E+00 .4074E-01
.3570E+03 .8420E+00 .4976E+00 .4990E+00 .6898E+00 .6898E+00 .4078E-01
.3575E+03 .8501E+00 .5036E+00 .5051E+00 .6969E+00 .6969E+00 .4081E-01
.3580E+03 .7892E+00 .4687E+00 .4701E+00 .6474E+00 .6474E+00 .4084E-01
.3585E+03 .7310E+00 .4353E+00 .4365E+00 .6002E+00 .6002E+00 .4087E-01
.3590E+03 .8580E+00 .5121E+00 .5136E+00 .7051E+00 .7051E+00 .4090E-01
.3595E+03 .1032E+01 .6173E+00 .6191E+00 .8489E+00 .8489E+00 .4094E-01
.3600E+03 .1089E+01 .6530E+00 .6548E+00 .8963E+00 .8963E+00 .4097E-01
.3605E+03 .1027E+01 .6170E+00 .6188E+00 .8453E+00 .8453E+00 .4105E-01
.3610E+03 .9415E+00 .5675E+00 .5691E+00 .7761E+00 .7761E+00 .4113E-01
.3615E+03 .9180E+00 .5552E+00 .5567E+00 .7581E+00 .7581E+00 .4121E-01
.3620E+03 .9580E+00 .5813E+00 .5830E+00 .7926E+00 .7926E+00 .4129E-01
.3625E+03 .1045E+01 .6361E+00 .6379E+00 .8660E+00 .8660E+00 .4137E-01
.3630E+03 .1071E+01 .6538E+00 .6556E+00 .8889E+00 .8889E+00 .4146E-01
.3635E+03 .1038E+01 .6355E+00 .6373E+00 .8627E+00 .8627E+00 .4154E-01
.3640E+03 .1072E+01 .6578E+00 .6597E+00 .8917E+00 .8917E+00 .4162E-01
.3645E+03 .1059E+01 .6516E+00 .6534E+00 .8819E+00 .8819E+00 .4170E-01
.3650E+03 .1097E+01 .6765E+00 .6783E+00 .9142E+00 .9142E+00 .4178E-01
.3655E+03 .1204E+01 .7443E+00 .7464E+00 .1004E+01 .1004E+01 .4186E-01
.3660E+03 .1286E+01 .7971E+00 .7993E+00 .1074E+01 .1074E+01 .4194E-01
.3665E+03 .1284E+01 .7982E+00 .8004E+00 .1074E+01 .1074E+01 .4202E-01
.3670E+03 .1258E+01 .7833E+00 .7854E+00 .1052E+01 .1052E+01 .4211E-01
.3675E+03 .1232E+01 .7685E+00 .7706E+00 .1031E+01 .1031E+01 .4219E-01
.3680E+03 .1157E+01 .7234E+00 .7254E+00 .9690E+00 .9690E+00 .4227E-01
.3685E+03 .1146E+01 .7183E+00 .7203E+00 .9610E+00 .9610E+00 .4235E-01
.3690E+03 .1194E+01 .7506E+00 .7527E+00 .1003E+01 .1003E+01 .4243E-01
.3695E+03 .1279E+01 .8062E+00 .8084E+00 .1076E+01 .1076E+01 .4251E-01
.3700E+03 .1293E+01 .8171E+00 .8193E+00 .1089E+01 .1089E+01 .4259E-01
.3705E+03 .1166E+01 .7385E+00 .7404E+00 .9825E+00 .9825E+00 .4267E-01
.3710E+03 .1181E+01 .7499E+00 .7519E+00 .9964E+00 .9964E+00 .4276E-01
.3715E+03 .1225E+01 .7792E+00 .7813E+00 .1034E+01 .1034E+01 .4284E-01
.3720E+03 .1144E+01 .7294E+00 .7313E+00 .9664E+00 .9664E+00 .4292E-01
.3725E+03 .1088E+01 .6947E+00 .6966E+00 .9192E+00 .9192E+00 .4300E-01
.3730E+03 .1044E+01 .6689E+00 .6706E+00 .8839E+00 .8839E+00 .4308E-01
.3735E+03 .9390E+00 .6027E+00 .6043E+00 .7955E+00 .7955E+00 .4316E-01
.3740E+03 .9344E+00 .6011E+00 .6026E+00 .7923E+00 .7923E+00 .4324E-01
.3745E+03 .9250E+00 .5964E+00 .5980E+00 .7851E+00 .7851E+00 .4333E-01
.3750E+03 .9850E+00 .6363E+00 .6380E+00 .8366E+00 .8366E+00 .4341E-01
.3755E+03 .1087E+01 .7037E+00 .7055E+00 .9239E+00 .9239E+00 .4349E-01
.3760E+03 .1124E+01 .7287E+00 .7306E+00 .9555E+00 .9555E+00 .4357E-01
.3765E+03 .1104E+01 .7170E+00 .7189E+00 .9389E+00 .9389E+00 .4365E-01
.3770E+03 .1181E+01 .7691E+00 .7711E+00 .1006E+01 .1006E+01 .4373E-01
.3775E+03 .1315E+01 .8579E+00 .8601E+00 .1121E+01 .1121E+01 .4381E-01
.3780E+03 .1414E+01 .9244E+00 .9268E+00 .1206E+01 .1206E+01 .4389E-01
.3785E+03 .1376E+01 .9012E+00 .9035E+00 .1174E+01 .1174E+01 .4397E-01
.3790E+03 .1226E+01 .8040E+00 .8061E+00 .1046E+01 .1046E+01 .4406E-01
.3795E+03 .1098E+01 .7211E+00 .7229E+00 .9370E+00 .9370E+00 .4414E-01
.3800E+03 .1152E+01 .7579E+00 .7598E+00 .9836E+00 .9836E+00 .4422E-01
.3805E+03 .1231E+01 .8116E+00 .8137E+00 .1052E+01 .1052E+01 .4425E-01
.3810E+03 .1249E+01 .8254E+00 .8275E+00 .1069E+01 .1069E+01 .4429E-01
.3815E+03 .1122E+01 .7435E+00 .7454E+00 .9617E+00 .9617E+00 .4432E-01
.3820E+03 .9543E+00 .6335E+00 .6351E+00 .8184E+00 .8184E+00 .4436E-01
.3825E+03 .8231E+00 .5477E+00 .5491E+00 .7069E+00 .7069E+00 .4439E-01
.3830E+03 .7360E+00 .4908E+00 .4920E+00 .6326E+00 .6326E+00 .4443E-01
.3835E+03 .7110E+00 .4750E+00 .4761E+00 .6115E+00 .6115E+00 .4446E-01
.3840E+03 .8210E+00 .5494E+00 .5508E+00 .7066E+00 .7066E+00 .4450E-01
.3845E+03 .9862E+00 .6613E+00 .6629E+00 .8495E+00 .8495E+00 .4453E-01
.3850E+03 .1080E+01 .7257E+00 .7275E+00 .9312E+00 .9312E+00 .4457E-01
.3855E+03 .1030E+01 .6932E+00 .6949E+00 .8885E+00 .8885E+00 .4460E-01
.3860E+03 .9911E+00 .6686E+00 .6703E+00 .8561E+00 .8561E+00 .4464E-01
.3865E+03 .1028E+01 .6950E+00 .6967E+00 .8889E+00 .8889E+00 .4467E-01
.3870E+03 .1035E+01 .7012E+00 .7029E+00 .8958E+00 .8958E+00 .4471E-01
.3875E+03 .1019E+01 .6910E+00 .6927E+00 .8818E+00 .8818E+00 .4474E-01
.3880E+03 .1007E+01 .6842E+00 .6859E+00 .8722E+00 .8722E+00 .4478E-01
.3885E+03 .9974E+00 .6792E+00 .6809E+00 .8649E+00 .8649E+00 .4482E-01
.3890E+03 .1081E+01 .7373E+00 .7391E+00 .9379E+00 .9379E+00 .4485E-01
.3895E+03 .1196E+01 .8171E+00 .8190E+00 .1038E+01 .1038E+01 .4489E-01
.3900E+03 .1252E+01 .8570E+00 .8591E+00 .1088E+01 .1088E+01 .4492E-01
.3905E+03 .1260E+01 .8641E+00 .8662E+00 .1096E+01 .1096E+01 .4500E-01
.3910E+03 .1332E+01 .9152E+00 .9174E+00 .1159E+01 .1159E+01 .4509E-01
.3915E+03 .1349E+01 .9281E+00 .9304E+00 .1174E+01 .1174E+01 .4517E-01
.3920E+03 .1240E+01 .8545E+00 .8565E+00 .1080E+01 .1080E+01 .4525E-01
.3925E+03 .1031E+01 .7120E+00 .7137E+00 .8991E+00 .8991E+00 .4533E-01
.3930E+03 .7450E+00 .5154E+00 .5166E+00 .6501E+00 .6501E+00 .4542E-01
.3935E+03 .5912E+00 .4097E+00 .4107E+00 .5164E+00 .5164E+00 .4550E-01
.3940E+03 .7667E+00 .5322E+00 .5335E+00 .6701E+00 .6701E+00 .4558E-01
.3945E+03 .1056E+01 .7341E+00 .7358E+00 .9233E+00 .9233E+00 .4566E-01
.3950E+03 .1245E+01 .8669E+00 .8690E+00 .1089E+01 .1089E+01 .4575E-01
.3955E+03 .1324E+01 .9235E+00 .9256E+00 .1159E+01 .1159E+01 .4583E-01
.3960E+03 .1163E+01 .8119E+00 .8138E+00 .1018E+01 .1018E+01 .4591E-01
.3965E+03 .8433E+00 .5902E+00 .5915E+00 .7394E+00 .7394E+00 .4599E-01
.3970E+03 .6520E+00 .4571E+00 .4581E+00 .5721E+00 .5721E+00 .4607E-01
.3975E+03 .9614E+00 .6750E+00 .6766E+00 .8440E+00 .8440E+00 .4616E-01
.3980E+03 .1301E+01 .9143E+00 .9164E+00 .1142E+01 .1142E+01 .4624E-01
.3985E+03 .1534E+01 .1080E+01 .1082E+01 .1347E+01 .1347E+01 .4632E-01
.3990E+03 .1625E+01 .1146E+01 .1149E+01 .1429E+01 .1429E+01 .4640E-01
.3995E+03 .1672E+01 .1181E+01 .1184E+01 .1471E+01 .1471E+01 .4649E-01
.4000E+03 .1689E+01 .1194E+01 .1197E+01 .1486E+01 .1486E+01 .4657E-01
Wvlgth Extraterrestrial_spectrm Direct_normal_irradiance Beam_normal_+circumsolar Global_horizn_irradiance Global_tilted_irradiance Zonal_ground_reflectance
.2800E+03 .8200E-01 .6773E-18 .6830E-18 .8560E-18 .9481E-18 .4590E-01
.2805E+03 .9900E-01 .9615E-17 .9695E-17 .1169E-16 .1303E-16 .4569E-01
.2810E+03 .1500E+00 .3864E-16 .3896E-16 .4595E-16 .5143E-16 .4556E-01
.2815E+03 .2120E+00 .5898E-15 .5947E-15 .6788E-15 .7642E-15 .4536E-01
.2820E+03 .2670E+00 .3333E-14 .3360E-14 .3748E-14 .4238E-14 .4522E-01
.2825E+03 .3030E+00 .1037E-13 .1046E-13 .1146E-13 .1300E-13 .4511E-01
.2830E+03 .3250E+00 .3367E-13 .3393E-13 .3654E-13 .4159E-13 .4500E-01
.2835E+03 .3230E+00 .5787E-13 .5833E-13 .6204E-13 .7079E-13 .4492E-01
.2840E+03 .2990E+00 .6288E-12 .6337E-12 .8470E-12 .9283E-12 .4623E-01
.2845E+03 .2502E+00 .1708E-11 .1722E-11 .2323E-11 .2542E-11 .4628E-01
.2850E+03 .1759E+00 .4163E-11 .4195E-11 .5741E-11 .6269E-11 .4635E-01
.2855E+03 .1550E+00 .1575E-10 .1588E-10 .2227E-10 .2422E-10 .4647E-01
.2860E+03 .2420E+00 .4523E-10 .4558E-10 .6394E-10 .6955E-10 .4646E-01
.2865E+03 .3330E+00 .2083E-09 .2099E-09 .3016E-09 .3269E-09 .4658E-01
.2870E+03 .3620E+00 .5584E-09 .5625E-09 .8218E-09 .8885E-09 .4666E-01
.2875E+03 .3390E+00 .1676E-08 .1689E-08 .2148E-08 .2374E-08 .4596E-01
.2880E+03 .3110E+00 .6719E-08 .6768E-08 .8848E-08 .9733E-08 .4610E-01
.2885E+03 .3250E+00 .1565E-07 .1576E-07 .2077E-07 .2282E-07 .4614E-01
.2890E+03 .3920E+00 .4245E-07 .4276E-07 .5695E-07 .6246E-07 .4620E-01
.2895E+03 .4790E+00 .1273E-06 .1283E-06 .1741E-06 .1904E-06 .4629E-01
.2900E+03 .5630E+00 .3098E-06 .3120E-06 .4297E-06 .4687E-06 .4636E-01
.2905E+03 .6060E+00 .6185E-06 .6229E-06 .8670E-06 .9443E-06 .4641E-01
.2910E+03 .6180E+00 .1318E-05 .1327E-05 .1773E-05 .1944E-05 .4620E-01
.2915E+03 .5980E+00 .3222E-05 .3244E-05 .4352E-05 .4768E-05 .4622E-01
.2920E+03 .5670E+00 .6526E-05 .6571E-05 .8803E-05 .9646E-05 .4622E-01
.2925E+03 .5290E+00 .9425E-05 .9489E-05 .1252E-04 .1375E-04 .4613E-01
.2930E+03 .5380E+00 .1657E-04 .1669E-04 .2177E-04 .2395E-04 .4607E-01
.2935E+03 .5490E+00 .3562E-04 .3586E-04 .4668E-04 .5139E-04 .4606E-01
.2940E+03 .5330E+00 .5787E-04 .5825E-04 .7475E-04 .8248E-04 .4598E-01
.2945E+03 .5200E+00 .8304E-04 .8359E-04 .1199E-03 .1300E-03 .4655E-01
.2950E+03 .5270E+00 .1358E-03 .1367E-03 .1743E-03 .1925E-03 .4595E-01
.2955E+03 .5590E+00 .2597E-03 .2614E-03 .3404E-03 .3747E-03 .4606E-01
.2960E+03 .5730E+00 .4026E-03 .4052E-03 .5355E-03 .5881E-03 .4613E-01
.2965E+03 .5210E+00 .5409E-03 .5444E-03 .7309E-03 .8007E-03 .4621E-01
.2970E+03 .4780E+00 .6748E-03 .6791E-03 .9234E-03 .1009E-02 .4628E-01
.2975E+03 .5290E+00 .1147E-02 .1154E-02 .1602E-02 .1746E-02 .4638E-01
.2980E+03 .5280E+00 .1622E-02 .1633E-02 .2309E-02 .2509E-02 .4647E-01
.2985E+03 .4680E+00 .1866E-02 .1878E-02 .2693E-02 .2920E-02 .4653E-01
.2990E+03 .4720E+00 .2397E-02 .2412E-02 .3507E-02 .3795E-02 .4660E-01
.2995E+03 .5010E+00 .3710E-02 .3733E-02 .5571E-02 .6005E-02 .4672E-01
.3000E+03 .4579E+00 .4274E-02 .4301E-02 .6519E-02 .7012E-02 .4679E-01
.3005E+03 .4330E+00 .4907E-02 .4937E-02 .7586E-02 .8143E-02 .4685E-01
.3010E+03 .4630E+00 .6952E-02 .6995E-02 .1097E-01 .1174E-01 .4694E-01
.3015E+03 .4776E+00 .9039E-02 .9094E-02 .1413E-01 .1515E-01 .4690E-01
.3020E+03 .4490E+00 .9537E-02 .9594E-02 .1481E-01 .1589E-01 .4687E-01
.3025E+03 .5080E+00 .1314E-01 .1322E-01 .2024E-01 .2174E-01 .4683E-01
.3030E+03 .6120E+00 .2012E-01 .2024E-01 .3093E-01 .3323E-01 .4682E-01
.3035E+03 .6460E+00 .2442E-01 .2456E-01 .3750E-01 .4029E-01 .4682E-01
.3040E+03 .6210E+00 .2520E-01 .2535E-01 .3860E-01 .4149E-01 .4680E-01
.3045E+03 .6260E+00 .2977E-01 .2995E-01 .4562E-01 .4903E-01 .4680E-01
.3050E+03 .6420E+00 .3748E-01 .3770E-01 .5759E-01 .6187E-01 .4682E-01
.3055E+03 .6110E+00 .4049E-01 .4072E-01 .6224E-01 .6686E-01 .4682E-01
.3060E+03 .5650E+00 .3952E-01 .3974E-01 .6061E-01 .6514E-01 .4681E-01
.3065E+03 .5750E+00 .4352E-01 .4377E-01 .6668E-01 .7167E-01 .4680E-01
.3070E+03 .6050E+00 .5343E-01 .5373E-01 .8211E-01 .8822E-01 .4681E-01
.3075E+03 .6310E+00 .6413E-01 .6448E-01 .1048E+00 .1116E+00 .4708E-01
.3080E+03 .6450E+00 .6770E-01 .6808E-01 .1099E+00 .1172E+00 .4706E-01
.3085E+03 .6405E+00 .7200E-01 .7240E-01 .1159E+00 .1237E+00 .4702E-01
.3090E+03 .5800E+00 .6887E-01 .6925E-01 .1100E+00 .1176E+00 .4698E-01
.3095E+03 .5000E+00 .6850E-01 .6888E-01 .1081E+00 .1157E+00 .4693E-01
.3100E+03 .5330E+00 .7815E-01 .7858E-01 .1225E+00 .1312E+00 .4690E-01
.3105E+03 .6520E+00 .9931E-01 .9985E-01 .1548E+00 .1659E+00 .4687E-01
.3110E+03 .7620E+00 .1226E+00 .1232E+00 .1899E+00 .2038E+00 .4685E-01
.3115E+03 .7440E+00 .1231E+00 .1238E+00 .1899E+00 .2039E+00 .4683E-01
.3120E+03 .7061E+00 .1295E+00 .1302E+00 .1984E+00 .2133E+00 .4680E-01
.3125E+03 .6760E+00 .1328E+00 .1335E+00 .2023E+00 .2176E+00 .4677E-01
.3130E+03 .6940E+00 .1417E+00 .1425E+00 .2151E+00 .2315E+00 .4675E-01
.3135E+03 .7240E+00 .1450E+00 .1457E+00 .2192E+00 .2360E+00 .4674E-01
.3140E+03 .7170E+00 .1547E+00 .1555E+00 .2328E+00 .2509E+00 .4671E-01
.3145E+03 .6760E+00 .1601E+00 .1609E+00 .2400E+00 .2588E+00 .4670E-01
.3150E+03 .6845E+00 .1660E+00 .1668E+00 .2480E+00 .2675E+00 .4668E-01
.3155E+03 .6320E+00 .1484E+00 .1492E+00 .2209E+00 .2385E+00 .4666E-01
.3160E+03 .5870E+00 .1483E+00 .1491E+00 .2200E+00 .2376E+00 .4665E-01
.3165E+03 .6490E+00 .1743E+00 .1752E+00 .2580E+00 .2787E+00 .4663E-01
.3170E+03 .7390E+00 .1996E+00 .2006E+00 .2943E+00 .3181E+00 .4662E-01
.3175E+03 .8019E+00 .2149E+00 .2160E+00 .3156E+00 .3413E+00 .4660E-01
.3180E+03 .7236E+00 .2024E+00 .2034E+00 .2963E+00 .3206E+00 .4658E-01
.3185E+03 .6800E+00 .2043E+00 .2053E+00 .2989E+00 .3234E+00 .4658E-01
.3190E+03 .7058E+00 .2203E+00 .2214E+00 .3215E+00 .3481E+00 .4657E-01
.3195E+03 .7332E+00 .2192E+00 .2203E+00 .3182E+00 .3447E+00 .4654E-01
.3200E+03 .7750E+00 .2313E+00 .2324E+00 .3345E+00 .3626E+00 .4652E-01
.3205E+03 .8260E+00 .2640E+00 .2653E+00 .3815E+00 .4135E+00 .4647E-01
.3210E+03 .7655E+00 .2591E+00 .2604E+00 .3742E+00 .4057E+00 .4641E-01
.3215E+03 .7190E+00 .2464E+00 .2476E+00 .3548E+00 .3849E+00 .4634E-01
.3220E+03 .7351E+00 .2401E+00 .2412E+00 .3434E+00 .3729E+00 .4626E-01
.3225E+03 .7115E+00 .2343E+00 .2354E+00 .3341E+00 .3630E+00 .4619E-01
.3230E+03 .6490E+00 .2229E+00 .2239E+00 .3174E+00 .3448E+00 .4613E-01
.3235E+03 .6814E+00 .2493E+00 .2505E+00 .3644E+00 .3943E+00 .4620E-01
.3240E+03 .7405E+00 .2749E+00 .2762E+00 .4008E+00 .4339E+00 .4614E-01
.3245E+03 .7880E+00 .2882E+00 .2896E+00 .4177E+00 .4526E+00 .4606E-01
.3250E+03 .8292E+00 .2933E+00 .2947E+00 .4124E+00 .4490E+00 .4586E-01
.3255E+03 .9138E+00 .3339E+00 .3354E+00 .4799E+00 .5206E+00 .4591E-01
.3260E+03 .9984E+00 .3807E+00 .3824E+00 .5480E+00 .5944E+00 .4587E-01
.3265E+03 .1017E+01 .3990E+00 .4008E+00 .5746E+00 .6232E+00 .4582E-01
.3270E+03 .1005E+01 .3936E+00 .3954E+00 .5644E+00 .6125E+00 .4574E-01
.3275E+03 .9868E+00 .3846E+00 .3863E+00 .5487E+00 .5959E+00 .4567E-01
.3280E+03 .9568E+00 .3619E+00 .3636E+00 .5123E+00 .5571E+00 .4558E-01
.3285E+03 .9340E+00 .3699E+00 .3716E+00 .5248E+00 .5705E+00 .4554E-01
.3290E+03 .1005E+01 .4107E+00 .4125E+00 .5834E+00 .6341E+00 .4549E-01
.3295E+03 .1096E+01 .4535E+00 .4555E+00 .6431E+00 .6991E+00 .4543E-01
.3300E+03 .1110E+01 .4592E+00 .4612E+00 .6485E+00 .7054E+00 .4536E-01
.3305E+03 .1043E+01 .4252E+00 .4271E+00 .5966E+00 .6496E+00 .4527E-01
.3310E+03 .9910E+00 .4030E+00 .4048E+00 .5631E+00 .6135E+00 .4520E-01
.3315E+03 .9940E+00 .4127E+00 .4145E+00 .5763E+00 .6280E+00 .4515E-01
.3320E+03 .9928E+00 .4229E+00 .4248E+00 .5910E+00 .6439E+00 .4510E-01
.3325E+03 .9800E+00 .4230E+00 .4248E+00 .5902E+00 .6432E+00 .4504E-01
.3330E+03 .9639E+00 .4160E+00 .4178E+00 .5782E+00 .6305E+00 .4497E-01
.3335E+03 .9370E+00 .4004E+00 .4021E+00 .5534E+00 .6040E+00 .4489E-01
.3340E+03 .9556E+00 .4092E+00 .4109E+00 .5635E+00 .6153E+00 .4482E-01
.3345E+03 .9886E+00 .4324E+00 .4343E+00 .5956E+00 .6504E+00 .4476E-01
.3350E+03 .1010E+01 .4475E+00 .4493E+00 .6156E+00 .6723E+00 .4471E-01
.3355E+03 .9745E+00 .4357E+00 .4375E+00 .6141E+00 .6682E+00 .4477E-01
.3360E+03 .8898E+00 .3996E+00 .4013E+00 .5617E+00 .6114E+00 .4471E-01
.3365E+03 .8290E+00 .3712E+00 .3727E+00 .5059E+00 .5533E+00 .4450E-01
.3370E+03 .8180E+00 .3657E+00 .3672E+00 .4964E+00 .5433E+00 .4443E-01
.3375E+03 .8773E+00 .3930E+00 .3946E+00 .5317E+00 .5822E+00 .4436E-01
.3380E+03 .9253E+00 .4212E+00 .4229E+00 .5696E+00 .6238E+00 .4431E-01
.3385E+03 .9578E+00 .4396E+00 .4414E+00 .6055E+00 .6612E+00 .4435E-01
.3390E+03 .9686E+00 .4472E+00 .4490E+00 .6116E+00 .6686E+00 .4426E-01
.3395E+03 .9890E+00 .4585E+00 .4603E+00 .6274E+00 .6858E+00 .4421E-01
.3400E+03 .1054E+01 .4884E+00 .4903E+00 .6533E+00 .7167E+00 .4405E-01
.3405E+03 .1046E+01 .4871E+00 .4891E+00 .6720E+00 .7337E+00 .4420E-01
.3410E+03 .9710E+00 .4564E+00 .4582E+00 .6177E+00 .6764E+00 .4411E-01
.3415E+03 .9590E+00 .4535E+00 .4553E+00 .6080E+00 .6667E+00 .4406E-01
.3420E+03 .9957E+00 .4730E+00 .4748E+00 .6313E+00 .6928E+00 .4404E-01
.3425E+03 .1028E+01 .4907E+00 .4926E+00 .6524E+00 .7164E+00 .4402E-01
.3430E+03 .1042E+01 .4988E+00 .5007E+00 .6639E+00 .7289E+00 .4402E-01
.3435E+03 .9830E+00 .4719E+00 .4737E+00 .6281E+00 .6896E+00 .4402E-01
.3440E+03 .8542E+00 .4092E+00 .4108E+00 .5524E+00 .6051E+00 .4409E-01
.3445E+03 .8130E+00 .3927E+00 .3942E+00 .5231E+00 .5743E+00 .4403E-01
.3450E+03 .9158E+00 .4458E+00 .4475E+00 .5872E+00 .6458E+00 .4397E-01
.3455E+03 .9702E+00 .4748E+00 .4766E+00 .6223E+00 .6849E+00 .4395E-01
.3460E+03 .9427E+00 .4634E+00 .4652E+00 .6049E+00 .6663E+00 .4393E-01
.3465E+03 .9559E+00 .4720E+00 .4738E+00 .6139E+00 .6766E+00 .4391E-01
.3470E+03 .9695E+00 .4802E+00 .4820E+00 .6245E+00 .6883E+00 .4391E-01
.3475E+03 .9332E+00 .4638E+00 .4656E+00 .6024E+00 .6640E+00 .4390E-01
.3480E+03 .9247E+00 .4618E+00 .4635E+00 .5964E+00 .6580E+00 .4387E-01
.3485E+03 .9372E+00 .4698E+00 .4715E+00 .6042E+00 .6671E+00 .4385E-01
.3490E+03 .8990E+00 .4526E+00 .4543E+00 .5804E+00 .6411E+00 .4384E-01
.3495E+03 .9197E+00 .4649E+00 .4666E+00 .5951E+00 .6576E+00 .4383E-01
.3500E+03 .1012E+01 .5136E+00 .5155E+00 .6559E+00 .7250E+00 .4382E-01
.3505E+03 .1085E+01 .5524E+00 .5544E+00 .7037E+00 .7782E+00 .4386E-01
.3510E+03 .1053E+01 .5379E+00 .5399E+00 .6844E+00 .7570E+00 .4390E-01
.3515E+03 .1013E+01 .5182E+00 .5201E+00 .6606E+00 .7305E+00 .4397E-01
.3520E+03 .9838E+00 .5058E+00 .5076E+00 .6416E+00 .7101E+00 .4399E-01
.3525E+03 .9260E+00 .4780E+00 .4797E+00 .6040E+00 .6688E+00 .4403E-01
.3530E+03 .9801E+00 .5080E+00 .5098E+00 .6399E+00 .7090E+00 .4406E-01
.3535E+03 .1075E+01 .5589E+00 .5609E+00 .7020E+00 .7782E+00 .4410E-01
.3540E+03 .1135E+01 .5912E+00 .5933E+00 .7405E+00 .8213E+00 .4414E-01
.3545E+03 .1144E+01 .5980E+00 .6002E+00 .7474E+00 .8292E+00 .4418E-01
.3550E+03 .1141E+01 .5983E+00 .6004E+00 .7465E+00 .8284E+00 .4422E-01
.3555E+03 .1096E+01 .5777E+00 .5797E+00 .7192E+00 .7984E+00 .4426E-01
.3560E+03 .1025E+01 .5422E+00 .5441E+00 .6735E+00 .7480E+00 .4430E-01
.3565E+03 .9591E+00 .5089E+00 .5107E+00 .6307E+00 .7008E+00 .4434E-01
.3570E+03 .8420E+00 .4479E+00 .4494E+00 .5540E+00 .6157E+00 .4438E-01
.3575E+03 .8501E+00 .4535E+00 .4551E+00 .5597E+00 .6224E+00 .4442E-01
.3580E+03 .7892E+00 .4223E+00 .4238E+00 .5201E+00 .5785E+00 .4446E-01
.3585E+03 .7310E+00 .3924E+00 .3937E+00 .4822E+00 .5365E+00 .4450E-01
.3590E+03 .8580E+00 .4619E+00 .4635E+00 .5665E+00 .6306E+00 .4454E-01
.3595E+03 .1032E+01 .5570E+00 .5589E+00 .6822E+00 .7595E+00 .4459E-01
.3600E+03 .1089E+01 .5894E+00 .5915E+00 .7204E+00 .8024E+00 .4463E-01
.3605E+03 .1027E+01 .5573E+00 .5592E+00 .6795E+00 .7571E+00 .4472E-01
.3610E+03 .9415E+00 .5128E+00 .5146E+00 .6240E+00 .6955E+00 .4481E-01
.3615E+03 .9180E+00 .5020E+00 .5037E+00 .6097E+00 .6798E+00 .4490E-01
.3620E+03 .9580E+00 .5260E+00 .5278E+00 .6377E+00 .7112E+00 .4500E-01
.3625E+03 .1045E+01 .5759E+00 .5779E+00 .6969E+00 .7776E+00 .4509E-01
.3630E+03 .1071E+01 .5923E+00 .5943E+00 .7155E+00 .7986E+00 .4519E-01
.3635E+03 .1038E+01 .5761E+00 .5780E+00 .6946E+00 .7755E+00 .4528E-01
.3640E+03 .1072E+01 .5967E+00 .5987E+00 .7181E+00 .8020E+00 .4537E-01
.3645E+03 .1059E+01 .5912E+00 .5932E+00 .7103E+00 .7935E+00 .4547E-01
.3650E+03 .1097E+01 .6141E+00 .6161E+00 .7364E+00 .8230E+00 .4556E-01
.3655E+03 .1204E+01 .6760E+00 .6783E+00 .8092E+00 .9046E+00 .4565E-01
.3660E+03 .1286E+01 .7244E+00 .7268E+00 .8656E+00 .9680E+00 .4575E-01
.3665E+03 .1284E+01 .7257E+00 .7281E+00 .8657E+00 .9684E+00 .4584E-01
.3670E+03 .1258E+01 .7125E+00 .7148E+00 .8483E+00 .9493E+00 .4593E-01
.3675E+03 .1232E+01 .6993E+00 .7016E+00 .8311E+00 .9303E+00 .4602E-01
.3680E+03 .1157E+01 .6586E+00 .6607E+00 .7813E+00 .8749E+00 .4612E-01
.3685E+03 .1146E+01 .6543E+00 .6564E+00 .7750E+00 .8680E+00 .4621E-01
.3690E+03 .1194E+01 .6840E+00 .6863E+00 .8089E+00 .9063E+00 .4631E-01
.3695E+03 .1279E+01 .7350E+00 .7374E+00 .8677E+00 .9725E+00 .4640E-01
.3700E+03 .1293E+01 .7454E+00 .7478E+00 .8785E+00 .9849E+00 .4649E-01
.3705E+03 .1166E+01 .6740E+00 .6761E+00 .7930E+00 .8893E+00 .4659E-01
.3710E+03 .1181E+01 .6847E+00 .6869E+00 .8043E+00 .9023E+00 .4668E-01
.3715E+03 .1225E+01 .7118E+00 .7141E+00 .8347E+00 .9366E+00 .4677E-01
.3720E+03 .1144E+01 .6665E+00 .6686E+00 .7803E+00 .8759E+00 .4687E-01
.3725E+03 .1088E+01 .6351E+00 .6372E+00 .7424E+00 .8335E+00 .4696E-01
.3730E+03 .1044E+01 .6118E+00 .6137E+00 .7140E+00 .8019E+00 .4705E-01
.3735E+03 .9390E+00 .5516E+00 .5533E+00 .6427E+00 .7221E+00 .4715E-01
.3740E+03 .9344E+00 .5503E+00 .5520E+00 .6402E+00 .7194E+00 .4724E-01
.3745E+03 .9250E+00 .5463E+00 .5480E+00 .6345E+00 .7133E+00 .4733E-01
.3750E+03 .9850E+00 .5831E+00 .5849E+00 .6762E+00 .7604E+00 .4743E-01
.3755E+03 .1087E+01 .6450E+00 .6471E+00 .7468E+00 .8400E+00 .4752E-01
.3760E+03 .1124E+01 .6682E+00 .6703E+00 .7725E+00 .8691E+00 .4761E-01
.3765E+03 .1104E+01 .6577E+00 .6598E+00 .7591E+00 .8544E+00 .4771E-01
.3770E+03 .1181E+01 .7058E+00 .7080E+00 .8134E+00 .9157E+00 .4780E-01
.3775E+03 .1315E+01 .7877E+00 .7901E+00 .9064E+00 .1021E+01 .4789E-01
.3780E+03 .1414E+01 .8490E+00 .8516E+00 .9755E+00 .1099E+01 .4799E-01
.3785E+03 .1376E+01 .8280E+00 .8306E+00 .9499E+00 .1070E+01 .4808E-01
.3790E+03 .1226E+01 .7389E+00 .7412E+00 .8464E+00 .9539E+00 .4817E-01
.3795E+03 .1098E+01 .6629E+00 .6649E+00 .7581E+00 .8547E+00 .4827E-01
.3800E+03 .1152E+01 .6969E+00 .6991E+00 .7959E+00 .8975E+00 .4836E-01
.3805E+03 .1231E+01 .7467E+00 .7490E+00 .8515E+00 .9605E+00 .4840E-01
.3810E+03 .1249E+01 .7598E+00 .7621E+00 .8652E+00 .9762E+00 .4845E-01
.3815E+03 .1122E+01 .6847E+00 .6867E+00 .7786E+00 .8787E+00 .4849E-01
.3820E+03 .9543E+00 .5836E+00 .5854E+00 .6627E+00 .7481E+00 .4853E-01
.3825E+03 .8231E+00 .5048E+00 .5064E+00 .5725E+00 .6465E+00 .4857E-01
.3830E+03 .7360E+00 .4525E+00 .4539E+00 .5125E+00 .5788E+00 .4862E-01
.3835E+03 .7110E+00 .4381E+00 .4394E+00 .4955E+00 .5597E+00 .4866E-01
.3840E+03 .8210E+00 .5070E+00 .5085E+00 .5726E+00 .6470E+00 .4870E-01
.3845E+03 .9862E+00 .6105E+00 .6123E+00 .6884E+00 .7781E+00 .4874E-01
.3850E+03 .1080E+01 .6702E+00 .6722E+00 .7547E+00 .8533E+00 .4879E-01
.3855E+03 .1030E+01 .6404E+00 .6423E+00 .7203E+00 .8146E+00 .4883E-01
.3860E+03 .9911E+00 .6180E+00 .6198E+00 .6941E+00 .7852E+00 .4887E-01
.3865E+03 .1028E+01 .6426E+00 .6445E+00 .7208E+00 .8156E+00 .4891E-01
.3870E+03 .1035E+01 .6486E+00 .6505E+00 .7265E+00 .8223E+00 .4896E-01
.3875E+03 .1019E+01 .6394E+00 .6412E+00 .7152E+00 .8097E+00 .4900E-01
.3880E+03 .1007E+01 .6333E+00 .6352E+00 .7075E+00 .8012E+00 .4904E-01
.3885E+03 .9974E+00 .6289E+00 .6308E+00 .7018E+00 .7948E+00 .4909E-01
.3890E+03 .1081E+01 .6830E+00 .6850E+00 .7610E+00 .8622E+00 .4913E-01
.3895E+03 .1196E+01 .7571E+00 .7593E+00 .8426E+00 .9548E+00 .4917E-01
.3900E+03 .1252E+01 .7944E+00 .7967E+00 .8830E+00 .1001E+01 .4921E-01
.3905E+03 .1260E+01 .8013E+00 .8036E+00 .8895E+00 .1008E+01 .4931E-01
.3910E+03 .1332E+01 .8490E+00 .8514E+00 .9412E+00 .1067E+01 .4940E-01
.3915E+03 .1349E+01 .8612E+00 .8637E+00 .9536E+00 .1082E+01 .4950E-01
.3920E+03 .1240E+01 .7931E+00 .7954E+00 .8771E+00 .9951E+00 .4959E-01
.3925E+03 .1031E+01 .6611E+00 .6630E+00 .7302E+00 .8287E+00 .4968E-01
.3930E+03 .7450E+00 .4787E+00 .4801E+00 .5281E+00 .5995E+00 .4978E-01
.3935E+03 .5912E+00 .3807E+00 .3818E+00 .4195E+00 .4763E+00 .4987E-01
.3940E+03 .7667E+00 .4947E+00 .4961E+00 .5445E+00 .6183E+00 .4997E-01
.3945E+03 .1056E+01 .6826E+00 .6845E+00 .7504E+00 .8523E+00 .5006E-01
.3950E+03 .1245E+01 .8064E+00 .8087E+00 .8853E+00 .1006E+01 .5016E-01
.3955E+03 .1324E+01 .8592E+00 .8616E+00 .9421E+00 .1071E+01 .5025E-01
.3960E+03 .1163E+01 .7556E+00 .7578E+00 .8276E+00 .9408E+00 .5034E-01
.3965E+03 .8433E+00 .5495E+00 .5510E+00 .6012E+00 .6835E+00 .5044E-01
.3970E+03 .6520E+00 .4257E+00 .4269E+00 .4652E+00 .5290E+00 .5053E-01
.3975E+03 .9614E+00 .6289E+00 .6306E+00 .6864E+00 .7808E+00 .5063E-01
.3980E+03 .1301E+01 .8520E+00 .8544E+00 .9288E+00 .1057E+01 .5072E-01
.3985E+03 .1534E+01 .1006E+01 .1009E+01 .1096E+01 .1247E+01 .5081E-01
.3990E+03 .1625E+01 .1069E+01 .1072E+01 .1162E+01 .1323E+01 .5091E-01
.3995E+03 .1672E+01 .1102E+01 .1105E+01 .1197E+01 .1363E+01 .5100E-01
.4000E+03 .1689E+01 .1114E+01 .1117E+01 .1209E+01 .1377E+01 .5110E-01
Wvlgth Extraterrestrial_spectrm Direct_normal_irradiance Beam_normal_+circumsolar Global_horizn_irradiance Global_tilted_irradiance Zonal_ground_reflectance
.2800E+03 .8200E-01 .3795E-22 .3835E-22 .6617E-19 .5571E-19 .5135E-01
.2805E+03 .9900E-01 .9948E-21 .1005E-20 .3900E-18 .3287E-18 .5134E-01
.2810E+03 .1500E+00 .5096E-20 .5148E-20 .1324E-17 .1117E-17 .5134E-01
.2815E+03 .2120E+00 .1406E-18 .1421E-18 .1597E-16 .1350E-16 .5133E-01
.2820E+03 .2670E+00 .1154E-17 .1166E-17 .8268E-16 .7010E-16 .5133E-01
.2825E+03 .3030E+00 .4618E-17 .4665E-17 .2461E-15 .2092E-15 .5132E-01
.2830E+03 .3250E+00 .1974E-16 .1994E-16 .7715E-15 .6581E-15 .5131E-01
.2835E+03 .3230E+00 .3889E-16 .3928E-16 .1300E-14 .1111E-14 .5130E-01
.2840E+03 .2990E+00 .7800E-15 .7877E-15 .1486E-13 .1285E-13 .5126E-01
.2845E+03 .2502E+00 .2840E-14 .2868E-14 .4081E-13 .3561E-13 .5124E-01
.2850E+03 .1759E+00 .9431E-14 .9522E-14 .1017E-12 .8978E-13 .5120E-01
.2855E+03 .1550E+00 .5130E-13 .5179E-13 .4011E-12 .3604E-12 .5114E-01
.2860E+03 .2420E+00 .1714E-12 .1730E-12 .1168E-11 .1059E-11 .5111E-01
.2865E+03 .3330E+00 .1066E-11 .1076E-11 .5643E-11 .5224E-11 .5104E-01
.2870E+03 .3620E+00 .3577E-11 .3611E-11 .1575E-10 .1485E-10 .5098E-01
.2875E+03 .3390E+00 .1435E-10 .1448E-10 .4206E-10 .4178E-10 .5080E-01
.2880E+03 .3110E+00 .8302E-10 .8378E-10 .2127E-09 .2160E-09 .5072E-01
.2885E+03 .3250E+00 .2360E-09 .2382E-09 .5620E-09 .5780E-09 .5067E-01
.2890E+03 .3920E+00 .7833E-09 .7904E-09 .1740E-08 .1813E-08 .5062E-01
.2895E+03 .4790E+00 .2938E-08 .2965E-08 .6082E-08 .6426E-08 .5057E-01
.2900E+03 .5630E+00 .8566E-08 .8643E-08 .1678E-07 .1793E-07 .5052E-01
.2905E+03 .6060E+00 .1995E-07 .2012E-07 .3732E-07 .4029E-07 .5048E-01
.2910E+03 .6180E+00 .5106E-07 .5151E-07 .9060E-07 .9896E-07 .5044E-01
.2915E+03 .5980E+00 .1572E-06 .1585E-06 .2730E-06 .2997E-06 .5042E-01
.2920E+03 .5670E+00 .3845E-06 .3879E-06 .6619E-06 .7281E-06 .5041E-01
.2925E+03 .5290E+00 .6192E-06 .6245E-06 .1061E-05 .1169E-05 .5040E-01
.2930E+03 .5380E+00 .1248E-05 .1259E-05 .2147E-05 .2362E-05 .5041E-01
.2935E+03 .5490E+00 .3228E-05 .3255E-05 .5690E-05 .6225E-05 .5043E-01
.2940E+03 .5330E+00 .5961E-05 .6011E-05 .1081E-04 .1175E-04 .5045E-01
.2945E+03 .5200E+00 .9416E-05 .9494E-05 .1438E-04 .1629E-04 .5029E-01
.2950E+03 .5270E+00 .1735E-04 .1749E-04 .2328E-04 .2731E-04 .5014E-01
.2955E+03 .5590E+00 .3842E-04 .3873E-04 .5134E-04 .6030E-04 .5013E-01
.2960E+03 .5730E+00 .6600E-04 .6653E-04 .8808E-04 .1035E-03 .5013E-01
.2965E+03 .5210E+00 .9773E-04 .9852E-04 .1307E-03 .1534E-03 .5013E-01
.2970E+03 .4780E+00 .1316E-03 .1327E-03 .1764E-03 .2070E-03 .5014E-01
.2975E+03 .5290E+00 .2488E-03 .2508E-03 .3369E-03 .3942E-03 .5015E-01
.2980E+03 .5280E+00 .3840E-03 .3870E-03 .5261E-03 .6136E-03 .5016E-01
.2985E+03 .4680E+00 .4713E-03 .4750E-03 .6527E-03 .7590E-03 .5017E-01
.2990E+03 .4720E+00 .6430E-03 .6480E-03 .9014E-03 .1045E-02 .5019E-01
.2995E+03 .5010E+00 .1093E-02 .1102E-02 .1579E-02 .1815E-02 .5022E-01
.3000E+03 .4579E+00 .1334E-02 .1344E-02 .1968E-02 .2250E-02 .5025E-01
.3005E+03 .4330E+00 .1607E-02 .1619E-02 .2421E-02 .2753E-02 .5027E-01
.3010E+03 .4630E+00 .2442E-02 .2461E-02 .3809E-02 .4292E-02 .5030E-01
.3015E+03 .4776E+00 .3363E-02 .3389E-02 .5129E-02 .5813E-02 .5028E-01
.3020E+03 .4490E+00 .3652E-02 .3680E-02 .5492E-02 .6247E-02 .5027E-01
.3025E+03 .5080E+00 .5284E-02 .5324E-02 .7795E-02 .8911E-02 .5024E-01
.3030E+03 .6120E+00 .8587E-02 .8651E-02 .1259E-01 .1441E-01 .5024E-01
.3035E+03 .6460E+00 .1079E-01 .1087E-01 .1578E-01 .1808E-01 .5023E-01
.3040E+03 .6210E+00 .1134E-01 .1142E-01 .1652E-01 .1895E-01 .5023E-01
.3045E+03 .6260E+00 .1393E-01 .1404E-01 .2031E-01 .2329E-01 .5023E-01
.3050E+03 .6420E+00 .1846E-01 .1859E-01 .2702E-01 .3096E-01 .5024E-01
.3055E+03 .6110E+00 .2058E-01 .2073E-01 .3017E-01 .3455E-01 .5024E-01
.3060E+03 .5650E+00 .2036E-01 .2050E-01 .2978E-01 .3412E-01 .5023E-01
.3065E+03 .5750E+00 .2287E-01 .2303E-01 .3343E-01 .3831E-01 .5023E-01
.3070E+03 .6050E+00 .2917E-01 .2938E-01 .4292E-01 .4910E-01 .5024E-01
.3075E+03 .6310E+00 .3626E-01 .3651E-01 .5756E-01 .6457E-01 .5032E-01
.3080E+03 .6450E+00 .3858E-01 .3885E-01 .6071E-01 .6826E-01 .5031E-01
.3085E+03 .6405E+00 .4175E-01 .4203E-01 .6481E-01 .7311E-01 .5030E-01
.3090E+03 .5800E+00 .4048E-01 .4075E-01 .6215E-01 .7032E-01 .5029E-01
.3095E+03 .5000E+00 .4172E-01 .4200E-01 .6291E-01 .7150E-01 .5027E-01
.3100E+03 .5330E+00 .4841E-01 .4873E-01 .7227E-01 .8236E-01 .5026E-01
.3105E+03 .6520E+00 .6210E-01 .6252E-01 .9203E-01 .1051E+00 .5025E-01
.3110E+03 .7620E+00 .7767E-01 .7819E-01 .1142E+00 .1307E+00 .5024E-01
.3115E+03 .7440E+00 .7860E-01 .7913E-01 .1148E+00 .1316E+00 .5023E-01
.3120E+03 .7061E+00 .8482E-01 .8538E-01 .1229E+00 .1412E+00 .5022E-01
.3125E+03 .6760E+00 .8843E-01 .8901E-01 .1273E+00 .1465E+00 .5021E-01
.3130E+03 .6940E+00 .9534E-01 .9596E-01 .1365E+00 .1573E+00 .5021E-01
.3135E+03 .7240E+00 .9703E-01 .9766E-01 .1383E+00 .1595E+00 .5020E-01
.3140E+03 .7170E+00 .1055E+00 .1062E+00 .1496E+00 .1728E+00 .5020E-01
.3145E+03 .6760E+00 .1117E+00 .1124E+00 .1579E+00 .1826E+00 .5019E-01
.3150E+03 .6845E+00 .1165E+00 .1173E+00 .1640E+00 .1899E+00 .5019E-01
.3155E+03 .6320E+00 .1034E+00 .1040E+00 .1446E+00 .1677E+00 .5018E-01
.3160E+03 .5870E+00 .1052E+00 .1058E+00 .1468E+00 .1704E+00 .5018E-01
.3165E+03 .6490E+00 .1255E+00 .1263E+00 .1750E+00 .2031E+00 .5018E-01
.3170E+03 .7390E+00 .1440E+00 .1449E+00 .1997E+00 .2321E+00 .5017E-01
.3175E+03 .8019E+00 .1547E+00 .1557E+00 .2134E+00 .2484E+00 .5016E-01
.3180E+03 .7236E+00 .1472E+00 .1481E+00 .2026E+00 .2360E+00 .5016E-01
.3185E+03 .6800E+00 .1513E+00 .1522E+00 .2086E+00 .2429E+00 .5016E-01
.3190E+03 .7058E+00 .1647E+00 .1657E+00 .2269E+00 .2642E+00 .5016E-01
.3195E+03 .7332E+00 .1621E+00 .1631E+00 .2211E+00 .2582E+00 .5015E-01
.3200E+03 .7750E+00 .1710E+00 .1720E+00 .2319E+00 .2713E+00 .5014E-01
.3205E+03 .8260E+00 .1985E+00 .1997E+00 .2700E+00 .3155E+00 .5009E-01
.3210E+03 .7655E+00 .1977E+00 .1989E+00 .2697E+00 .3150E+00 .5004E-01
.3215E+03 .7190E+00 .1886E+00 .1897E+00 .2564E+00 .2997E+00 .4998E-01
.3220E+03 .7351E+00 .1815E+00 .1826E+00 .2437E+00 .2858E+00 .4990E-01
.3225E+03 .7115E+00 .1776E+00 .1786E+00 .2373E+00 .2787E+00 .4984E-01
.3230E+03 .6490E+00 .1706E+00 .1716E+00 .2283E+00 .2681E+00 .4979E-01
.3235E+03 .6814E+00 .1940E+00 .1951E+00 .2652E+00 .3094E+00 .4975E-01
.3240E+03 .7405E+00 .2146E+00 .2158E+00 .2925E+00 .3416E+00 .4969E-01
.3245E+03 .7880E+00 .2242E+00 .2255E+00 .3032E+00 .3549E+00 .4963E-01
.3250E+03 .8292E+00 .2263E+00 .2276E+00 .2979E+00 .3513E+00 .4954E-01
.3255E+03 .9138E+00 .2596E+00 .2611E+00 .3476E+00 .4080E+00 .4950E-01
.3260E+03 .9984E+00 .2992E+00 .3009E+00 .4010E+00 .4706E+00 .4945E-01
.3265E+03 .1017E+01 .3158E+00 .3176E+00 .4236E+00 .4969E+00 .4939E-01
.3270E+03 .1005E+01 .3114E+00 .3132E+00 .4152E+00 .4879E+00 .4933E-01
.3275E+03 .9868E+00 .3039E+00 .3056E+00 .4025E+00 .4739E+00 .4926E-01
.3280E+03 .9568E+00 .2839E+00 .2855E+00 .3724E+00 .4397E+00 .4919E-01
.3285E+03 .9340E+00 .2935E+00 .2951E+00 .3859E+00 .4553E+00 .4914E-01
.3290E+03 .1005E+01 .3284E+00 .3302E+00 .4328E+00 .5103E+00 .4908E-01
.3295E+03 .1096E+01 .3637E+00 .3657E+00 .4784E+00 .5643E+00 .4903E-01
.3300E+03 .1110E+01 .3683E+00 .3703E+00 .4817E+00 .5691E+00 .4896E-01
.3305E+03 .1043E+01 .3398E+00 .3416E+00 .4404E+00 .5217E+00 .4889E-01
.3310E+03 .9910E+00 .3219E+00 .3236E+00 .4149E+00 .4923E+00 .4883E-01
.3315E+03 .9940E+00 .3313E+00 .3331E+00 .4268E+00 .5065E+00 .4877E-01
.3320E+03 .9928E+00 .3417E+00 .3435E+00 .4408E+00 .5229E+00 .4872E-01
.3325E+03 .9800E+00 .3428E+00 .3446E+00 .4417E+00 .5242E+00 .4866E-01
.3330E+03 .9639E+00 .3372E+00 .3390E+00 .4321E+00 .5135E+00 .4860E-01
.3335E+03 .9370E+00 .3238E+00 .3255E+00 .4116E+00 .4903E+00 .4853E-01
.3340E+03 .9556E+00 .3310E+00 .3327E+00 .4188E+00 .4996E+00 .4847E-01
.3345E+03 .9886E+00 .3517E+00 .3535E+00 .4454E+00 .5312E+00 .4841E-01
.3350E+03 .1010E+01 .3651E+00 .3670E+00 .4619E+00 .5510E+00 .4835E-01
.3355E+03 .9745E+00 .3563E+00 .3581E+00 .4611E+00 .5464E+00 .4832E-01
.3360E+03 .8898E+00 .3272E+00 .3288E+00 .4219E+00 .5005E+00 .4826E-01
.3365E+03 .8290E+00 .3036E+00 .3052E+00 .3794E+00 .4542E+00 .4817E-01
.3370E+03 .8180E+00 .2990E+00 .3005E+00 .3715E+00 .4456E+00 .4810E-01
.3375E+03 .8773E+00 .3215E+00 .3231E+00 .3977E+00 .4776E+00 .4804E-01
.3380E+03 .9253E+00 .3460E+00 .3477E+00 .4281E+00 .5141E+00 .4798E-01
.3385E+03 .9578E+00 .3618E+00 .3637E+00 .4552E+00 .5439E+00 .4795E-01
.3390E+03 .9686E+00 .3686E+00 .3705E+00 .4599E+00 .5508E+00 .4788E-01
.3395E+03 .9890E+00 .3783E+00 .3802E+00 .4720E+00 .5653E+00 .4782E-01
.3400E+03 .1054E+01 .4029E+00 .4049E+00 .4916E+00 .5928E+00 .4774E-01
.3405E+03 .1046E+01 .4024E+00 .4044E+00 .5060E+00 .6047E+00 .4778E-01
.3410E+03 .9710E+00 .3778E+00 .3797E+00 .4650E+00 .5593E+00 .4775E-01
.3415E+03 .9590E+00 .3761E+00 .3780E+00 .4578E+00 .5524E+00 .4774E-01
.3420E+03 .9957E+00 .3926E+00 .3946E+00 .4755E+00 .5746E+00 .4773E-01
.3425E+03 .1028E+01 .4078E+00 .4098E+00 .4915E+00 .5949E+00 .4772E-01
.3430E+03 .1042E+01 .4149E+00 .4169E+00 .5003E+00 .6054E+00 .4773E-01
.3435E+03 .9830E+00 .3928E+00 .3947E+00 .4734E+00 .5730E+00 .4772E-01
.3440E+03 .8542E+00 .3405E+00 .3421E+00 .4166E+00 .5019E+00 .4774E-01
.3445E+03 .8130E+00 .3274E+00 .3290E+00 .3945E+00 .4776E+00 .4772E-01
.3450E+03 .9158E+00 .3723E+00 .3741E+00 .4430E+00 .5383E+00 .4771E-01
.3455E+03 .9702E+00 .3971E+00 .3990E+00 .4696E+00 .5717E+00 .4770E-01
.3460E+03 .9427E+00 .3880E+00 .3899E+00 .4567E+00 .5568E+00 .4769E-01
.3465E+03 .9559E+00 .3956E+00 .3975E+00 .4636E+00 .5660E+00 .4769E-01
.3470E+03 .9695E+00 .4028E+00 .4047E+00 .4717E+00 .5760E+00 .4769E-01
.3475E+03 .9332E+00 .3894E+00 .3913E+00 .4551E+00 .5561E+00 .4768E-01
.3480E+03 .9247E+00 .3882E+00 .3900E+00 .4507E+00 .5518E+00 .4768E-01
.3485E+03 .9372E+00 .3953E+00 .3971E+00 .4567E+00 .5600E+00 .4767E-01
.3490E+03 .8990E+00 .3812E+00 .3830E+00 .4389E+00 .5388E+00 .4767E-01
.3495E+03 .9197E+00 .3920E+00 .3938E+00 .4501E+00 .5530E+00 .4766E-01
.3500E+03 .1012E+01 .4335E+00 .4355E+00 .4962E+00 .6103E+00 .4766E-01
.3505E+03 .1085E+01 .4666E+00 .4688E+00 .5325E+00 .6556E+00 .4771E-01
.3510E+03 .1053E+01 .4547E+00 .4568E+00 .5180E+00 .6380E+00 .4776E-01
.3515E+03 .1013E+01 .4383E+00 .4403E+00 .5001E+00 .6157E+00 .4782E-01
.3520E+03 .9838E+00 .4283E+00 .4302E+00 .4859E+00 .5993E+00 .4787E-01
.3525E+03 .9260E+00 .4051E+00 .4070E+00 .4575E+00 .5651E+00 .4792E-01
.3530E+03 .9801E+00 .4310E+00 .4330E+00 .4848E+00 .5996E+00 .4797E-01
.3535E+03 .1075E+01 .4745E+00 .4767E+00 .5319E+00 .6586E+00 .4803E-01
.3540E+03 .1135E+01 .5023E+00 .5045E+00 .5612E+00 .6956E+00 .4808E-01
.3545E+03 .1144E+01 .5085E+00 .5107E+00 .5665E+00 .7028E+00 .4813E-01
.3550E+03 .1141E+01 .5092E+00 .5114E+00 .5659E+00 .7027E+00 .4818E-01
.3555E+03 .1096E+01 .4922E+00 .4944E+00 .5455E+00 .6779E+00 .4824E-01
.3560E+03 .1025E+01 .4624E+00 .4644E+00 .5110E+00 .6356E+00 .4829E-01
.3565E+03 .9591E+00 .4343E+00 .4362E+00 .4786E+00 .5959E+00 .4834E-01
.3570E+03 .8420E+00 .3825E+00 .3841E+00 .4204E+00 .5239E+00 .4840E-01
.3575E+03 .8501E+00 .3876E+00 .3893E+00 .4249E+00 .5299E+00 .4845E-01
.3580E+03 .7892E+00 .3612E+00 .3628E+00 .3949E+00 .4929E+00 .4850E-01
.3585E+03 .7310E+00 .3358E+00 .3373E+00 .3662E+00 .4575E+00 .4855E-01
.3590E+03 .8580E+00 .3956E+00 .3973E+00 .4303E+00 .5381E+00 .4861E-01
.3595E+03 .1032E+01 .4774E+00 .4794E+00 .5182E+00 .6484E+00 .4866E-01
.3600E+03 .1089E+01 .5056E+00 .5077E+00 .5473E+00 .6854E+00 .4871E-01
.3605E+03 .1027E+01 .4783E+00 .4804E+00 .5164E+00 .6473E+00 .4882E-01
.3610E+03 .9415E+00 .4405E+00 .4424E+00 .4743E+00 .5951E+00 .4893E-01
.3615E+03 .9180E+00 .4317E+00 .4336E+00 .4636E+00 .5822E+00 .4904E-01
.3620E+03 .9580E+00 .4528E+00 .4547E+00 .4851E+00 .6096E+00 .4915E-01
.3625E+03 .1045E+01 .4962E+00 .4983E+00 .5303E+00 .6670E+00 .4926E-01
.3630E+03 .1071E+01 .5108E+00 .5130E+00 .5447E+00 .6856E+00 .4937E-01
.3635E+03 .1038E+01 .4972E+00 .4993E+00 .5289E+00 .6663E+00 .4948E-01
.3640E+03 .1072E+01 .5154E+00 .5175E+00 .5470E+00 .6896E+00 .4959E-01
.3645E+03 .1059E+01 .5110E+00 .5132E+00 .5411E+00 .6827E+00 .4970E-01
.3650E+03 .1097E+01 .5312E+00 .5334E+00 .5611E+00 .7086E+00 .4981E-01
.3655E+03 .1204E+01 .5851E+00 .5876E+00 .6167E+00 .7793E+00 .4992E-01
.3660E+03 .1286E+01 .6275E+00 .6301E+00 .6599E+00 .8346E+00 .5003E-01
.3665E+03 .1284E+01 .6292E+00 .6318E+00 .6601E+00 .8355E+00 .5014E-01
.3670E+03 .1258E+01 .6181E+00 .6206E+00 .6470E+00 .8195E+00 .5025E-01
.3675E+03 .1232E+01 .6070E+00 .6095E+00 .6339E+00 .8036E+00 .5036E-01
.3680E+03 .1157E+01 .5720E+00 .5743E+00 .5960E+00 .7562E+00 .5047E-01
.3685E+03 .1146E+01 .5687E+00 .5710E+00 .5914E+00 .7508E+00 .5058E-01
.3690E+03 .1194E+01 .5951E+00 .5975E+00 .6174E+00 .7844E+00 .5069E-01
.3695E+03 .1279E+01 .6399E+00 .6425E+00 .6625E+00 .8424E+00 .5080E-01
.3700E+03 .1293E+01 .6494E+00 .6520E+00 .6709E+00 .8537E+00 .5091E-01
.3705E+03 .1166E+01 .5876E+00 .5900E+00 .6058E+00 .7714E+00 .5102E-01
.3710E+03 .1181E+01 .5975E+00 .5999E+00 .6146E+00 .7832E+00 .5113E-01
.3715E+03 .1225E+01 .6214E+00 .6239E+00 .6379E+00 .8135E+00 .5124E-01
.3720E+03 .1144E+01 .5822E+00 .5846E+00 .5964E+00 .7611E+00 .5135E-01
.3725E+03 .1088E+01 .5552E+00 .5574E+00 .5675E+00 .7248E+00 .5146E-01
.3730E+03 .1044E+01 .5352E+00 .5373E+00 .5460E+00 .6978E+00 .5157E-01
.3735E+03 .9390E+00 .4829E+00 .4848E+00 .4916E+00 .6287E+00 .5168E-01
.3740E+03 .9344E+00 .4820E+00 .4839E+00 .4898E+00 .6268E+00 .5179E-01
.3745E+03 .9250E+00 .4789E+00 .4808E+00 .4856E+00 .6219E+00 .5189E-01
.3750E+03 .9850E+00 .5114E+00 .5135E+00 .5176E+00 .6633E+00 .5200E-01
.3755E+03 .1087E+01 .5661E+00 .5683E+00 .5717E+00 .7332E+00 .5211E-01
.3760E+03 .1124E+01 .5868E+00 .5890E+00 .5914E+00 .7590E+00 .5222E-01
.3765E+03 .1104E+01 .5778E+00 .5801E+00 .5812E+00 .7465E+00 .5233E-01
.3770E+03 .1181E+01 .6205E+00 .6229E+00 .6230E+00 .8006E+00 .5244E-01
.3775E+03 .1315E+01 .6929E+00 .6956E+00 .6943E+00 .8929E+00 .5255E-01
.3780E+03 .1414E+01 .7473E+00 .7502E+00 .7474E+00 .9618E+00 .5266E-01
.3785E+03 .1376E+01 .7292E+00 .7320E+00 .7278E+00 .9373E+00 .5277E-01
.3790E+03 .1226E+01 .6511E+00 .6536E+00 .6486E+00 .8358E+00 .5288E-01
.3795E+03 .1098E+01 .5843E+00 .5865E+00 .5810E+00 .7492E+00 .5299E-01
.3800E+03 .1152E+01 .6146E+00 .6170E+00 .6100E+00 .7872E+00 .5310E-01
.3805E+03 .1231E+01 .6590E+00 .6615E+00 .6528E+00 .8430E+00 .5316E-01
.3810E+03 .1249E+01 .6710E+00 .6735E+00 .6635E+00 .8573E+00 .5321E-01
.3815E+03 .1122E+01 .6051E+00 .6074E+00 .5972E+00 .7721E+00 .5326E-01
.3820E+03 .9543E+00 .5161E+00 .5180E+00 .5085E+00 .6578E+00 .5332E-01
.3825E+03 .8231E+00 .4468E+00 .4484E+00 .4394E+00 .5688E+00 .5337E-01
.3830E+03 .7360E+00 .4007E+00 .4022E+00 .3934E+00 .5096E+00 .5342E-01
.3835E+03 .7110E+00 .3882E+00 .3896E+00 .3804E+00 .4931E+00 .5348E-01
.3840E+03 .8210E+00 .4495E+00 .4511E+00 .4397E+00 .5703E+00 .5353E-01
.3845E+03 .9862E+00 .5415E+00 .5435E+00 .5287E+00 .6862E+00 .5358E-01
.3850E+03 .1080E+01 .5948E+00 .5970E+00 .5798E+00 .7529E+00 .5364E-01
.3855E+03 .1030E+01 .5687E+00 .5709E+00 .5535E+00 .7192E+00 .5369E-01
.3860E+03 .9911E+00 .5492E+00 .5512E+00 .5335E+00 .6937E+00 .5374E-01
.3865E+03 .1028E+01 .5714E+00 .5735E+00 .5542E+00 .7210E+00 .5380E-01
.3870E+03 .1035E+01 .5770E+00 .5791E+00 .5586E+00 .7272E+00 .5385E-01
.3875E+03 .1019E+01 .5691E+00 .5712E+00 .5500E+00 .7165E+00 .5390E-01
.3880E+03 .1007E+01 .5640E+00 .5661E+00 .5442E+00 .7093E+00 .5396E-01
.3885E+03 .9974E+00 .5604E+00 .5625E+00 .5399E+00 .7041E+00 .5401E-01
.3890E+03 .1081E+01 .6089E+00 .6111E+00 .5856E+00 .7641E+00 .5406E-01
.3895E+03 .1196E+01 .6754E+00 .6778E+00 .6484E+00 .8467E+00 .5412E-01
.3900E+03 .1252E+01 .7090E+00 .7116E+00 .6796E+00 .8879E+00 .5417E-01
.3905E+03 .1260E+01 .7155E+00 .7181E+00 .6847E+00 .8951E+00 .5428E-01
.3910E+03 .1332E+01 .7585E+00 .7612E+00 .7247E+00 .9479E+00 .5439E-01
.3915E+03 .1349E+01 .7698E+00 .7726E+00 .7344E+00 .9611E+00 .5450E-01
.3920E+03 .1240E+01 .7093E+00 .7118E+00 .6755E+00 .8846E+00 .5461E-01
.3925E+03 .1031E+01 .5916E+00 .5937E+00 .5625E+00 .7371E+00 .5472E-01
.3930E+03 .7450E+00 .4286E+00 .4301E+00 .4070E+00 .5335E+00 .5483E-01
.3935E+03 .5912E+00 .3411E+00 .3423E+00 .3233E+00 .4241E+00 .5494E-01
.3940E+03 .7667E+00 .4434E+00 .4450E+00 .4197E+00 .5509E+00 .5505E-01
.3945E+03 .1056E+01 .6121E+00 .6143E+00 .5785E+00 .7597E+00 .5516E-01
.3950E+03 .1245E+01 .7234E+00 .7260E+00 .6826E+00 .8970E+00 .5527E-01
.3955E+03 .1324E+01 .7710E+00 .7738E+00 .7265E+00 .9551E+00 .5538E-01
.3960E+03 .1163E+01 .6784E+00 .6808E+00 .6383E+00 .8396E+00 .5549E-01
.3965E+03 .8433E+00 .4937E+00 .4954E+00 .4638E+00 .6104E+00 .5560E-01
.3970E+03 .6520E+00 .3827E+00 .3840E+00 .3589E+00 .4727E+00 .5571E-01
.3975E+03 .9614E+00 .5655E+00 .5675E+00 .5297E+00 .6979E+00 .5582E-01
.3980E+03 .1301E+01 .7664E+00 .7691E+00 .7168E+00 .9450E+00 .5593E-01
.3985E+03 .1534E+01 .9057E+00 .9089E+00 .8458E+00 .1116E+01 .5604E-01
.3990E+03 .1625E+01 .9623E+00 .9657E+00 .8974E+00 .1184E+01 .5615E-01
.3995E+03 .1672E+01 .9925E+00 .9959E+00 .9242E+00 .1220E+01 .5626E-01
.4000E+03 .1689E+01 .1004E+01 .1007E+01 .9335E+00 .1233E+01 .5637E-01
