ASTM_E490_interpolated	
1366.1	
2800	0.0901
2805	0.0946
2810	0.1515
2815	0.2083
2820	0.2512
2825	0.2941
2830	0.3038
2835	0.3135
2840	0.2744
2845	0.2353
2850	0.1992
2855	0.1631
2860	0.2429
2865	0.3227
2870	0.3295
2875	0.3363
2880	0.3293
2885	0.3222
2890	0.3975
2895	0.4727
2900	0.5370
2905	0.6013
2910	0.5911
2915	0.5808
2920	0.5514
2925	0.5219
2930	0.5287
2935	0.5355
2940	0.5222
2945	0.5088
2950	0.5310
2955	0.5532
2960	0.5314
2965	0.5096
2970	0.5085
2975	0.5073
2980	0.4864
2985	0.4655
2990	0.4748
2995	0.4840
3000	0.4520
3005	0.4200
3010	0.4378
3015	0.4555
3020	0.4723
3025	0.4890
3030	0.5548
3035	0.6206
3040	0.6116
3045	0.6025
3050	0.5987
3055	0.5948
3060	0.5753
3065	0.5557
3070	0.5854
3075	0.6150
3080	0.6132
3085	0.6114
3090	0.5540
3095	0.4965
3100	0.5595
3105	0.6224
3110	0.6758
3115	0.7292
3120	0.6926
3125	0.6559
3130	0.6779
3135	0.6999
3140	0.6814
3145	0.6629
3150	0.6480
3155	0.6330
3160	0.6331
3165	0.6332
3170	0.7036
3175	0.7739
3180	0.7194
3185	0.6649
3190	0.6877
3195	0.7105
3200	0.7578
3205	0.8051
3210	0.7523
3215	0.6995
3220	0.6941
3225	0.6886
3230	0.6750
3235	0.6613
3240	0.7111
3245	0.7608
3250	0.8183
3255	0.8758
3260	0.9277
3265	0.9795
3270	0.9661
3275	0.9527
3280	0.9352
3285	0.9176
3290	0.9893
3295	1.0610
3300	1.0385
3305	1.0160
3310	0.9909
3315	0.9657
3320	0.9603
3325	0.9549
3330	0.9383
3335	0.9216
3340	0.9403
3345	0.9589
3350	0.9512
3355	0.9434
3360	0.8765
3365	0.8095
3370	0.8257
3375	0.8418
3380	0.8817
3385	0.9215
3390	0.9398
3395	0.9581
3400	0.9826
3405	1.0070
3410	0.9654
3415	0.9238
3420	0.9584
3425	0.9930
3430	0.9718
3435	0.9506
3440	0.8732
3445	0.7957
3450	0.8675
3455	0.9392
3460	0.9328
3465	0.9264
3470	0.9141
3475	0.9017
3480	0.8995
3485	0.8972
3490	0.8935
3495	0.8898
3500	0.9699
3505	1.0500
3510	1.0148
3515	0.9795
3520	0.9437
3525	0.9079
3530	0.9705
3535	1.0330
3540	1.0720
3545	1.1110
3550	1.0780
3555	1.0450
3560	0.9787
3565	0.9123
3570	0.8542
3575	0.7960
3580	0.7448
3585	0.6936
3590	0.8424
3595	0.9911
3600	0.9810
3605	0.9708
3610	0.9245
3615	0.8781
3620	0.9380
3625	0.9978
3630	0.9974
3635	0.9969
3640	1.0050
3645	1.0130
3650	1.0825
3655	1.1520
3660	1.1925
3665	1.2330
3670	1.2065
3675	1.1800
3680	1.1405
3685	1.1010
3690	1.1635
3695	1.2260
3700	1.1825
3705	1.1390
3710	1.1570
3715	1.1750
3720	1.1145
3725	1.0540
3730	0.9871
3735	0.9202
3740	0.9103
3745	0.9004
3750	0.9812
3755	1.0620
3760	1.0735
3765	1.0850
3770	1.1835
3775	1.2820
3780	1.3045
3785	1.3270
3790	1.1965
3795	1.0660
3800	1.1340
3805	1.2020
3810	1.1420
3815	1.0820
3820	0.9367
3825	0.7913
3830	0.7377
3835	0.6841
3840	0.8219
3845	0.9597
3850	0.9839
3855	1.0080
3860	1.0075
3865	1.0070
3870	1.0055
3875	1.0040
3880	0.9942
3885	0.9843
3890	1.0791
3895	1.1740
3900	1.2105
3905	1.2470
3910	1.2945
3915	1.3420
3920	1.1805
3925	1.0190
3930	0.8007
3935	0.5823
3940	0.8042
3945	1.0260
3950	1.1700
3955	1.3140
3960	1.0842
3965	0.8545
3970	0.8917
3975	0.9288
3980	1.2254
3985	1.5220
3990	1.5925
3995	1.6630
4000	1.6725
4010	1.7140
4020	1.7525
4030	1.7215
4040	1.6790
4050	1.6705
4060	1.6280
4070	1.6085
4080	1.6815
4090	1.7250
4100	1.6235
4110	1.6745
4120	1.8030
4130	1.7725
4140	1.7465
4150	1.7355
4160	1.7880
4170	1.7535
4180	1.6745
4190	1.6925
4200	1.7290
4210	1.7770
4220	1.6895
4230	1.6465
4240	1.7390
4250	1.7310
4260	1.6965
4270	1.6335
4280	1.5780
4290	1.5310
4300	1.3050
4310	1.4105
4320	1.6660
4330	1.6885
4340	1.7005
4350	1.6965
4360	1.8260
4370	1.8675
4380	1.6865
4390	1.6960
4400	1.7690
4410	1.8220
4420	1.9555
4430	1.9445
4440	1.9410
4450	1.8970
4460	1.8560
4470	1.9840
4480	2.0250
4490	2.0000
4500	2.0855
4510	2.1265
4520	2.0250
4530	1.9555
4540	1.9745
4550	2.0065
4560	2.0555
4570	2.0885
4580	2.0355
4590	1.9900
4600	2.0245
4610	2.0475
4620	2.0795
4630	2.0720
4640	2.0080
4650	2.0090
4660	1.9815
4670	1.9680
4680	2.0045
4690	1.9920
4700	1.9335
4710	1.9475
4720	2.0295
4730	2.0160
4740	2.0210
4750	2.0335
4760	1.9860
4770	2.0155
4780	2.0420
4790	2.0425
4800	2.0555
4810	2.0625
4820	2.0565
4830	2.0210
4840	1.9940
4850	1.8995
4860	1.7275
4870	1.7275
4880	1.8720
4890	1.9370
4900	1.9835
4910	1.9515
4920	1.8960
4930	1.8920
4940	1.9730
4950	1.9920
4960	1.9715
4970	2.0175
4980	1.9420
4990	1.9180
5000	1.9135
5010	1.8345
5020	1.8530
5030	1.9140
5040	1.9015
5050	1.9310
5060	1.9770
5070	1.9335
5080	1.9125
5090	1.9175
5100	1.9315
5110	1.9720
5120	1.9320
5130	1.8640
5140	1.8675
5150	1.8870
5160	1.7845
5170	1.6975
5180	1.6900
5190	1.7410
5200	1.8295
5210	1.8685
5220	1.8645
5230	1.8585
5240	1.9260
5250	1.9440
5260	1.8020
5270	1.7510
5280	1.8625
5290	1.9075
5300	1.9350
5310	1.9575
5320	1.8665
5330	1.8465
5340	1.8905
5350	1.9240
5360	1.9305
5370	1.8765
5380	1.8930
5390	1.8680
5400	1.8005
5410	1.8250
5420	1.8530
5430	1.8520
5440	1.8790
5450	1.8900
5460	1.8900
5470	1.8560
5480	1.8480
5490	1.8790
5500	1.8785
5510	1.8665
5520	1.8585
5530	1.8640
5540	1.8900
5550	1.8975
5560	1.8590
5570	1.8335
5580	1.8165
5590	1.7975
5600	1.8255
5610	1.8335
5620	1.8370
5630	1.8555
5640	1.8575
5650	1.8260
5660	1.8135
5670	1.8580
5680	1.8485
5690	1.8350
5700	1.8145
5710	1.7960
5720	1.8575
5730	1.8840
5740	1.8715
5750	1.8485
5760	1.8380
5770	1.8515
5780	1.8200
5790	1.8055
5800	1.8330
5810	1.8455
5820	1.8630
5830	1.8650
5840	1.8585
5850	1.8215
5860	1.8065
5870	1.8390
5880	1.7990
5890	1.6810
5900	1.7125
5910	1.8000
5920	1.7975
5930	1.8020
5940	1.7845
5950	1.7775
5960	1.7935
5970	1.7925
5980	1.7685
5990	1.7655
6000	1.7600
6010	1.7485
6020	1.7350
6030	1.7530
6040	1.7815
6050	1.7695
6060	1.7610
6070	1.7580
6080	1.7500
6090	1.7435
6100	1.7235
6110	1.7245
6120	1.7255
6130	1.6940
6140	1.6980
6150	1.7130
6160	1.6610
6170	1.6580
6180	1.7155
6190	1.7155
6200	1.7205
6210	1.7120
6220	1.7015
6230	1.6895
6240	1.6610
6250	1.6440
6260	1.6645
6270	1.6970
6280	1.6970
6290	1.6870
6300	1.6643
6310	1.6390
6320	1.6450
6330	1.6510
6340	1.6535
6350	1.6560
6360	1.6550
6370	1.6540
6380	1.6525
6390	1.6510
6400	1.6325
6410	1.6140
6420	1.6175
6430	1.6210
6440	1.6240
6450	1.6270
6460	1.6150
6470	1.6030
6480	1.5805
6490	1.5580
6500	1.5820
6510	1.6060
6520	1.6025
6530	1.5990
6540	1.5655
6550	1.5320
6560	1.4580
6570	1.3840
6580	1.4665
6590	1.5490
6600	1.5600
6610	1.5710
6620	1.5630
6630	1.5550
6640	1.5575
6650	1.5600
6660	1.5475
6670	1.5350
6680	1.5405
6690	1.5460
6700	1.5310
6710	1.5160
6720	1.5185
6730	1.5210
6740	1.5155
6750	1.5100
6760	1.5090
6770	1.5080
6780	1.5030
6790	1.4980
6800	1.4950
6810	1.4920
6820	1.4855
6830	1.4790
6840	1.4670
6850	1.4550
6860	1.4610
6870	1.4670
6880	1.4640
6890	1.4610
6900	1.4545
6910	1.4480
6920	1.4480
6930	1.4480
6940	1.4420
6950	1.4360
6960	1.4260
6970	1.4160
6980	1.4205
6990	1.4250
7000	1.4055
7010	1.3860
7020	1.3870
7030	1.3880
7040	1.4015
7050	1.4150
7060	1.4075
7070	1.4000
7080	1.3920
7090	1.3840
7100	1.3845
7110	1.3850
7120	1.3790
7130	1.3730
7140	1.3695
7150	1.3660
7160	1.3600
7170	1.3540
7180	1.3410
7190	1.3280
7200	1.3295
7210	1.3310
7220	1.3395
7230	1.3480
7240	1.3490
7250	1.3500
7260	1.3480
7270	1.3460
7280	1.3325
7290	1.3190
7300	1.3225
7310	1.3260
7320	1.3220
7330	1.3180
7340	1.3135
7350	1.3090
7360	1.3080
7370	1.3070
7380	1.2925
7390	1.2780
7400	1.2680
7410	1.2580
7420	1.2720
7430	1.2860
7440	1.2825
7450	1.2790
7460	1.2810
7470	1.2830
7480	1.2765
7490	1.2700
7500	1.2660
7510	1.2620
7520	1.2605
7530	1.2590
7540	1.2570
7550	1.2550
7560	1.2515
7570	1.2480
7580	1.2440
7590	1.2400
7600	1.2385
7610	1.2370
7620	1.2390
7630	1.2410
7640	1.2310
7650	1.2210
7660	1.2030
7670	1.1850
7680	1.1940
7690	1.2030
7700	1.2035
7710	1.2040
7720	1.2060
7730	1.2080
7740	1.1980
7750	1.1880
7760	1.1920
7770	1.1960
7780	1.1915
7790	1.1870
7800	1.1870
7810	1.1870
7820	1.1815
7830	1.1760
7840	1.1780
7850	1.1800
7860	1.1785
7870	1.1770
7880	1.1755
7890	1.1740
7900	1.1660
7910	1.1580
7920	1.1505
7930	1.1430
7940	1.1385
7950	1.1340
7960	1.1430
7970	1.1520
7980	1.1435
7990	1.1350
8000	1.1385
8010	1.1420
8020	1.1355
8030	1.1290
8040	1.1220
8050	1.1150
8060	1.1175
8070	1.1200
8080	1.1075
8090	1.0950
8100	1.1045
8110	1.1140
8120	1.1145
8130	1.1150
8140	1.1110
8150	1.1070
8160	1.1055
8170	1.1040
8180	1.0835
8190	1.0630
8200	1.0715
8210	1.0800
8220	1.0765
8230	1.0730
8240	1.0740
8250	1.0750
8260	1.0800
8270	1.0805
8280	1.0810
8290	1.0720
8300	1.0630
8310	1.0570
8320	1.0510
8330	1.0460
8340	1.0410
8350	1.0465
8360	1.0520
8370	1.0480
8380	1.0440
8390	1.0420
8400	1.0400
8410	1.0380
8420	1.0360
8430	1.0300
8440	1.0240
8450	1.0260
8460	1.0280
8470	1.0255
8480	1.0230
8490	0.9945
8500	0.9660
8510	0.9811
8520	0.9961
8530	0.9371
8540	0.8780
8550	0.9268
8560	0.9755
8570	0.9903
8580	1.0050
8590	1.0009
8600	0.9969
8610	0.9959
8620	0.9949
8630	0.9971
8640	0.9993
8650	0.9428
8660	0.8862
8670	0.9129
8680	0.9395
8690	0.9571
8700	0.9747
8710	0.9790
8720	0.9833
8730	0.9773
8740	0.9713
8750	0.9677
8760	0.9640
8770	0.9695
8780	0.9749
8790	0.9652
8800	0.9554
8810	0.9533
8820	0.9511
8830	0.9545
8840	0.9579
8850	0.9481
8860	0.9383
8870	0.9413
8880	0.9443
8890	0.9487
8900	0.9530
8910	0.9462
8920	0.9394
8930	0.9363
8940	0.9332
8950	0.9360
8960	0.9387
8970	0.9363
8980	0.9339
8990	0.9249
9000	0.9158
9010	0.9037
9020	0.8916
9030	0.9101
9040	0.9285
9050	0.9231
9060	0.9176
9070	0.9101
9080	0.9025
9090	0.8971
9100	0.8916
9110	0.8942
9120	0.8967
9130	0.9019
9140	0.9071
9150	0.9038
9160	0.9004
9170	0.8978
9180	0.8951
9190	0.8930
9200	0.8908
9210	0.8769
9220	0.8630
9230	0.8608
9240	0.8585
9250	0.8599
9260	0.8612
9270	0.8691
9280	0.8769
9290	0.8723
9300	0.8677
9310	0.8664
9320	0.8651
9330	0.8646
9340	0.8641
9350	0.8594
9360	0.8547
9370	0.8564
9380	0.8580
9390	0.8509
9400	0.8438
9410	0.8344
9420	0.8250
9430	0.8287
9440	0.8324
9450	0.8350
9460	0.8375
9470	0.8391
9480	0.8407
9490	0.8388
9500	0.8369
9510	0.8343
9520	0.8317
9530	0.8199
9540	0.8080
9550	0.8081
9560	0.8082
9570	0.8135
9580	0.8188
9590	0.8170
9600	0.8151
9610	0.8120
9620	0.8089
9630	0.8051
9640	0.8013
9650	0.7980
9660	0.7947
9670	0.7958
9680	0.7969
9690	0.7964
9700	0.7959
9710	0.7948
9720	0.7936
9730	0.7876
9740	0.7815
9750	0.7820
9760	0.7825
9770	0.7802
9780	0.7779
9790	0.7763
9800	0.7746
9810	0.7755
9820	0.7764
9830	0.7731
9840	0.7698
9850	0.7680
9860	0.7661
9870	0.7638
9880	0.7615
9890	0.7578
9900	0.7541
9910	0.7554
9920	0.7567
9930	0.7562
9940	0.7556
9950	0.7541
9960	0.7525
9970	0.7518
9980	0.7510
9990	0.7495
10000	0.7479
10010	0.7474
10020	0.7469
10030	0.7365
10040	0.7261
10050	0.7199
10060	0.7136
10070	0.7236
10080	0.7335
10090	0.7324
10100	0.7313
10110	0.7288
10120	0.7262
10130	0.7236
10140	0.7210
10150	0.7175
10160	0.7139
10170	0.7123
10180	0.7107
10190	0.7074
10200	0.7041
10210	0.7031
10220	0.7021
10230	0.7038
10240	0.7054
10250	0.7041
10260	0.7027
10270	0.7008
10280	0.6989
10290	0.6963
10300	0.6937
10310	0.6921
10320	0.6905
10330	0.6861
10340	0.6817
10350	0.6829
10360	0.6840
10370	0.6806
10380	0.6772
10390	0.6767
10400	0.6761
10410	0.6754
10420	0.6746
10430	0.6730
10440	0.6714
10450	0.6657
10460	0.6600
10470	0.6622
10480	0.6644
10490	0.6633
10500	0.6622
10510	0.6604
10520	0.6586
10530	0.6568
10540	0.6549
10550	0.6553
10560	0.6557
10570	0.6504
10580	0.6451
10590	0.6433
10600	0.6415
10610	0.6427
10620	0.6438
10630	0.6449
10640	0.6459
10650	0.6427
10660	0.6395
10670	0.6356
10680	0.6317
10690	0.6279
10700	0.6241
10710	0.6284
10720	0.6326
10730	0.6301
10740	0.6276
10750	0.6278
10760	0.6280
10770	0.6276
10780	0.6272
10790	0.6260
10800	0.6247
10810	0.6173
10820	0.6099
10830	0.6140
10840	0.6180
10850	0.6194
10860	0.6208
10870	0.6156
10880	0.6103
10890	0.6151
10900	0.6199
10910	0.6179
10920	0.6159
10930	0.6004
10940	0.5849
10950	0.5916
10960	0.5983
10970	0.5972
10980	0.5961
10990	0.6002
11000	0.6042
11010	0.5987
11020	0.5932
11030	0.5953
11040	0.5974
11050	0.5960
11060	0.5945
11070	0.5931
11080	0.5916
11090	0.5911
11100	0.5906
11110	0.5875
11120	0.5843
11130	0.5844
11140	0.5844
11150	0.5838
11160	0.5831
11170	0.5823
11180	0.5815
11190	0.5778
11200	0.5741
11210	0.5769
11220	0.5796
11230	0.5783
11240	0.5769
11250	0.5712
11260	0.5655
11270	0.5678
11280	0.5700
11290	0.5677
11300	0.5653
11310	0.5666
11320	0.5678
11330	0.5658
11340	0.5638
11350	0.5648
11360	0.5658
11370	0.5614
11380	0.5569
11390	0.5550
11400	0.5530
11410	0.5531
11420	0.5531
11430	0.5523
11440	0.5514
11450	0.5531
11460	0.5548
11470	0.5537
11480	0.5525
11490	0.5507
11500	0.5489
11510	0.5474
11520	0.5458
11530	0.5469
11540	0.5479
11550	0.5467
11560	0.5455
11570	0.5445
11580	0.5435
11590	0.5378
11600	0.5320
11610	0.5323
11620	0.5325
11630	0.5329
11640	0.5332
11650	0.5318
11660	0.5303
11670	0.5308
11680	0.5312
11690	0.5294
11700	0.5276
11710	0.5296
11720	0.5315
11730	0.5294
11740	0.5273
11750	0.5229
11760	0.5184
11770	0.5187
11780	0.5190
11790	0.5215
11800	0.5239
11810	0.5199
11820	0.5159
11830	0.5131
11840	0.5103
11850	0.5145
11860	0.5187
11870	0.5131
11880	0.5075
11890	0.5080
11900	0.5085
11910	0.5123
11920	0.5161
11930	0.5153
11940	0.5145
11950	0.5115
11960	0.5084
11970	0.5014
11980	0.4943
11990	0.4973
12000	0.5003
12010	0.5036
12020	0.5068
12030	0.5008
12040	0.4948
12050	0.4994
12060	0.5039
12070	0.4965
12080	0.4890
12090	0.4886
12100	0.4882
12110	0.4908
12120	0.4933
12130	0.4938
12140	0.4942
12150	0.4936
12160	0.4930
12170	0.4914
12180	0.4897
12190	0.4886
12200	0.4875
12210	0.4865
12220	0.4854
12230	0.4850
12240	0.4846
12250	0.4832
12260	0.4817
12270	0.4794
12280	0.4771
12290	0.4782
12300	0.4792
12310	0.4771
12320	0.4750
12330	0.4740
12340	0.4729
12350	0.4724
12360	0.4719
12370	0.4711
12380	0.4703
12390	0.4678
12400	0.4653
12410	0.4648
12420	0.4642
12430	0.4631
12440	0.4619
12450	0.4627
12460	0.4635
12470	0.4634
12480	0.4633
12490	0.4629
12500	0.4624
12510	0.4598
12520	0.4571
12530	0.4573
12540	0.4574
12550	0.4563
12560	0.4551
12570	0.4542
12580	0.4533
12590	0.4532
12600	0.4530
12610	0.4514
12620	0.4497
12630	0.4488
12640	0.4478
12650	0.4473
12660	0.4467
12670	0.4442
12680	0.4417
12690	0.4435
12700	0.4453
12710	0.4453
12720	0.4452
12730	0.4442
12740	0.4431
12750	0.4441
12760	0.4451
12770	0.4446
12780	0.4440
12790	0.4398
12800	0.4356
12810	0.4185
12820	0.4014
12830	0.4137
12840	0.4259
12850	0.4294
12860	0.4328
12870	0.4321
12880	0.4314
12890	0.4285
12900	0.4255
12910	0.4255
12920	0.4254
12930	0.4239
12940	0.4223
12950	0.4224
12960	0.4224
12970	0.4204
12980	0.4184
12990	0.4185
13000	0.4186
13010	0.4163
13020	0.4139
13030	0.4125
13040	0.4111
13050	0.4124
13060	0.4136
13070	0.4130
13080	0.4123
13090	0.4115
13100	0.4106
13110	0.4070
13120	0.4033
13130	0.4028
13140	0.4022
13150	0.4001
13160	0.3979
13170	0.3998
13180	0.4017
13190	0.4017
13200	0.4016
13210	0.4001
13220	0.3986
13230	0.3984
13240	0.3981
13250	0.3965
13260	0.3949
13270	0.3929
13280	0.3908
13290	0.3893
13300	0.3878
13310	0.3871
13320	0.3863
13330	0.3878
13340	0.3892
13350	0.3879
13360	0.3866
13370	0.3849
13380	0.3832
13390	0.3811
13400	0.3790
13410	0.3798
13420	0.3805
13430	0.3802
13440	0.3798
13450	0.3785
13460	0.3772
13470	0.3769
13480	0.3766
13490	0.3745
13500	0.3724
13510	0.3733
13520	0.3742
13530	0.3732
13540	0.3722
13550	0.3699
13560	0.3675
13570	0.3682
13580	0.3688
13590	0.3681
13600	0.3673
13610	0.3675
13620	0.3677
13630	0.3667
13640	0.3657
13650	0.3657
13660	0.3657
13670	0.3643
13680	0.3628
13690	0.3614
13700	0.3599
13710	0.3610
13720	0.3621
13730	0.3616
13740	0.3611
13750	0.3586
13760	0.3561
13770	0.3571
13780	0.3580
13790	0.3580
13800	0.3579
13810	0.3562
13820	0.3545
13830	0.3546
13840	0.3547
13850	0.3540
13860	0.3532
13870	0.3531
13880	0.3530
13890	0.3518
13900	0.3506
13910	0.3510
13920	0.3513
13930	0.3501
13940	0.3488
13950	0.3488
13960	0.3487
13970	0.3490
13980	0.3492
13990	0.3460
14000	0.3427
14010	0.3433
14020	0.3439
14030	0.3434
14040	0.3428
14050	0.3430
14060	0.3431
14070	0.3429
14080	0.3427
14090	0.3423
14100	0.3418
14110	0.3383
14120	0.3348
14130	0.3363
14140	0.3377
14150	0.3381
14160	0.3385
14170	0.3386
14180	0.3386
14190	0.3372
14200	0.3357
14210	0.3336
14220	0.3315
14230	0.3313
14240	0.3311
14250	0.3296
14260	0.3281
14270	0.3283
14280	0.3285
14290	0.3271
14300	0.3257
14310	0.3279
14320	0.3300
14330	0.3292
14340	0.3284
14350	0.3285
14360	0.3285
14370	0.3284
14380	0.3283
14390	0.3236
14400	0.3188
14410	0.3187
14420	0.3186
14430	0.3192
14440	0.3197
14450	0.3207
14460	0.3216
14470	0.3216
14480	0.3216
14490	0.3202
14500	0.3187
14510	0.3171
14520	0.3154
14530	0.3149
14540	0.3143
14550	0.3137
14560	0.3131
14570	0.3149
14580	0.3167
14590	0.3162
14600	0.3156
14610	0.3139
14620	0.3121
14630	0.3113
14640	0.3105
14650	0.3107
14660	0.3108
14670	0.3111
14680	0.3114
14690	0.3108
14700	0.3102
14710	0.3088
14720	0.3073
14730	0.3054
14740	0.3034
14750	0.3041
14760	0.3048
14770	0.3046
14780	0.3044
14790	0.3056
14800	0.3068
14810	0.3056
14820	0.3044
14830	0.3042
14840	0.3039
14850	0.3036
14860	0.3033
14870	0.2944
14880	0.2855
14890	0.2935
14900	0.3015
14910	0.3017
14920	0.3018
14930	0.3026
14940	0.3033
14950	0.3003
14960	0.2972
14970	0.2983
14980	0.2994
14990	0.3003
15000	0.3011
15010	0.2968
15020	0.2924
15030	0.2862
15040	0.2799
15050	0.2824
15060	0.2848
15070	0.2884
15080	0.2919
15090	0.2933
15100	0.2947
15110	0.2930
15120	0.2913
15130	0.2898
15140	0.2883
15150	0.2883
15160	0.2882
15170	0.2883
15180	0.2884
15190	0.2875
15200	0.2866
15210	0.2845
15220	0.2824
15230	0.2830
15240	0.2835
15250	0.2841
15260	0.2846
15270	0.2846
15280	0.2846
15290	0.2806
15300	0.2765
15310	0.2794
15320	0.2823
15330	0.2804
15340	0.2784
15350	0.2795
15360	0.2806
15370	0.2790
15380	0.2773
15390	0.2752
15400	0.2730
15410	0.2742
15420	0.2753
15430	0.2766
15440	0.2778
15450	0.2775
15460	0.2772
15470	0.2742
15480	0.2711
15490	0.2712
15500	0.2713
15510	0.2722
15520	0.2731
15530	0.2704
15540	0.2676
15550	0.2674
15560	0.2671
15570	0.2680
15580	0.2689
15590	0.2686
15600	0.2683
15610	0.2690
15620	0.2697
15630	0.2683
15640	0.2669
15650	0.2662
15660	0.2654
15670	0.2644
15680	0.2633
15690	0.2639
15700	0.2645
15710	0.2659
15720	0.2673
15730	0.2642
15740	0.2610
15750	0.2573
15760	0.2536
15770	0.2542
15780	0.2547
15790	0.2599
15800	0.2650
15810	0.2620
15820	0.2590
15830	0.2591
15840	0.2591
15850	0.2595
15860	0.2599
15870	0.2545
15880	0.2490
15890	0.2448
15900	0.2405
15910	0.2466
15920	0.2526
15930	0.2555
15940	0.2583
15950	0.2545
15960	0.2506
15970	0.2526
15980	0.2545
15990	0.2529
16000	0.2512
16010	0.2501
16020	0.2489
16030	0.2493
16040	0.2497
16050	0.2487
16060	0.2477
16070	0.2484
16080	0.2491
16090	0.2446
16100	0.2400
16110	0.2415
16120	0.2430
16130	0.2440
16140	0.2449
16150	0.2412
16160	0.2374
16170	0.2399
16180	0.2423
16190	0.2396
16200	0.2369
16210	0.2376
16220	0.2383
16230	0.2400
16240	0.2416
16250	0.2409
16260	0.2402
16270	0.2410
16280	0.2418
16290	0.2406
16300	0.2393
16310	0.2390
16320	0.2387
16330	0.2373
16340	0.2359
16350	0.2358
16360	0.2357
16370	0.2316
16380	0.2274
16390	0.2268
16400	0.2262
16410	0.2264
16420	0.2266
16430	0.2272
16440	0.2278
16450	0.2286
16460	0.2294
16470	0.2293
16480	0.2292
16490	0.2282
16500	0.2272
16510	0.2270
16520	0.2268
16530	0.2265
16540	0.2262
16550	0.2261
16560	0.2260
16570	0.2256
16580	0.2252
16590	0.2249
16600	0.2245
16610	0.2246
16620	0.2246
16630	0.2237
16640	0.2227
16650	0.2220
16660	0.2212
16670	0.2203
16680	0.2193
16690	0.2209
16700	0.2225
16710	0.2199
16720	0.2173
16730	0.2183
16740	0.2193
16750	0.2177
16760	0.2161
16770	0.2165
16780	0.2168
16790	0.2124
16800	0.2080
16810	0.2067
16820	0.2054
16830	0.2092
16840	0.2129
16850	0.2130
16860	0.2131
16870	0.2126
16880	0.2120
16890	0.2113
16900	0.2105
16910	0.2114
16920	0.2123
16930	0.2118
16940	0.2112
16950	0.2106
16960	0.2100
16970	0.2095
16980	0.2089
16990	0.2076
17000	0.2063
17020	0.1993
17050	0.2051
17100	0.2013
17150	0.2030
17200	0.1993
17250	0.1968
17300	0.1984
17350	0.1851
17400	0.1905
17450	0.1887
17500	0.1858
17550	0.1853
17600	0.1831
17650	0.1812
17700	0.1791
17750	0.1778
17800	0.1756
17850	0.1737
17900	0.1733
17950	0.1708
18000	0.1699
18050	0.1688
18100	0.1686
18150	0.1632
18200	0.1596
18250	0.1626
18300	0.1606
18350	0.1583
18400	0.1562
18450	0.1538
18500	0.1546
18550	0.1517
18600	0.1503
18650	0.1502
18700	0.1508
18750	0.1350
18800	0.1462
18850	0.1452
18900	0.1424
18950	0.1385
19000	0.1397
19050	0.1388
19100	0.1378
19150	0.1365
19200	0.1333
19250	0.1343
19300	0.1313
19350	0.1324
19400	0.1299
19450	0.1198
19500	0.1261
19550	0.1281
19600	0.1261
19650	0.1227
19700	0.1239
19750	0.1216
19800	0.1196
19850	0.1188
19900	0.1198
19950	0.1168
20000	0.1170
20050	0.1148
20100	0.1149
20150	0.1138
20200	0.1116
20250	0.1116
20300	0.1086
20350	0.1088
20400	0.1078
20450	0.1074
20500	0.1059
20550	0.1046
20600	0.1028
20650	0.1015
20700	0.1003
20750	0.1008
20800	0.0988
20850	0.0981
20900	0.0979
20950	0.0959
21000	0.0961
21050	0.0957
21100	0.0940
21150	0.0938
21200	0.0928
21250	0.0920
21300	0.0921
21350	0.0908
21400	0.0908
21450	0.0897
21500	0.0896
21550	0.0888
21600	0.0878
21650	0.0815
21700	0.0856
21750	0.0856
21800	0.0850
21850	0.0846
21900	0.0830
21950	0.0833
22000	0.0827
22050	0.0809
22100	0.0808
22150	0.0803
22200	0.0800
22250	0.0787
22300	0.0783
22350	0.0778
22400	0.0764
22450	0.0762
22500	0.0754
22550	0.0741
22600	0.0742
22650	0.0732
22700	0.0730
22750	0.0725
22800	0.0717
22850	0.0712
22900	0.0711
22950	0.0691
23000	0.0695
23050	0.0693
23100	0.0687
23150	0.0680
23200	0.0677
23250	0.0655
23300	0.0662
23350	0.0655
23400	0.0652
23450	0.0650
23500	0.0645
23550	0.0626
23600	0.0631
23650	0.0629
23700	0.0621
23750	0.0612
23800	0.0617
23850	0.0590
23900	0.0603
23950	0.0600
24000	0.0594
24050	0.0593
24100	0.0590
24150	0.0567
24200	0.0577
24250	0.0572
24300	0.0571
24350	0.0563
24400	0.0564
24450	0.0555
24500	0.0546
24550	0.0541
24600	0.0546
24650	0.0542
24700	0.0529
24750	0.0533
24800	0.0518
24850	0.0519
24900	0.0523
24950	0.0516
25000	0.0516
25050	0.0511
25100	0.0507
25150	0.0503
25200	0.0498
25250	0.0494
25300	0.0490
25350	0.0486
25400	0.0481
25450	0.0478
25500	0.0474
25550	0.0471
25600	0.0467
25650	0.0464
25700	0.0461
25750	0.0458
25800	0.0455
25850	0.0453
25900	0.0450
25950	0.0448
26000	0.0446
26050	0.0442
26100	0.0438
26150	0.0434
26200	0.0431
26250	0.0428
26300	0.0426
26350	0.0423
26400	0.0421
26450	0.0418
26500	0.0415
26550	0.0411
26600	0.0408
26650	0.0405
26700	0.0402
26750	0.0400
26800	0.0397
26850	0.0394
26900	0.0392
26950	0.0389
27000	0.0387
27050	0.0384
27100	0.0382
27150	0.0379
27200	0.0376
27250	0.0374
27300	0.0371
27350	0.0369
27400	0.0366
27450	0.0363
27500	0.0360
27550	0.0358
27600	0.0355
27650	0.0353
27700	0.0351
27750	0.0349
27800	0.0347
27850	0.0345
27900	0.0343
27950	0.0341
28000	0.0339
28050	0.0336
28100	0.0334
28150	0.0332
28200	0.0330
28250	0.0328
28300	0.0325
28350	0.0323
28400	0.0321
28450	0.0319
28500	0.0316
28550	0.0314
28600	0.0312
28650	0.0310
28700	0.0308
28750	0.0305
28800	0.0303
28850	0.0302
28900	0.0300
28950	0.0298
29000	0.0297
29050	0.0295
29100	0.0293
29150	0.0291
29200	0.0289
29250	0.0287
29300	0.0285
29350	0.0284
29400	0.0282
29450	0.0280
29500	0.0278
29550	0.0277
29600	0.0275
29650	0.0273
29700	0.0272
29750	0.0270
29800	0.0268
29850	0.0266
29900	0.0265
29950	0.0263
30000	0.0261
30050	0.0260
30100	0.0258
30150	0.0256
30200	0.0255
30250	0.0253
30300	0.0251
30350	0.0249
30400	0.0247
30450	0.0245
30500	0.0244
30550	0.0243
30600	0.0242
30650	0.0241
30700	0.0239
30750	0.0238
30800	0.0236
30850	0.0235
30900	0.0234
30950	0.0232
31000	0.0231
31050	0.0229
31100	0.0228
31150	0.0226
31200	0.0225
31250	0.0223
31300	0.0222
31350	0.0221
31400	0.0220
31450	0.0218
31500	0.0217
31550	0.0216
31600	0.0214
31650	0.0213
31700	0.0212
31750	0.0211
31800	0.0210
31850	0.0208
31900	0.0207
31950	0.0206
32000	0.0205
32050	0.0204
32100	0.0202
32150	0.0201
32200	0.0200
32250	0.0199
32300	0.0198
32350	0.0196
32400	0.0195
32450	0.0194
32500	0.0193
32550	0.0192
32600	0.0191
32650	0.0189
32700	0.0188
32750	0.0187
32800	0.0186
32850	0.0184
32900	0.0183
32950	0.0182
33000	0.0180
33050	0.0179
33100	0.0179
33150	0.0178
33200	0.0177
33250	0.0176
33300	0.0175
33350	0.0174
33400	0.0174
33450	0.0173
33500	0.0172
33550	0.0171
33600	0.0170
33650	0.0169
33700	0.0168
33750	0.0167
33800	0.0166
33850	0.0165
33900	0.0164
33950	0.0163
34000	0.0162
34050	0.0161
34100	0.0160
34150	0.0159
34200	0.0158
34250	0.0158
34300	0.0157
34350	0.0156
34400	0.0155
34450	0.0155
34500	0.0154
34550	0.0153
34600	0.0152
34650	0.0151
34700	0.0150
34750	0.0149
34800	0.0149
34850	0.0148
34900	0.0147
34950	0.0146
35000	0.0146
35050	0.0145
35100	0.0144
35150	0.0143
35200	0.0143
35250	0.0142
35300	0.0141
35350	0.0140
35400	0.0139
35450	0.0139
35500	0.0138
35550	0.0137
35600	0.0136
35650	0.0136
35700	0.0135
35750	0.0134
35800	0.0133
35850	0.0133
35900	0.0132
35950	0.0131
36000	0.0131
36050	0.0130
36100	0.0129
36150	0.0129
36200	0.0128
36250	0.0127
36300	0.0127
36350	0.0126
36400	0.0125
36450	0.0124
36500	0.0124
36550	0.0123
36600	0.0122
36650	0.0121
36700	0.0121
36750	0.0120
36800	0.0119
36850	0.0119
36900	0.0118
36950	0.0117
37000	0.0116
37050	0.0116
37100	0.0115
37150	0.0115
37200	0.0115
37250	0.0114
37300	0.0113
37350	0.0112
37400	0.0111
37450	0.0111
37500	0.0110
37550	0.0110
37600	0.0110
37650	0.0109
37700	0.0109
37750	0.0108
37800	0.0108
37850	0.0107
37900	0.0107
37950	0.0106
38000	0.0106
38050	0.0105
38100	0.0105
38150	0.0104
38200	0.0104
38250	0.0103
38300	0.0103
38350	0.0102
38400	0.0102
38450	0.0101
38500	0.0101
38550	0.0100
38600	0.0100
38650	0.0099
38700	0.0099
38750	0.0098
38800	0.0098
38850	0.0097
38900	0.0097
38950	0.0096
39000	0.0096
39050	0.0096
39100	0.0095
39150	0.0095
39200	0.0094
39250	0.0094
39300	0.0093
39350	0.0093
39400	0.0092
39450	0.0092
39500	0.0091
39550	0.0091
39600	0.0090
39650	0.0090
39700	0.0089
39750	0.0089
39800	0.0089
39850	0.0088
39900	0.0088
39950	0.0087
40000	0.0087
