Gueymard_2004	
1366.1	
2800	0.07846
2805	0.1023
2810	0.1716
2815	0.241
2820	0.2916
2825	0.3142
2830	0.3429
2835	0.3223
2840	0.3211
2845	0.2514
2850	0.1185
2855	0.1377
2860	0.3006
2865	0.3581
2870	0.3778
2875	0.3782
2880	0.2504
2885	0.3588
2890	0.4201
2895	0.4911
2900	0.6177
2905	0.6459
2910	0.6097
2915	0.602
2920	0.5728
2925	0.4965
2930	0.5672
2935	0.576
2940	0.5039
2945	0.5434
2950	0.516
2955	0.5821
2960	0.621
2965	0.4926
2970	0.4241
2975	0.5976
2980	0.5577
2985	0.3788
2990	0.5767
2995	0.5214
3000	0.4166
3005	0.4391
3010	0.4939
3015	0.5295
3020	0.3743
3025	0.5437
3030	0.6767
3035	0.6886
3040	0.5771
3045	0.6481
3050	0.6729
3055	0.6124
3060	0.5422
3065	0.5857
3070	0.6442
3075	0.6515
3080	0.6563
3085	0.6802
3090	0.5619
3095	0.5133
3100	0.4648
3105	0.7144
3110	0.8236
3115	0.7643
3120	0.6417
3125	0.6965
3130	0.711
3135	0.7252
3140	0.7931
3145	0.5927
3150	0.7536
3155	0.68
3160	0.518
3165	0.6628
3170	0.8224
3175	0.8798
3180	0.6342
3185	0.682
3190	0.753
3195	0.6829
3200	0.8363
3205	0.9076
3210	0.7151
3215	0.6749
3220	0.8146
3225	0.7013
3230	0.6399
3235	0.6829
3240	0.7812
3245	0.8264
3250	0.784
3255	0.9411
3260	1.052
3265	0.9968
3270	1.009
3275	0.9959
3280	0.9529
3285	0.9132
3290	1.024
3295	1.139
3300	1.162
3305	0.9725
3310	1.005
3315	0.9815
3320	1.006
3325	0.9721
3330	0.979
3335	0.9164
3340	0.9417
3345	1.04
3350	0.9537
3355	1.072
3360	0.7396
3365	0.9049
3370	0.7526
3375	0.9392
3380	0.8864
3385	0.9904
3390	0.9808
3395	0.938
3400	1.133
3405	1.016
3410	0.964
3415	0.888
3420	1.06
3425	0.9903
3430	1.084
3435	1.017
3440	0.7664
3445	0.7515
3450	0.9981
3455	1.018
3460	0.864
3465	0.9766
3470	1.044
3475	0.8414
3480	0.9597
3485	0.9591
3490	0.8876
3495	0.876
3500	1.081
3505	1.138
3510	1.014
3515	0.9808
3520	1.053
3525	0.821
3530	1.032
3535	1.102
3540	1.143
3545	1.158
3550	1.152
3555	1.038
3560	1.084
3565	0.9246
3570	0.7635
3575	0.9338
3580	0.7391
3585	0.6309
3590	0.8815
3595	1.122
3600	1.188
3605	0.9484
3610	0.8627
3615	0.9897
3620	0.8526
3625	1.176
3630	1.053
3635	0.9672
3640	1.18
3645	1.007
3650	1.024
3655	1.283
3660	1.356
3665	1.271
3670	1.236
3675	1.281
3680	1.119
3685	1.127
3690	1.215
3695	1.293
3700	1.376
3705	1.066
3710	1.137
3715	1.421
3720	0.9422
3725	1.128
3730	1.145
3735	0.7436
3740	1.079
3745	0.8919
3750	0.866
3755	1.292
3760	1.07
3765	1.108
3770	1.171
3775	1.368
3780	1.482
3785	1.4
3790	1.155
3795	1.055
3800	1.096
3805	1.325
3810	1.325
3815	1.048
3820	0.9288
3825	0.7899
3830	0.73
3835	0.702
3840	0.7734
3845	1.136
3850	1.125
3855	1.046
3860	0.8946
3865	1.173
3870	0.974
3875	1.093
3880	1.008
3885	0.9949
3890	1.073
3895	1.298
3900	1.301
3905	1.196
3910	1.406
3915	1.433
3920	1.206
3925	1.078
3930	0.5989
3935	0.4347
3940	0.8837
3945	1.122
3950	1.368
3955	1.389
3960	1.203
3965	0.7019
3970	0.5261
3975	1.069
3980	1.497
3985	1.546
3990	1.67
3995	1.663
4000	1.727
4010	1.769
4020	1.861
4030	1.763
4040	1.733
4050	1.73
4060	1.697
4070	1.665
4080	1.729
4090	1.847
4100	1.61
4110	1.74
4120	1.863
4130	1.816
4140	1.834
4150	1.834
4160	1.861
4170	1.813
4180	1.777
4190	1.797
4200	1.787
4210	1.866
4220	1.771
4230	1.727
4240	1.825
4250	1.818
4260	1.765
4270	1.73
4280	1.684
4290	1.59
4300	1.389
4310	1.377
4320	1.773
4330	1.78
4340	1.652
4350	1.725
4360	1.938
4370	1.906
4380	1.732
4390	1.795
4400	1.848
4410	1.91
4420	2.046
4430	1.995
4440	2.034
4450	1.991
4460	1.894
4470	2.042
4480	2.077
4490	2.077
4500	2.131
4510	2.208
4520	2.125
4530	1.996
4540	2.079
4550	2.091
4560	2.138
4570	2.172
4580	2.1
4590	2.086
4600	2.092
4610	2.138
4620	2.15
4630	2.136
4640	2.095
4650	2.063
4660	2.079
4670	2.043
4680	2.066
4690	2.076
4700	2.01
4710	2.006
4720	2.114
4730	2.087
4740	2.094
4750	2.116
4760	2.058
4770	2.067
4780	2.121
4790	2.103
4800	2.102
4810	2.135
4820	2.14
4830	2.108
4840	2.062
4850	1.962
4860	1.712
4870	1.791
4880	1.965
4890	1.973
4900	2.072
4910	2.033
4920	1.919
4930	1.981
4940	2
4950	2.016
4960	2.028
4970	2.059
4980	1.962
4990	1.988
5000	1.932
5010	1.899
5020	1.878
5030	1.961
5040	1.933
5050	1.983
5060	2.048
5070	1.948
5080	1.881
5090	1.929
5100	1.915
5110	1.962
5120	1.981
5130	1.874
5140	1.859
5150	1.84
5160	1.836
5170	1.63
5180	1.714
5190	1.798
5200	1.864
5210	1.882
5220	1.885
5230	1.852
5240	1.921
5250	1.948
5260	1.862
5270	1.758
5280	1.862
5290	1.965
5300	1.938
5310	1.968
5320	1.901
5330	1.845
5340	1.898
5350	1.937
5360	1.953
5370	1.874
5380	1.906
5390	1.89
5400	1.813
5410	1.831
5420	1.891
5430	1.866
5440	1.903
5450	1.896
5460	1.909
5470	1.904
5480	1.879
5490	1.883
5500	1.905
5510	1.881
5520	1.894
5530	1.861
5540	1.906
5550	1.911
5560	1.887
5570	1.83
5580	1.819
5590	1.788
5600	1.812
5610	1.838
5620	1.828
5630	1.882
5640	1.834
5650	1.821
5660	1.797
5670	1.835
5680	1.829
5690	1.807
5700	1.803
5710	1.786
5720	1.843
5730	1.865
5740	1.862
5750	1.832
5760	1.815
5770	1.833
5780	1.8
5790	1.798
5800	1.818
5810	1.817
5820	1.842
5830	1.839
5840	1.85
5850	1.802
5860	1.765
5870	1.81
5880	1.793
5890	1.646
5900	1.716
5910	1.782
5920	1.78
5930	1.784
5940	1.781
5950	1.752
5960	1.779
5970	1.767
5980	1.751
5990	1.746
6000	1.737
6010	1.715
6020	1.702
6030	1.727
6040	1.754
6050	1.743
6060	1.732
6070	1.745
6080	1.722
6090	1.722
6100	1.706
6110	1.713
6120	1.706
6130	1.683
6140	1.657
6150	1.69
6160	1.632
6170	1.627
6180	1.688
6190	1.67
6200	1.681
6210	1.686
6220	1.67
6230	1.648
6240	1.617
6250	1.613
6260	1.638
6270	1.665
6280	1.663
6290	1.663
6300	1.628
6310	1.629
6320	1.604
6330	1.638
6340	1.611
6350	1.631
6360	1.603
6370	1.625
6380	1.633
6390	1.611
6400	1.591
6410	1.587
6420	1.576
6430	1.597
6440	1.588
6450	1.593
6460	1.569
6470	1.577
6480	1.591
6490	1.56
6500	1.529
6510	1.586
6520	1.568
6530	1.566
6540	1.543
6550	1.509
6560	1.321
6570	1.356
6580	1.509
6590	1.513
6600	1.517
6610	1.527
6620	1.537
6630	1.504
6640	1.512
6650	1.506
6660	1.504
6670	1.499
6680	1.496
6690	1.517
6700	1.509
6710	1.507
6720	1.493
6730	1.514
6740	1.507
6750	1.492
6760	1.501
6770	1.485
6780	1.488
6790	1.463
6800	1.474
6810	1.464
6820	1.462
6830	1.459
6840	1.452
6850	1.463
6860	1.456
6870	1.474
6880	1.457
6890	1.454
6900	1.444
6910	1.433
6920	1.42
6930	1.422
6940	1.426
6950	1.426
6960	1.438
6970	1.432
6980	1.412
6990	1.431
7000	1.413
7010	1.41
7020	1.402
7030	1.408
7040	1.422
7050	1.424
7060	1.41
7070	1.407
7080	1.41
7090	1.396
7100	1.403
7110	1.396
7120	1.385
7130	1.377
7140	1.382
7150	1.356
7160	1.363
7170	1.382
7180	1.36
7190	1.335
7200	1.361
7210	1.346
7220	1.345
7230	1.357
7240	1.346
7250	1.337
7260	1.339
7270	1.348
7280	1.324
7290	1.297
7300	1.329
7310	1.319
7320	1.322
7330	1.318
7340	1.332
7350	1.313
7360	1.307
7370	1.317
7380	1.295
7390	1.273
7400	1.292
7410	1.271
7420	1.265
7430	1.295
7440	1.287
7450	1.284
7460	1.29
7470	1.292
7480	1.289
7490	1.274
7500	1.273
7510	1.26
7520	1.265
7530	1.271
7540	1.274
7550	1.267
7560	1.266
7570	1.268
7580	1.253
7590	1.249
7600	1.249
7610	1.245
7620	1.223
7630	1.246
7640	1.239
7650	1.226
7660	1.176
7670	1.216
7680	1.221
7690	1.209
7700	1.209
7710	1.201
7720	1.198
7730	1.205
7740	1.198
7750	1.188
7760	1.202
7770	1.186
7780	1.179
7790	1.18
7800	1.173
7810	1.174
7820	1.181
7830	1.16
7840	1.165
7850	1.158
7860	1.172
7870	1.167
7880	1.161
7890	1.167
7900	1.165
7910	1.149
7920	1.138
7930	1.123
7940	1.11
7950	1.136
7960	1.14
7970	1.139
7980	1.138
7990	1.139
8000	1.129
8010	1.132
8020	1.127
8030	1.122
8040	1.12
8050	1.106
8060	1.121
8070	1.112
8080	1.11
8090	1.101
8100	1.104
8110	1.115
8120	1.116
8130	1.118
8140	1.111
8150	1.105
8160	1.103
8170	1.099
8180	1.077
8190	1.071
8200	1.064
8210	1.063
8220	1.065
8230	1.076
8240	1.073
8250	1.07
8260	1.078
8270	1.076
8280	1.07
8290	1.063
8300	1.06
8310	1.054
8320	1.057
8330	1.024
8340	1.029
8350	1.045
8360	1.05
8370	1.045
8380	1.029
8390	1.026
8400	1.043
8410	1.037
8420	1.028
8430	1.016
8440	1.009
8450	1.033
8460	1.027
8470	1.004
8480	1.003
8490	0.9749
8500	0.933
8510	0.9939
8520	0.9844
8530	0.9427
8540	0.8179
8550	0.893
8560	0.9783
8570	0.9964
8580	0.9905
8590	0.9894
8600	0.9896
8610	0.9847
8620	0.9994
8630	1.023
8640	0.9716
8650	0.9627
8660	0.8656
8670	0.9032
8680	0.9827
8690	0.9621
8700	0.9894
8710	0.976
8720	0.9723
8730	0.9703
8740	0.9587
8750	0.9395
8760	0.9496
8770	0.9588
8780	0.9702
8790	0.955
8800	0.9344
8810	0.9231
8820	0.9436
8830	0.9448
8840	0.941
8850	0.948
8860	0.9126
8870	0.9158
8880	0.9357
8890	0.936
8900	0.9387
8910	0.9316
8920	0.9167
8930	0.9112
8940	0.9134
8950	0.9098
8960	0.9232
8970	0.9093
8980	0.9131
8990	0.9104
9000	0.8896
9010	0.859
9020	0.8678
9030	0.9008
9040	0.9098
9050	0.9072
9060	0.8862
9070	0.8934
9080	0.8777
9090	0.8598
9100	0.8768
9110	0.8722
9120	0.8734
9130	0.8926
9140	0.882
9150	0.8747
9160	0.8785
9170	0.8661
9180	0.8703
9190	0.8733
9200	0.8626
9210	0.841
9220	0.8378
9230	0.8148
9240	0.8406
9250	0.8404
9260	0.8297
9270	0.8561
9280	0.8575
9290	0.8461
9300	0.8505
9310	0.8505
9320	0.846
9330	0.8492
9340	0.8471
9350	0.8371
9360	0.833
9370	0.8389
9380	0.8382
9390	0.8322
9400	0.8224
9410	0.7925
9420	0.809
9430	0.8189
9440	0.8079
9450	0.816
9460	0.8189
9470	0.8207
9480	0.8214
9490	0.8207
9500	0.8149
9510	0.8105
9520	0.8112
9530	0.8038
9540	0.7792
9550	0.766
9560	0.7984
9570	0.7922
9580	0.8008
9590	0.8016
9600	0.7903
9610	0.7941
9620	0.7873
9630	0.7834
9640	0.7831
9650	0.78
9660	0.7737
9670	0.7804
9680	0.7793
9690	0.7788
9700	0.778
9710	0.7756
9720	0.7774
9730	0.7692
9740	0.7598
9750	0.769
9760	0.7647
9770	0.763
9780	0.7619
9790	0.7555
9800	0.7594
9810	0.7635
9820	0.7609
9830	0.7554
9840	0.7544
9850	0.755
9860	0.7494
9870	0.7479
9880	0.7489
9890	0.7371
9900	0.7402
9910	0.7415
9920	0.7438
9930	0.7418
9940	0.7418
9950	0.7385
9960	0.7379
9970	0.7376
9980	0.7351
9990	0.7317
10000	0.7307
10010	0.7352
10020	0.732
10030	0.7233
10040	0.71
10050	0.6779
10060	0.7078
10070	0.7208
10080	0.7203
10090	0.7199
10100	0.7188
10110	0.7167
10120	0.7141
10130	0.7141
10140	0.7091
10150	0.705
10160	0.7023
10170	0.7045
10180	0.6999
10190	0.6914
10200	0.6972
10210	0.6951
10220	0.692
10230	0.7
10240	0.6976
10250	0.6971
10260	0.6957
10270	0.6939
10280	0.693
10290	0.6853
10300	0.6876
10310	0.6859
10320	0.6831
10330	0.673
10340	0.6728
10350	0.6749
10360	0.6791
10370	0.6678
10380	0.671
10390	0.671
10400	0.6684
10410	0.6716
10420	0.667
10430	0.6652
10440	0.6679
10450	0.6592
10460	0.6523
10470	0.6586
10480	0.6627
10490	0.6608
10500	0.6583
10510	0.658
10520	0.6559
10530	0.6514
10540	0.6536
10550	0.6549
10560	0.6536
10570	0.6524
10580	0.6372
10590	0.6389
10600	0.6384
10610	0.6382
10620	0.6426
10630	0.637
10640	0.6442
10650	0.6419
10660	0.6274
10670	0.6361
10680	0.624
10690	0.6036
10700	0.6262
10710	0.6297
10720	0.6272
10730	0.6168
10740	0.6265
10750	0.6132
10760	0.6271
10770	0.627
10780	0.6177
10790	0.6143
10800	0.6229
10810	0.6057
10820	0.6003
10830	0.5994
10840	0.614
10850	0.6176
10860	0.61
10870	0.5893
10880	0.6024
10890	0.6015
10900	0.6095
10910	0.6065
10920	0.6009
10930	0.5811
10940	0.5568
10950	0.5835
10960	0.583
10970	0.5839
10980	0.5759
10990	0.5892
11000	0.5927
11010	0.5848
11020	0.5772
11030	0.5885
11040	0.5865
11050	0.5863
11060	0.5845
11070	0.5824
11080	0.5827
11090	0.5821
11100	0.5823
11110	0.5778
11120	0.5739
11130	0.5725
11140	0.5775
11150	0.5728
11160	0.5732
11170	0.5757
11180	0.5703
11190	0.5625
11200	0.5626
11210	0.5663
11220	0.5685
11230	0.5676
11240	0.5636
11250	0.5481
11260	0.5535
11270	0.558
11280	0.5558
11290	0.5497
11300	0.5508
11310	0.5536
11320	0.5538
11330	0.5447
11340	0.5501
11350	0.5503
11360	0.551
11370	0.5454
11380	0.5383
11390	0.5402
11400	0.5359
11410	0.5367
11420	0.5388
11430	0.5401
11440	0.5351
11450	0.5395
11460	0.5433
11470	0.5418
11480	0.5383
11490	0.5373
11500	0.5358
11510	0.5354
11520	0.5311
11530	0.5341
11540	0.5351
11550	0.5321
11560	0.5304
11570	0.5305
11580	0.5291
11590	0.5169
11600	0.5182
11610	0.5084
11620	0.522
11630	0.5216
11640	0.5147
11650	0.5175
11660	0.5134
11670	0.5169
11680	0.5177
11690	0.5065
11700	0.516
11710	0.5175
11720	0.5161
11730	0.5156
11740	0.5132
11750	0.4988
11760	0.5072
11770	0.5071
11780	0.5012
11790	0.5085
11800	0.5097
11810	0.5061
11820	0.5
11830	0.4855
11840	0.4998
11850	0.5043
11860	0.5032
11870	0.5031
11880	0.4847
11890	0.4839
11900	0.498
11910	0.5011
11920	0.4986
11930	0.4981
11940	0.4972
11950	0.4911
11960	0.4916
11970	0.4795
11980	0.4742
11990	0.4691
12000	0.4886
12010	0.4907
12020	0.488
12030	0.4676
12040	0.4788
12050	0.4845
12060	0.4851
12070	0.4842
12080	0.4595
12090	0.4687
12100	0.4713
12110	0.473
12120	0.4787
12130	0.4781
12140	0.4782
12150	0.478
12160	0.4772
12170	0.4759
12180	0.4741
12190	0.4721
12200	0.4735
12210	0.4716
12220	0.4698
12230	0.4683
12240	0.4696
12250	0.4681
12260	0.466
12270	0.4567
12280	0.4642
12290	0.4651
12300	0.4626
12310	0.4611
12320	0.4589
12330	0.4598
12340	0.4574
12350	0.4569
12360	0.4583
12370	0.4577
12380	0.4567
12390	0.451
12400	0.4519
12410	0.4538
12420	0.4492
12430	0.4453
12440	0.4497
12450	0.4509
12460	0.4481
12470	0.4475
12480	0.4493
12490	0.4488
12500	0.4473
12510	0.4441
12520	0.441
12530	0.4432
12540	0.4433
12550	0.4421
12560	0.4404
12570	0.4402
12580	0.4398
12590	0.4408
12600	0.441
12610	0.4385
12620	0.4375
12630	0.4391
12640	0.4349
12650	0.4357
12660	0.4365
12670	0.4322
12680	0.4292
12690	0.4337
12700	0.4352
12710	0.4341
12720	0.433
12730	0.431
12740	0.4293
12750	0.431
12760	0.4309
12770	0.4298
12780	0.4279
12790	0.4245
12800	0.4191
12810	0.3958
12820	0.3749
12830	0.4051
12840	0.4164
12850	0.4182
12860	0.4199
12870	0.4208
12880	0.4192
12890	0.4192
12900	0.4139
12910	0.4172
12920	0.419
12930	0.4166
12940	0.4157
12950	0.4174
12960	0.4175
12970	0.4138
12980	0.4133
12990	0.4154
13000	0.4138
13010	0.4113
13020	0.4094
13030	0.4063
13040	0.4076
13050	0.4098
13060	0.4096
13070	0.4073
13080	0.4068
13090	0.4065
13100	0.4039
13110	0.4037
13120	0.3928
13130	0.3962
13140	0.3996
13150	0.3878
13160	0.3971
13170	0.3989
13180	0.3972
13190	0.4
13200	0.398
13210	0.3957
13220	0.3965
13230	0.3961
13240	0.3964
13250	0.3946
13260	0.3923
13270	0.3919
13280	0.3883
13290	0.3836
13300	0.3893
13310	0.3883
13320	0.384
13330	0.3901
13340	0.3905
13350	0.388
13360	0.3886
13370	0.387
13380	0.3847
13390	0.3789
13400	0.383
13410	0.3837
13420	0.3834
13430	0.383
13440	0.384
13450	0.382
13460	0.3803
13470	0.3811
13480	0.3809
13490	0.378
13500	0.3751
13510	0.3777
13520	0.3791
13530	0.3775
13540	0.3753
13550	0.3716
13560	0.3699
13570	0.3704
13580	0.3732
13590	0.3696
13600	0.3699
13610	0.3728
13620	0.3688
13630	0.367
13640	0.3685
13650	0.3694
13660	0.3671
13670	0.3659
13680	0.3645
13690	0.3621
13700	0.3619
13710	0.3626
13720	0.3656
13730	0.3654
13740	0.3622
13750	0.3593
13760	0.3577
13770	0.3607
13780	0.3612
13790	0.3619
13800	0.3604
13810	0.3592
13820	0.3562
13830	0.3577
13840	0.3583
13850	0.3564
13860	0.3565
13870	0.3558
13880	0.357
13890	0.355
13900	0.3529
13910	0.3553
13920	0.3541
13930	0.3528
13940	0.3511
13950	0.3505
13960	0.3518
13970	0.3521
13980	0.3516
13990	0.3478
14000	0.3429
14010	0.3455
14020	0.3473
14030	0.3447
14040	0.3449
14050	0.3455
14060	0.3447
14070	0.3446
14080	0.3446
14090	0.3452
14100	0.3435
14110	0.3364
14120	0.3365
14130	0.3384
14140	0.3398
14150	0.3409
14160	0.3387
14170	0.3408
14180	0.3393
14190	0.3368
14200	0.3368
14210	0.3336
14220	0.3311
14230	0.3318
14240	0.332
14250	0.3301
14260	0.328
14270	0.3293
14280	0.3303
14290	0.3247
14300	0.3287
14310	0.3291
14320	0.3341
14330	0.3308
14340	0.3301
14350	0.331
14360	0.3303
14370	0.3307
14380	0.3304
14390	0.3272
14400	0.3142
14410	0.3225
14420	0.3184
14430	0.3218
14440	0.3206
14450	0.3248
14460	0.3222
14470	0.3223
14480	0.3242
14490	0.3231
14500	0.3188
14510	0.3154
14520	0.3186
14530	0.318
14540	0.3145
14550	0.3141
14560	0.3151
14570	0.3171
14580	0.3197
14590	0.3184
14600	0.3165
14610	0.3154
14620	0.3127
14630	0.3114
14640	0.3134
14650	0.3113
14660	0.3135
14670	0.3129
14680	0.3116
14690	0.3135
14700	0.3083
14710	0.308
14720	0.3067
14730	0.3033
14740	0.3028
14750	0.3036
14760	0.3049
14770	0.3034
14780	0.3035
14790	0.3075
14800	0.3055
14810	0.3044
14820	0.3038
14830	0.3012
14840	0.3054
14850	0.306
14860	0.3021
14870	0.2896
14880	0.2793
14890	0.3008
14900	0.3026
14910	0.3013
14920	0.3011
14930	0.3028
14940	0.3032
14950	0.298
14960	0.2938
14970	0.2974
14980	0.2975
14990	0.2976
15000	0.2993
15010	0.2975
15020	0.2825
15030	0.2783
15040	0.2745
15050	0.2742
15060	0.2871
15070	0.2916
15080	0.2869
15090	0.291
15100	0.2938
15110	0.2926
15120	0.2872
15130	0.2865
15140	0.2868
15150	0.2882
15160	0.2857
15170	0.2871
15180	0.2874
15190	0.2867
15200	0.2852
15210	0.2813
15220	0.2812
15230	0.2838
15240	0.2815
15250	0.2823
15260	0.2843
15270	0.2843
15280	0.2836
15290	0.2755
15300	0.2735
15310	0.2812
15320	0.28
15330	0.2773
15340	0.2748
15350	0.278
15360	0.2792
15370	0.2767
15380	0.2738
15390	0.2719
15400	0.2694
15410	0.2725
15420	0.2732
15430	0.2748
15440	0.2754
15450	0.2758
15460	0.274
15470	0.2681
15480	0.2679
15490	0.2691
15500	0.2678
15510	0.2704
15520	0.2708
15530	0.266
15540	0.2645
15550	0.2644
15560	0.2646
15570	0.2674
15580	0.266
15590	0.2645
15600	0.2664
15610	0.2681
15620	0.2661
15630	0.2633
15640	0.2648
15650	0.2641
15660	0.2612
15670	0.2612
15680	0.259
15690	0.2595
15700	0.262
15710	0.2641
15720	0.2623
15730	0.261
15740	0.2523
15750	0.2498
15760	0.2475
15770	0.2417
15780	0.2546
15790	0.2587
15800	0.26
15810	0.256
15820	0.2502
15830	0.2521
15840	0.2535
15850	0.2555
15860	0.2533
15870	0.249
15880	0.2395
15890	0.2318
15900	0.2379
15910	0.2433
15920	0.2521
15930	0.2543
15940	0.2551
15950	0.2508
15960	0.2439
15970	0.2515
15980	0.2528
15990	0.2499
16000	0.2477
16010	0.2449
16020	0.2466
16030	0.2475
16040	0.2457
16050	0.2454
16060	0.2427
16070	0.2448
16080	0.2459
16090	0.2385
16100	0.2336
16110	0.238
16120	0.24
16130	0.2415
16140	0.2409
16150	0.2352
16160	0.2317
16170	0.2371
16180	0.2402
16190	0.2372
16200	0.2306
16210	0.2337
16220	0.2374
16230	0.2407
16240	0.2387
16250	0.2377
16260	0.2386
16270	0.24
16280	0.2401
16290	0.2373
16300	0.2363
16310	0.2366
16320	0.2353
16330	0.2315
16340	0.2326
16350	0.234
16360	0.229
16370	0.2251
16380	0.2197
16390	0.2207
16400	0.2212
16410	0.22
16420	0.2224
16430	0.2235
16440	0.2217
16450	0.2234
16460	0.2255
16470	0.2256
16480	0.2239
16490	0.223
16500	0.2236
16510	0.2232
16520	0.2242
16530	0.2243
16540	0.2237
16550	0.2241
16560	0.2251
16570	0.2246
16580	0.2237
16590	0.223
16600	0.2248
16610	0.2247
16620	0.2229
16630	0.2218
16640	0.2213
16650	0.2194
16660	0.2187
16670	0.2174
16680	0.2152
16690	0.2183
16700	0.219
16710	0.2149
16720	0.2105
16730	0.2144
16740	0.2142
16750	0.21
16760	0.2104
16770	0.212
16780	0.2103
16790	0.2063
16800	0.199
16810	0.1971
16820	0.2024
16830	0.2069
16840	0.2092
16850	0.2093
16860	0.2089
16870	0.2089
16880	0.2086
16890	0.2065
16900	0.2088
16910	0.21
16920	0.2102
16930	0.2098
16940	0.2093
16950	0.2088
16960	0.2081
16970	0.2078
16980	0.2076
16990	0.206
17000	0.2043
17020	0.2026
17050	0.2028
17100	0.1981
17150	0.1993
17200	0.1959
17250	0.1933
17300	0.1911
17350	0.1814
17400	0.1848
17450	0.1857
17500	0.1843
17550	0.1842
17600	0.1816
17650	0.1797
17700	0.1783
17750	0.1758
17800	0.1735
17850	0.1726
17900	0.1721
17950	0.1701
18000	0.1682
18050	0.1668
18100	0.1654
18150	0.1583
18200	0.1555
18250	0.1599
18300	0.1592
18350	0.1576
18400	0.1555
18450	0.153
18500	0.1533
18550	0.152
18600	0.15
18650	0.1479
18700	0.1455
18750	0.1348
18800	0.1424
18850	0.1431
18900	0.1409
18950	0.1378
19000	0.1388
19050	0.1381
19100	0.1366
19150	0.1357
19200	0.1341
19250	0.1334
19300	0.1303
19350	0.1302
19400	0.1272
19450	0.1203
19500	0.1246
19550	0.1267
19600	0.1251
19650	0.123
19700	0.1225
19750	0.1204
19800	0.1191
19850	0.1183
19900	0.1182
19950	0.1162
20000	0.1159
20050	0.1147
20100	0.1144
20150	0.1134
20200	0.1114
20250	0.1108
20300	0.1091
20350	0.1081
20400	0.1076
20450	0.1077
20500	0.1064
20550	0.1053
20600	0.1037
20650	0.1029
20700	0.1023
20750	0.1022
20800	0.1006
20850	0.09972
20900	0.09874
20950	0.09729
21000	0.09745
21050	0.09684
21100	0.09573
21150	0.09489
21200	0.0937
21250	0.09285
21300	0.09277
21350	0.09165
21400	0.09141
21450	0.09059
21500	0.09007
21550	0.08921
21600	0.08778
21650	0.0827
21700	0.08508
21750	0.08562
21800	0.08491
21850	0.08458
21900	0.08358
21950	0.08337
22000	0.08258
22050	0.08068
22100	0.08048
22150	0.08019
22200	0.07969
22250	0.07868
22300	0.07827
22350	0.07761
22400	0.07656
22450	0.07616
22500	0.07541
22550	0.07456
22600	0.07414
22650	0.07347
22700	0.07318
22750	0.07264
22800	0.07142
22850	0.07103
22900	0.07064
22950	0.06909
23000	0.06918
23050	0.06897
23100	0.06843
23150	0.0676
23200	0.06671
23250	0.06534
23300	0.06561
23350	0.06509
23400	0.06487
23450	0.06461
23500	0.06351
23550	0.0622
23600	0.06246
23650	0.0623
23700	0.06157
23750	0.06089
23800	0.06055
23850	0.05856
23900	0.05906
23950	0.05884
24000	0.05847
24050	0.05813
24100	0.05769
24150	0.05596
24200	0.05622
24250	0.05602
24300	0.0558
24350	0.05515
24400	0.05501
24450	0.05429
24500	0.05337
24550	0.05297
24600	0.05311
24650	0.05299
24700	0.05217
24750	0.05207
24800	0.051
24850	0.05065
24900	0.05079
24950	0.0505
25000	0.05034
25050	0.04997
25100	0.04919
25150	0.04894
25200	0.04881
25250	0.04856
25300	0.04826
25350	0.04779
25400	0.047
25450	0.04685
25500	0.04657
25550	0.04619
25600	0.04587
25650	0.04556
25700	0.04535
25750	0.04527
25800	0.04473
25850	0.04365
25900	0.04405
25950	0.04376
26000	0.04354
26050	0.04334
26100	0.04297
26150	0.04257
26200	0.04179
26250	0.03984
26300	0.04101
26350	0.04141
26400	0.04059
26450	0.04071
26500	0.04055
26550	0.04003
26600	0.03996
26650	0.03917
26700	0.03943
26750	0.03907
26800	0.03899
26850	0.03883
26900	0.03854
26950	0.03823
27000	0.03806
27050	0.03776
27100	0.03745
27150	0.03726
27200	0.037
27250	0.03669
27300	0.0365
27350	0.03629
27400	0.03597
27450	0.03584
27500	0.03554
27550	0.03502
27600	0.0346
27650	0.03465
27700	0.03456
27750	0.03425
27800	0.03409
27850	0.03387
27900	0.03376
27950	0.03353
28000	0.03325
28050	0.03302
28100	0.03287
28150	0.03263
28200	0.03242
28250	0.03218
28300	0.032
28350	0.03182
28400	0.03148
28450	0.03133
28500	0.03111
28550	0.03093
28600	0.03074
28650	0.03047
28700	0.02994
28750	0.02977
28800	0.02988
28850	0.02973
28900	0.02953
28950	0.02938
29000	0.02918
29050	0.02899
29100	0.02883
29150	0.02862
29200	0.02843
29250	0.02813
29300	0.02803
29350	0.0279
29400	0.0277
29450	0.02747
29500	0.02733
29550	0.02719
29600	0.02704
29650	0.02689
29700	0.02671
29750	0.02655
29800	0.02635
29850	0.0262
29900	0.02601
29950	0.02581
30000	0.0256
30050	0.02555
30100	0.02539
30150	0.02522
30200	0.02505
30250	0.02489
30300	0.02469
30350	0.02432
30400	0.02393
30450	0.02415
30500	0.02414
30550	0.02397
30600	0.02383
30650	0.02362
30700	0.02351
30750	0.02343
30800	0.02324
30850	0.02306
30900	0.02296
30950	0.02282
31000	0.02266
31050	0.02258
31100	0.0224
31150	0.02201
31200	0.02208
31250	0.02201
31300	0.02188
31350	0.02177
31400	0.02163
31450	0.0215
31500	0.02125
31550	0.02119
31600	0.02112
31650	0.02095
31700	0.02079
31750	0.02075
31800	0.02058
31850	0.02049
31900	0.02039
31950	0.02027
32000	0.02008
32050	0.02001
32100	0.01991
32150	0.01975
32200	0.01967
32250	0.01954
32300	0.01943
32350	0.01929
32400	0.01916
32450	0.01904
32500	0.019
32550	0.01886
32600	0.01874
32650	0.01863
32700	0.01854
32750	0.01841
32800	0.01827
32850	0.01816
32900	0.018
32950	0.01763
33000	0.0176
33050	0.01774
33100	0.01768
33150	0.01751
33200	0.01721
33250	0.01732
33300	0.01729
33350	0.01718
33400	0.01706
33450	0.017
33500	0.01688
33550	0.01679
33600	0.01672
33650	0.01658
33700	0.01644
33750	0.0164
33800	0.01631
33850	0.01623
33900	0.01617
33950	0.01596
34000	0.01575
34050	0.01582
34100	0.01575
34150	0.01561
34200	0.01559
34250	0.0155
34300	0.01541
34350	0.01537
34400	0.01529
34450	0.0152
34500	0.01512
34550	0.01503
34600	0.01496
34650	0.01487
34700	0.01476
34750	0.01468
34800	0.01462
34850	0.01454
34900	0.01446
34950	0.01437
35000	0.01431
35050	0.01424
35100	0.01416
35150	0.01407
35200	0.01399
35250	0.01392
35300	0.01385
35350	0.01374
35400	0.01367
35450	0.01364
35500	0.01356
35550	0.01344
35600	0.01336
35650	0.01333
35700	0.01324
35750	0.01318
35800	0.01309
35850	0.01303
35900	0.01298
35950	0.0129
36000	0.01283
36050	0.01279
36100	0.01272
36150	0.01266
36200	0.0126
36250	0.01252
36300	0.01245
36350	0.01239
36400	0.01231
36450	0.01222
36500	0.01214
36550	0.01204
36600	0.01201
36650	0.01198
36700	0.0119
36750	0.01182
36800	0.01167
36850	0.01166
36900	0.01166
36950	0.01149
37000	0.01133
37050	0.01136
37100	0.01132
37150	0.0113
37200	0.01129
37250	0.01125
37300	0.01119
37350	0.01101
37400	0.01075
37450	0.01073
37500	0.01083
37550	0.01081
37600	0.0108
37650	0.01078
37700	0.01073
37750	0.01063
37800	0.01059
37850	0.01056
37900	0.01048
37950	0.01043
38000	0.01039
38050	0.01035
38100	0.01029
38150	0.01024
38200	0.01021
38250	0.01019
38300	0.01013
38350	0.01005
38400	0.01002
38450	0.009991
38500	0.009942
38550	0.009883
38600	0.009806
38650	0.009739
38700	0.009701
38750	0.009682
38800	0.009631
38850	0.009544
38900	0.009526
38950	0.009475
39000	0.009424
39050	0.009398
39100	0.009358
39150	0.009313
39200	0.009262
39250	0.009226
39300	0.009174
39350	0.009121
39400	0.009093
39450	0.00903
39500	0.008952
39550	0.008896
39600	0.008871
39650	0.008854
39700	0.008813
39750	0.008764
39800	0.008716
39850	0.008643
39900	0.008589
39950	0.008533
40000	0.0083
